 2097.67  2205.04  2175.01  2151.97  2106.97  2101.03  2140.46  2152.67  2343.46 
 2058.19  2095.06  2084.73  2065.76  2021.03  2098.92  2046.62  2114.07  2231.11 
 2101.72  2148.17  2156.20  2151.46  2135.09  2087.90  2136.37  2171.11  2312.87 
 2040.48  2110.62  2127.49  2125.51  2132.71  2074.14  2055.45  2119.95  2252.12 
 2124.28  2152.92  2139.69  2181.20  2143.59  2141.76  2125.39  2133.04  2302.76 
 2061.63  2064.81  2090.56  2148.63  2086.28  2076.86  2078.30  2087.84  2234.98 
 2133.43  2134.98  2137.35  2174.62  2167.32  2134.36  2127.29  2138.60  2327.57 
 2067.45  2116.52  2096.96  2075.09  2041.08  2096.01  2067.60  2100.05  2260.54 
 2116.39  2170.55  2106.27  2151.64  2107.72  2171.41  2140.52  2127.62  2317.73 
 2042.53  2094.39  2106.96  2089.00  2100.68  2119.53  2083.63  2073.12  2222.98 
 2109.99  2117.93  2132.41  2161.33  2128.40  2140.68  2146.58  2187.31  2265.63 
 2088.89  2104.25  2150.38  2084.22  2102.05  2077.01  2058.68  2102.00  2238.87 
 2122.28  2145.67  2142.46  2147.21  2143.42  2148.06  2098.58  2132.27  2258.71 
 2070.89  2074.07  2117.34  2103.12  2043.64  2071.71  2040.78  2101.14  2279.95 
 2120.06  2190.89  2117.26  2184.06  2130.94  2142.43  2134.91  2191.93  2234.44 
 2099.42  2099.11  2102.68  2122.20  2043.04  2100.43  2063.43  2145.77  2235.91 
 2128.16  2139.35  2141.18  2168.89  2128.85  2119.40  2115.25  2141.11  2301.22 
 2070.07  2096.72  2076.05  2122.01  2072.67  2094.33  2045.95  2108.30  2244.68 
 2100.13  2158.83  2141.79  2148.90  2172.24  2126.19  2124.18  2190.09  2315.17 
 2059.88  2138.71  2102.00  2136.36  2099.57  2129.37  2076.13  2095.86  2278.73 
 2094.90  2150.43  2157.03  2147.00  2130.28  2149.08  2113.29  2143.72  2314.61 
 2058.84  2105.08  2081.41  2090.61  2090.22  2102.04  2039.88  2108.03  2276.20 
 2128.61  2171.07  2150.84  2185.33  2142.50  2176.84  2127.77  2164.28  2296.56 
 2074.39  2081.87  2088.11  2133.57  2111.47  2080.39  2039.53  2069.88  2237.44 
 2128.57  2131.30  2133.99  2163.24  2139.12  2117.52  2125.33  2181.54  2324.41 
 2057.98  2138.48  2095.18  2120.64  2094.85  2102.17  2109.37  2103.70  2263.74 
 2127.09  2140.69  2124.71  2123.87  2141.16  2171.07  2123.27  2195.65  2303.68 
 2118.33  2061.74  2107.22  2141.13  2091.22  2128.66  2072.06  2091.76  2235.41 
 2101.41  2115.58  2149.43  2160.34  2116.82  2150.22  2107.95  2158.22  2291.88 
 2030.85  2094.82  2076.59  2093.33  2097.36  2090.36  2062.29  2075.81  2249.68 
 2122.99  2160.48  2148.77  2196.39  2127.72  2136.07  2132.41  2153.89  2313.76 
 2040.05  2102.39  2107.57  2116.80  2081.16  2084.24  2076.02  2084.70  2242.39 
 2140.13  2123.32  2124.43  2120.30  2162.02  2115.20  2110.58  2147.69  2322.01 
 2112.74  2113.54  2096.08  2097.43  2087.59  2049.02  2071.12  2077.21  2235.88 
 2118.11  2157.01  2161.42  2177.23  2150.92  2164.16  2116.99  2145.37  2314.88 
 2064.85  2065.77  2090.86  2065.52  2093.27  2040.99  2057.24  2115.99  2290.29 
 2107.56  2179.91  2117.53  2159.69  2163.37  2152.15  2105.41  2098.63  2288.82 
 2098.15  2110.69  2116.58  2069.93  2091.29  2085.20  2078.99  2101.18  2301.55 
 2103.72  2126.32  2157.30  2212.10  2136.08  2123.46  2136.88  2194.44  2265.89 
 2028.77  2116.99  2071.67  2101.04  2080.34  2091.50  2078.39  2114.99  2207.94 
 2104.85  2150.89  2132.70  2165.51  2100.46  2138.38  2113.49  2156.77  2300.68 
 2064.21  2098.05  2083.79  2101.80  2064.03  2147.60  2066.83  2114.61  2256.32 
 2152.46  2142.96  2151.26  2148.67  2112.97  2186.42  2083.92  2171.85  2306.13 
 2053.29  2106.10  2052.64  2105.34  2110.40  2075.84  2058.59  2130.52  2268.63 
 2109.31  2174.39  2161.54  2127.43  2124.23  2170.45  2136.64  2188.67  2325.75 
 2075.15  2102.03  2168.56  2123.53  2087.50  2102.15  2077.65  2091.48  2261.56 
 2119.35  2201.18  2166.16  2138.24  2132.39  2140.59  2120.27  2137.66  2293.51 
 2141.28  2101.44  2068.95  2110.99  2088.59  2098.50  2081.49  2097.23  2243.51 
 2115.25  2155.35  2171.98  2169.43  2130.07  2145.11  2134.51  2153.51  2320.97 
 2095.56  2108.93  2096.09  2108.33  2098.34  2103.37  2087.37  2097.35  2284.03 
 2144.89  2158.17  2137.83  2177.65  2097.51  2139.97  2082.32  2164.02  2338.68 
 2072.19  2111.10  2054.74  2099.99  2074.47  2065.37  2063.57  2120.45  2224.77 
 2144.60  2148.79  2163.90  2130.02  2144.47  2157.92  2103.13  2180.32  2259.67 
 2069.10  2111.26  2082.46  2104.51  2086.02  2133.08  2063.16  2141.64  2228.50 
 2083.98  2142.25  2155.19  2140.24  2105.24  2152.72  2101.68  2132.74  2274.18 
 2071.59  2079.55  2054.60  2101.86  2091.28  2102.86  2097.08  2072.55  2245.11 
 2134.41  2156.29  2143.72  2146.93  2146.96  2158.49  2135.18  2130.09  2274.59 
 2072.68  2111.54  2084.51  2115.62  2105.03  2109.69  2053.90  2123.00  2233.86 
 2092.14  2155.14  2142.97  2174.48  2109.15  2179.07  2132.82  2171.69  2316.03 
 2063.94  2105.28  2110.10  2089.09  2122.05  2101.17  2061.57  2091.84  2234.78 
 2097.51  2153.29  2136.73  2155.80  2125.99  2165.89  2104.24  2164.91  2290.97 
 2054.68  2110.01  2090.68  2114.70  2069.71  2092.29  2097.41  2094.65  2250.43 
 2095.35  2108.83  2125.23  2127.82  2135.49  2177.07  2131.83  2160.38  2284.34 
 2084.90  2144.71  2069.60  2097.98  2081.79  2095.36  2082.47  2078.36  2236.40 
 2089.69  2141.43  2131.26  2166.80  2097.77  2119.97  2113.65  2192.80  2321.99 
 2091.00  2089.39  2077.52  2134.83  2075.71  2086.73  2042.67  2100.91  2259.53 
 2101.54  2134.64  2109.64  2140.77  2131.24  2124.19  2131.45  2155.10  2315.24 
 2101.24  2103.59  2058.46  2120.03  2054.60  2120.21  2066.47  2133.69  2252.07 
 2095.39  2141.42  2145.87  2145.40  2128.19  2132.43  2143.52  2148.41  2301.83 
 2119.77  2068.67  2105.74  2108.80  2059.74  2088.28  2028.14  2106.83  2233.38 
 2137.19  2131.60  2134.14  2193.15  2107.39  2169.20  2139.07  2178.71  2322.93 
 2066.57  2081.30  2085.91  2101.43  2084.84  2112.40  2083.49  2120.89  2253.72 
 2128.57  2144.86  2195.73  2104.99  2160.16  2197.95  2131.05  2147.71  2328.87 
 2112.73  2100.84  2097.99  2087.91  2080.82  2090.78  2068.83  2155.15  2273.27 
 2090.01  2152.73  2128.47  2175.04  2151.16  2146.36  2088.20  2158.26  2293.26 
 2054.74  2101.48  2127.57  2107.33  2087.52  2097.20  2034.79  2088.18  2245.97 
 2115.34  2129.70  2163.16  2134.00  2130.07  2141.87  2141.53  2119.40  2294.80 
 2058.54  2066.14  2113.77  2102.25  2066.36  2118.31  2084.78  2126.12  2297.14 
 2148.16  2141.36  2187.98  2171.14  2130.53  2129.77  2130.10  2153.19  2279.12 
 2093.16  2136.65  2058.66  2152.58  2058.48  2114.37  2070.51  2077.20  2240.35 
 2143.22  2172.86  2153.56  2142.11  2139.05  2131.81  2088.96  2160.28  2295.23 
 2053.51  2118.24  2135.50  2123.40  2081.49  2099.40  2050.37  2107.72  2252.18 
 2149.21  2174.89  2126.41  2163.61  2157.29  2165.35  2119.53  2096.23  2292.20 
 2076.44  2076.40  2068.71  2109.77  2080.72  2074.44  2072.02  2108.74  2272.71 
 2099.73  2154.57  2136.16  2167.07  2162.79  2159.18  2124.02  2141.18  2324.28 
 2078.20  2154.94  2095.55  2096.16  2072.57  2090.07  2068.82  2116.47  2239.99 
 2164.84  2143.69  2133.64  2173.36  2099.49  2174.68  2162.41  2169.48  2273.23 
 2113.54  2086.80  2105.81  2102.49  2147.24  2103.56  2082.70  2115.55  2260.78 
 2105.67  2194.00  2140.73  2159.26  2080.18  2104.41  2145.32  2143.72  2328.34 
 2052.68  2119.09  2085.71  2105.22  2120.55  2083.75  2080.01  2114.83  2244.15 
 2107.36  2169.10  2148.15  2162.39  2110.63  2151.67  2145.24  2163.88  2320.15 
 2066.13  2113.45  2072.52  2100.58  2072.74  2095.49  2051.17  2114.94  2262.86 
 2136.69  2154.89  2145.73  2140.31  2161.97  2130.82  2154.11  2185.39  2298.79 
 2050.45  2132.93  2106.45  2133.62  2113.34  2137.64  2079.10  2099.79  2264.64 
 2112.72  2157.96  2136.62  2177.40  2141.82  2168.07  2094.82  2169.45  2303.93 
 2110.03  2091.90  2096.38  2092.39  2068.78  2109.87  2058.51  2124.44  2267.38 
 2122.31  2110.44  2121.45  2154.66  2123.66  2128.74  2100.24  2129.02  2319.47 
 2093.46  2088.50  2126.27  2160.74  2101.76  2098.02  2061.46  2086.78  2264.40 
 2123.53  2143.60  2131.54  2159.88  2145.50  2119.33  2111.89  2128.89  2339.64 
 2054.25  2115.38  2048.72  2092.44  2097.22  2100.32  2052.87  2108.30  2263.43 
 2126.49  2161.33  2137.94  2146.95  2126.33  2185.54  2122.79  2152.32  2294.38 
 2081.38  2128.74  2068.42  2124.59  2103.22  2134.92  2081.07  2103.77  2261.42 
 2100.30  2204.89  2168.97  2176.13  2173.40  2155.09  2126.57  2184.61  2283.66 
 2088.65  2092.77  2064.74  2100.98  2071.35  2027.62  2055.64  2091.95  2212.49 
 2118.56  2154.85  2149.27  2166.04  2155.40  2113.01  2115.61  2195.26  2294.67 
 2073.97  2103.20  2123.00  2080.19  2051.08  2082.77  2097.53  2084.39  2262.81 
 2098.31  2120.70  2146.32  2212.50  2121.93  2156.32  2136.22  2151.29  2294.45 
 2051.12  2095.65  2081.70  2145.99  2094.70  2096.12  2051.92  2082.75  2276.61 
 2127.64  2149.45  2145.38  2134.84  2132.27  2155.94  2164.46  2120.48  2284.68 
 2083.78  2093.67  2067.87  2117.56  2044.57  2148.30  2087.18  2072.10  2266.14 
 2166.13  2155.36  2148.41  2162.03  2115.87  2187.06  2103.40  2150.82  2328.23 
 2109.77  2108.25  2133.31  2136.49  2082.94  2115.20  2033.43  2092.74  2244.50 
 2121.52  2132.18  2127.39  2129.06  2098.61  2134.99  2123.54  2147.05  2297.84 
 2048.00  2091.55  2103.97  2091.26  2079.86  2071.33  2110.15  2107.52  2237.86 
 2186.92  2196.38  2148.86  2186.14  2116.90  2104.25  2135.69  2163.81  2314.11 
 2050.48  2160.09  2121.51  2096.00  2049.50  2101.67  2124.84  2108.86  2252.52 
 2106.10  2140.17  2144.00  2154.84  2114.07  2126.83  2157.53  2192.30  2310.72 
 2092.95  2111.70  2107.36  2130.17  2076.34  2142.04  2078.72  2132.06  2277.24 
 2121.57  2121.44  2137.14  2200.65  2134.19  2151.67  2152.41  2169.45  2300.92 
 2049.56  2090.28  2130.31  2099.78  2100.61  2076.85  2075.16  2058.23  2240.24 
 2116.70  2184.72  2130.70  2147.75  2096.13  2134.69  2128.24  2139.22  2330.61 
 2057.22  2109.97  2108.11  2122.08  2100.61  2111.23  2079.21  2116.25  2285.19 
 2107.41  2150.32  2132.34  2118.01  2109.50  2119.18  2080.78  2126.83  2320.05 
 2050.84  2090.82  2073.64  2121.64  2063.62  2134.70  2038.52  2110.48  2254.01 
 2108.10  2157.88  2089.90  2168.98  2152.41  2160.10  2147.82  2138.10  2301.22 
 2034.73  2109.23  2074.64  2133.12  2079.42  2090.78  2089.10  2108.74  2244.15 
 2108.44  2186.23  2149.62  2188.63  2109.53  2141.90  2116.17  2135.92  2319.96 
 2061.20  2092.70  2125.98  2109.88  2072.56  2110.12  2069.72  2102.16  2238.93 
 2094.29  2133.94  2123.74  2166.89  2150.48  2147.50  2155.54  2180.45  2306.15 
 2080.65  2096.06  2136.02  2064.45  2123.64  2090.58  2055.41  2062.85  2241.06 
 2126.03  2111.88  2127.04  2160.26  2128.08  2128.54  2120.67  2139.76  2325.05 
 2093.47  2069.28  2099.32  2083.06  2056.67  2117.61  2078.59  2057.20  2314.78 
 2125.45  2152.38  2148.78  2167.04  2159.51  2162.93  2162.26  2172.87  2328.39 
 2050.53  2157.10  2083.45  2143.55  2086.02  2101.30  2096.64  2102.99  2236.76 
 2121.74  2180.10  2151.95  2132.54  2123.59  2141.14  2129.95  2184.23  2302.00 
 2061.47  2071.92  2108.76  2088.89  2070.53  2085.90  2069.14  2116.70  2223.39 
 2081.39  2138.48  2165.02  2171.65  2125.30  2178.22  2132.66  2155.17  2307.69 
 2074.52  2108.20  2074.09  2155.28  2056.09  2090.95  2063.75  2122.33  2266.60 
 2106.01  2177.96  2163.73  2209.40  2120.12  2170.33  2091.05  2141.81  2288.90 
 2095.45  2096.78  2055.93  2052.71  2095.70  2132.19  2102.74  2097.91  2245.51 
 2096.14  2132.06  2153.75  2164.81  2163.21  2140.04  2116.50  2154.17  2302.81 
 2075.16  2104.16  2082.22  2112.00  2095.43  2139.15  2109.20  2104.00  2219.90 
 2133.94  2181.04  2192.82  2176.78  2179.80  2170.43  2122.57  2176.09  2314.84 
 2118.04  2106.81  2095.36  2078.88  2077.98  2059.75  2073.29  2089.39  2259.72 
 2087.54  2221.08  2166.32  2155.95  2148.42  2135.76  2118.43  2135.07  2275.65 
 2071.85  2135.43  2095.10  2075.97  2066.84  2102.51  2046.66  2100.03  2249.73 
 2105.64  2161.67  2137.35  2096.13  2100.97  2150.97  2093.94  2180.90  2264.98 
 2085.00  2066.91  2074.42  2118.71  2119.02  2164.46  2080.88  2130.46  2223.79 
 2144.45  2162.75  2145.70  2175.97  2144.29  2146.21  2159.58  2177.22  2270.70 
 2084.24  2101.23  2132.46  2087.40  2079.39  2083.60  2078.33  2124.91  2275.57 
 2101.55  2132.30  2140.23  2159.06  2134.87  2196.04  2107.36  2147.90  2294.12 
 2073.45  2108.11  2046.28  2120.76  2068.04  2111.39  2059.94  2066.28  2274.95 
 2178.89  2145.57  2154.41  2163.17  2117.01  2163.21  2111.64  2161.66  2326.93 
 2083.03  2093.37  2090.98  2122.69  2104.40  2116.97  2062.25  2104.26  2235.70 
 2114.86  2145.02  2126.20  2179.85  2113.67  2126.76  2163.78  2168.71  2332.56 
 2036.45  2103.14  2092.22  2104.53  2079.56  2081.20  2097.54  2141.92  2230.58 
 2154.29  2146.21  2143.81  2193.64  2149.23  2153.07  2119.35  2198.59  2296.21 
 2063.42  2119.26  2121.30  2123.12  2098.74  2079.91  2085.16  2099.51  2295.00 
 2118.93  2145.26  2120.06  2134.87  2086.49  2130.52  2098.91  2209.12  2302.70 
 2067.36  2118.69  2105.61  2085.06  2106.81  2102.02  2066.48  2073.11  2247.80 
 2112.95  2131.84  2165.53  2158.62  2140.93  2144.34  2081.41  2171.32  2274.72 
 2087.67  2120.91  2077.45  2121.68  2086.16  2085.98  2088.05  2115.84  2272.77 
 2088.26  2154.33  2158.11  2172.86  2132.92  2144.88  2145.50  2143.89  2299.87 
 2024.23  2105.85  2113.97  2106.71  2067.40  2102.08  2039.76  2105.99  2243.76 
 2117.09  2168.77  2117.78  2150.36  2141.90  2151.86  2119.34  2158.35  2316.79 
 2098.18  2120.84  2101.02  2149.40  2091.26  2104.63  2086.05  2097.57  2236.70 
 2109.68  2106.63  2114.98  2190.20  2116.00  2126.41  2125.78  2166.72  2268.11 
 2058.77  2124.74  2073.39  2152.75  2086.08  2127.24  2018.04  2107.99  2274.70 
 2132.64  2139.53  2161.72  2158.25  2140.32  2148.95  2142.37  2155.22  2338.04 
 2055.49  2113.40  2134.79  2137.97  2116.69  2095.59  2080.84  2125.34  2229.56 
 2109.14  2133.57  2125.92  2173.96  2118.65  2147.11  2106.84  2168.60  2257.41 
 2078.05  2093.95  2076.17  2143.53  2084.74  2136.37  2090.18  2110.11  2290.15 
 2119.39  2160.59  2111.47  2126.06  2117.48  2145.09  2110.97  2150.32  2308.84 
 2055.40  2110.72  2108.26  2118.05  2093.19  2124.12  2076.06  2130.38  2263.71 
 2103.78  2151.91  2148.55  2180.19  2124.01  2133.27  2086.70  2194.19  2309.56 
 2103.79  2128.64  2106.47  2123.91  2035.81  2108.98  2094.82  2118.93  2245.62 
 2139.36  2175.08  2188.67  2176.02  2159.45  2149.35  2112.66  2173.84  2293.09 
 2092.61  2145.79  2108.47  2081.53  2077.13  2093.49  2090.00  2095.41  2252.09 
 2109.23  2168.97  2145.98  2198.03  2106.86  2160.00  2132.47  2176.64  2308.55 
 2068.20  2083.56  2090.68  2126.04  2108.35  2141.27  2069.06  2075.70  2281.26 
 2098.86  2147.56  2164.47  2176.27  2140.08  2157.57  2099.23  2160.41  2261.07 
 2104.64  2088.96  2110.75  2148.84  2071.10  2098.81  2061.19  2096.30  2283.00 
 2083.14  2137.82  2153.19  2156.86  2157.62  2161.57  2102.70  2166.39  2302.50 
 2073.76  2095.08  2061.13  2059.86  2075.33  2114.80  2072.18  2149.34  2217.05 
 2098.31  2140.32  2192.92  2161.43  2125.32  2115.45  2133.54  2201.04  2279.12 
 2068.01  2101.77  2111.02  2093.91  2082.53  2097.40  2064.26  2102.03  2266.49 
 2099.55  2134.62  2163.74  2150.96  2127.72  2129.68  2107.27  2148.09  2286.60 
 2038.82  2090.97  2096.66  2091.03  2081.00  2085.85  2047.64  2096.38  2223.52 
 2124.25  2134.43  2137.02  2131.06  2147.86  2184.86  2121.35  2185.33  2316.44 
 2093.98  2098.57  2090.19  2119.13  2077.49  2088.18  2080.84  2080.14  2252.00 
 2103.45  2161.06  2123.68  2140.13  2143.58  2129.78  2134.91  2148.60  2317.72 
 2068.07  2112.13  2092.74  2102.07  2074.91  2104.53  2066.59  2111.08  2237.45 
 2141.25  2163.00  2161.79  2141.16  2157.23  2125.71  2116.23  2148.37  2259.28 
 2086.74  2101.97  2114.38  2088.16  2115.64  2094.57  2052.24  2119.11  2265.54 
 2134.12  2145.84  2143.93  2167.07  2137.50  2142.76  2112.43  2155.44  2286.28 
 2047.65  2117.23  2104.28  2103.74  2104.77  2110.22  2094.92  2079.93  2256.33 
 2112.18  2171.73  2132.97  2161.65  2106.60  2182.52  2122.51  2181.05  2284.85 
 2073.59  2103.68  2077.30  2119.00  2065.35  2094.72  2052.31  2076.02  2240.49 
 2087.26  2120.49  2158.29  2167.09  2172.62  2128.56  2131.60  2171.44  2355.57 
 2066.97  2100.53  2102.17  2135.24  2047.45  2105.37  2015.64  2100.77  2237.47 
 2154.80  2169.72  2148.31  2153.67  2146.25  2120.33  2098.62  2133.55  2301.32 
 2089.03  2095.16  2097.95  2124.76  2040.39  2078.73  2088.38  2128.26  2223.33 
 2148.93  2175.57  2121.61  2169.47  2150.70  2147.32  2148.50  2152.75  2284.33 
 2096.55  2101.56  2057.12  2095.17  2048.88  2108.57  2078.95  2097.66  2263.74 
 2119.26  2105.13  2125.19  2134.57  2162.64  2159.05  2128.83  2168.96  2301.14 
 2057.88  2130.23  2102.33  2124.62  2112.72  2126.69  2082.41  2105.57  2219.54 
 2131.93  2140.93  2161.97  2146.45  2111.95  2167.37  2108.68  2172.18  2269.73 
 2061.71  2117.59  2092.47  2120.04  2106.98  2071.75  2093.49  2097.75  2259.17 
 2110.67  2195.72  2141.36  2167.61  2111.78  2153.26  2127.81  2161.57  2357.17 
 2086.30  2117.55  2121.71  2135.62  2065.64  2055.17  2113.88  2123.65  2274.21 
 2123.19  2149.67  2165.54  2132.36  2146.76  2158.82  2114.61  2181.12  2286.58 
 2083.03  2108.97  2103.76  2085.67  2111.57  2124.74  2071.27  2084.20  2277.28 
 2126.66  2135.43  2149.11  2193.70  2150.70  2200.82  2146.29  2147.26  2305.90 
 2098.44  2103.38  2061.30  2144.64  2067.11  2118.60  2055.18  2129.45  2270.81 
 2098.91  2155.18  2138.36  2132.84  2117.53  2168.85  2102.09  2154.80  2277.36 
 2059.80  2111.61  2074.19  2125.45  2118.14  2091.54  2054.29  2105.62  2254.35 
 2094.36  2131.38  2185.49  2171.94  2123.99  2130.03  2098.51  2177.55  2300.31 
 2061.81  2117.43  2062.86  2097.22  2067.69  2098.34  2078.15  2135.54  2253.43 
 2135.72  2193.26  2149.92  2197.92  2161.59  2116.87  2143.21  2145.09  2289.35 
 2047.68  2098.21  2127.25  2101.34  2083.93  2079.13  2070.15  2125.52  2247.66 
 2145.50  2152.23  2126.54  2153.67  2180.83  2154.74  2100.21  2140.12  2286.66 
 2112.15  2123.86  2109.12  2105.53  2079.89  2133.64  2057.59  2100.03  2242.38 
 2102.90  2158.71  2144.99  2138.84  2137.25  2191.34  2125.11  2169.10  2337.99 
 2047.62  2089.85  2080.72  2075.69  2095.37  2101.35  2088.60  2089.90  2281.52 
 2139.87  2164.90  2190.47  2140.51  2143.74  2131.31  2103.60  2159.86  2305.75 
 2074.54  2116.30  2098.15  2104.41  2051.46  2063.02  2034.66  2098.47  2265.93 
 2075.98  2152.11  2163.61  2163.17  2139.06  2134.65  2095.41  2190.72  2303.95 
 2067.12  2071.80  2078.87  2159.14  2101.65  2099.36  2075.46  2117.15  2257.04 
 2093.59  2139.83  2132.05  2151.49  2129.73  2151.63  2084.13  2163.53  2298.24 
 2057.68  2138.77  2113.81  2116.72  2071.67  2132.16  2067.93  2119.68  2222.46 
 2123.18  2129.96  2110.97  2199.71  2116.87  2172.89  2053.98  2163.97  2289.73 
 2052.37  2095.14  2133.38  2102.55  2069.23  2082.79  2049.37  2115.46  2272.91 
 2101.31  2158.02  2126.00  2151.88  2107.07  2118.37  2153.49  2181.43  2315.51 
 2063.30  2113.92  2122.79  2102.07  2092.91  2087.25  2107.22  2106.60  2242.00 
 2162.72  2185.44  2116.58  2160.81  2170.86  2113.01  2117.23  2190.20  2256.65 
 2042.74  2069.57  2094.96  2123.08  2097.34  2081.61  2081.39  2150.72  2237.79 
 2116.70  2136.12  2156.79  2166.49  2122.02  2162.84  2085.36  2126.06  2302.01 
 2097.90  2082.26  2135.26  2118.71  2079.47  2107.77  2096.74  2102.59  2249.63 
 2128.28  2150.16  2214.22  2145.12  2151.31  2146.84  2122.66  2176.63  2341.03 
 2078.17  2088.92  2115.27  2128.88  2091.58  2149.54  2089.99  2099.92  2263.95 
 2135.00  2124.32  2160.02  2165.69  2110.63  2168.92  2105.12  2115.59  2304.98 
 2066.36  2127.66  2068.99  2078.48  2098.78  2099.20  2038.71  2100.43  2250.03 
 2134.79  2199.10  2152.93  2154.49  2128.89  2202.52  2160.39  2133.65  2304.45 
 2060.97  2108.70  2103.49  2088.57  2080.90  2108.92  2059.03  2112.61  2249.93 
 2087.88  2122.10  2129.66  2153.09  2127.20  2129.75  2147.40  2190.07  2283.10 
 2049.57  2100.57  2077.85  2098.72  2084.00  2129.34  2042.15  2127.90  2271.16 
 2156.37  2149.64  2137.03  2153.09  2096.36  2127.61  2148.96  2180.74  2292.78 
 2144.44  2089.57  2131.06  2150.75  2063.30  2094.06  2092.95  2098.39  2255.94 
 2105.70  2151.72  2112.42  2187.34  2147.97  2141.09  2113.04  2142.49  2304.26 
 2056.20  2131.61  2146.83  2116.63  2090.63  2067.01  2069.16  2105.17  2265.31 
 2122.28  2140.11  2116.45  2128.08  2126.47  2179.65  2165.97  2187.97  2272.74 
 2075.46  2076.53  2083.88  2103.72  2098.26  2066.69  2048.21  2100.78  2259.83 
 2141.74  2165.16  2134.18  2175.14  2120.48  2172.52  2103.09  2149.73  2316.38 
 2062.02  2124.63  2056.82  2080.60  2102.46  2108.31  2100.89  2098.18  2263.88 
 2160.74  2147.44  2140.72  2177.36  2094.18  2154.43  2142.94  2131.19  2280.75 
 2053.68  2112.08  2135.27  2097.67  2087.28  2056.30  2033.68  2073.74  2224.34 
 2124.78  2156.32  2118.40  2122.50  2120.91  2114.07  2094.44  2163.51  2255.51 
 2078.02  2106.25  2054.12  2097.68  2094.94  2067.23  2078.87  2143.60  2224.68 
 2094.78  2198.13  2132.74  2160.03  2098.78  2128.86  2113.80  2174.01  2278.66 
 2129.32  2120.60  2075.27  2124.49  2047.36  2127.50  2068.55  2093.09  2263.76 
 2138.72  2167.04  2122.77  2156.64  2140.81  2148.96  2114.03  2123.05  2314.53 
 2006.10  2110.21  2074.99  2082.29  2068.64  2076.56  2047.47  2112.65  2251.64 
 2138.22  2136.07  2130.82  2138.62  2146.65  2178.44  2146.69  2155.84  2256.31 
 2062.76  2098.32  2108.36  2156.89  2098.52  2143.95  2075.15  2100.44  2249.53 
 2089.51  2174.93  2122.18  2152.48  2163.69  2133.72  2127.84  2128.38  2284.39 
 2094.58  2102.50  2131.05  2083.76  2099.49  2096.24  2040.48  2087.39  2227.23 
 2090.21  2138.23  2120.80  2155.05  2170.28  2147.85  2104.65  2155.91  2306.72 
 2069.25  2101.47  2116.86  2092.87  2092.84  2114.90  2059.76  2102.00  2233.01 
 2076.29  2171.97  2206.41  2181.79  2125.39  2148.70  2095.05  2177.58  2297.99 
 2083.26  2089.81  2102.51  2084.35  2074.80  2098.33  2056.94  2108.92  2246.25 
 2092.57  2142.25  2124.40  2151.04  2141.10  2137.72  2139.24  2133.31  2289.69 
 2042.48  2121.99  2091.31  2117.28  2112.18  2135.60  2066.36  2092.80  2251.95 
 2105.86  2173.84  2144.31  2178.68  2104.06  2126.39  2140.77  2150.51  2309.08 
 2047.18  2115.13  2062.90  2087.63  2112.27  2093.95  2078.99  2127.40  2271.22 
 2130.97  2150.79  2107.50  2173.69  2134.46  2161.64  2122.91  2121.14  2300.84 
 2083.47  2082.13  2093.14  2110.68  2073.94  2089.68  2045.11  2124.34  2251.99 
 2148.82  2188.62  2161.74  2150.52  2167.08  2133.22  2137.64  2110.43  2292.40 
 2074.75  2095.01  2135.65  2124.16  2058.39  2110.24  2078.43  2119.85  2290.32 
 2138.30  2173.06  2125.52  2143.95  2119.30  2163.98  2156.76  2140.72  2285.71 
 2088.13  2068.07  2076.20  2113.94  2075.28  2072.48  2077.05  2088.00  2248.43 
 2134.99  2211.16  2173.49  2170.02  2109.85  2152.71  2117.30  2153.34  2322.68 
 2052.33  2107.51  2115.27  2114.10  2139.57  2112.99  2087.22  2107.84  2246.09 
 2097.92  2169.95  2149.45  2190.84  2146.68  2149.00  2106.75  2121.49  2284.36 
 2048.88  2112.99  2099.87  2122.95  2069.34  2075.11  2103.63  2110.97  2231.69 
 2082.70  2142.07  2173.97  2153.01  2127.64  2130.49  2111.10  2150.42  2306.34 
 2106.57  2115.71  2087.47  2121.39  2084.29  2120.68  2109.67  2129.82  2259.10 
 2113.85  2214.11  2137.13  2150.39  2115.72  2157.30  2081.48  2140.76  2282.40 
 2088.45  2126.01  2124.57  2102.89  2053.39  2123.87  2074.24  2089.06  2279.57 
 2142.06  2114.11  2139.89  2150.40  2103.00  2181.49  2117.25  2101.77  2269.68 
 2048.04  2104.98  2129.48  2095.43  2102.43  2064.16  2068.29  2124.10  2239.31 
 2105.61  2149.57  2156.87  2131.73  2110.93  2124.87  2094.74  2158.41  2305.43 
 2064.42  2079.89  2089.11  2091.49  2073.14  2074.98  2126.09  2126.56  2257.42 
 2085.39  2144.67  2152.87  2171.97  2126.67  2139.38  2110.88  2122.04  2314.45 
 2066.83  2101.47  2074.86  2113.89  2094.27  2052.17  2046.23  2102.08  2246.03 
 2117.66  2126.59  2124.39  2162.22  2101.08  2178.95  2127.03  2142.19  2347.98 
 2079.80  2129.16  2096.25  2119.03  2071.05  2124.19  2033.75  2078.78  2278.65 
 2143.34  2154.37  2165.90  2156.15  2165.93  2145.66  2119.85  2155.83  2271.96 
 2078.87  2117.82  2102.91  2123.17  2052.85  2085.97  2104.43  2130.90  2278.30 
 2108.64  2149.34  2164.42  2162.13  2171.64  2181.60  2138.26  2175.70  2304.77 
 2106.58  2130.44  2104.77  2110.60  2077.04  2099.01  2066.16  2101.75  2230.19 
 2158.71  2138.28  2136.15  2172.06  2129.31  2163.73  2120.45  2112.43  2274.89 
 2104.31  2155.47  2124.41  2126.60  2092.49  2107.61  2095.17  2068.43  2257.13 
 2139.91  2147.71  2140.34  2181.52  2150.52  2122.29  2120.83  2189.02  2303.27 
 2085.71  2158.10  2092.29  2060.10  2076.39  2092.07  2047.07  2125.61  2253.41 
 2145.97  2169.81  2189.54  2188.39  2119.06  2186.46  2096.57  2179.10  2280.38 
 2065.85  2095.87  2103.28  2082.31  2092.03  2093.57  2069.30  2089.84  2285.19 
 2099.14  2150.89  2112.86  2184.09  2133.75  2160.28  2169.88  2170.75  2294.03 
 2063.37  2116.21  2095.83  2106.93  2064.39  2113.60  2070.98  2126.83  2246.62 
 2137.41  2140.49  2146.14  2142.66  2171.80  2130.45  2105.47  2171.87  2312.61 
 2064.29  2088.11  2102.68  2096.10  2095.82  2107.72  2099.39  2112.01  2259.86 
 2126.55  2136.83  2101.11  2200.48  2164.21  2155.45  2116.57  2147.28  2326.59 
 2084.88  2147.01  2088.06  2118.04  2080.34  2087.88  2074.95  2094.19  2281.65 
 2089.58  2142.56  2168.58  2169.11  2133.87  2153.71  2091.76  2171.44  2311.85 
 2052.02  2125.03  2098.51  2077.53  2085.81  2087.28  2063.01  2125.74  2267.69 
 2137.37  2121.09  2127.97  2137.36  2124.38  2136.57  2161.67  2181.40  2258.26 
 2051.86  2098.37  2070.90  2108.00  2061.97  2098.19  2097.24  2080.24  2224.71 
 2125.38  2200.66  2151.47  2201.42  2127.36  2130.44  2159.30  2143.20  2337.09 
 2092.85  2158.21  2051.69  2097.91  2032.08  2122.17  2054.23  2128.99  2259.95 
 2109.39  2159.72  2136.13  2156.02  2117.87  2144.75  2120.70  2187.85  2283.75 
 2089.51  2104.31  2119.61  2126.29  2100.18  2095.81  2069.85  2087.55  2235.25 
 2137.93  2157.07  2183.07  2153.92  2122.01  2164.07  2141.00  2127.12  2303.20 
 2102.60  2121.59  2086.05  2064.43  2064.18  2101.04  2058.49  2138.62  2261.67 
 2161.39  2147.98  2141.09  2178.89  2136.88  2143.86  2138.80  2176.65  2312.47 
 2044.78  2106.41  2084.02  2103.41  2093.28  2136.69  2073.99  2106.45  2276.48 
 2114.89  2132.50  2144.01  2112.26  2130.29  2142.35  2102.76  2190.78  2307.07 
 2077.73  2099.81  2086.30  2135.71  2058.67  2105.94  2063.79  2121.64  2236.16 
 2093.61  2121.89  2121.48  2182.86  2151.41  2124.70  2098.41  2192.42  2288.59 
 2046.37  2111.11  2060.31  2103.82  2077.16  2142.86  2085.54  2125.09  2277.74 
 2095.03  2142.48  2134.49  2143.93  2144.00  2167.66  2110.36  2185.18  2254.20 
 2072.87  2129.13  2103.83  2137.90  2083.61  2068.70  2061.46  2118.62  2275.18 
 2107.93  2128.00  2147.68  2129.78  2135.91  2150.68  2120.08  2155.59  2311.19 
 2058.77  2137.68  2125.94  2083.92  2049.35  2064.68  2060.56  2112.12  2249.30 
 2124.66  2168.78  2147.61  2167.98  2113.93  2184.34  2106.27  2168.68  2312.74 
 2062.60  2130.28  2105.44  2060.24  2086.18  2124.02  2090.65  2093.26  2273.95 
 2079.39  2166.54  2124.05  2167.99  2133.37  2157.59  2112.82  2174.73  2299.31 
 2061.43  2115.89  2130.09  2130.35  2058.93  2114.65  2055.57  2125.80  2250.13 
 2103.42  2119.50  2152.64  2166.13  2132.72  2130.51  2134.78  2183.59  2290.56 
 2049.74  2119.93  2099.98  2130.67  2058.04  2089.97  2080.41  2127.37  2279.00 
 2083.62  2179.09  2137.57  2146.45  2142.21  2135.78  2149.51  2159.00  2319.67 
 2070.16  2081.78  2094.75  2118.08  2051.30  2078.26  2039.19  2109.64  2275.37 
 2121.64  2178.99  2136.97  2188.54  2117.15  2167.31  2138.91  2169.35  2292.29 
 2059.24  2108.10  2124.26  2115.64  2062.45  2115.13  2068.70  2117.13  2243.57 
 2148.73  2102.48  2170.94  2162.18  2110.12  2160.24  2086.33  2164.30  2333.89 
 2056.92  2089.90  2074.63  2151.52  2062.10  2050.39  2054.92  2103.78  2237.55 
 2138.93  2180.28  2139.57  2136.99  2139.07  2137.18  2131.53  2158.64  2320.96 
 2097.36  2122.48  2106.35  2134.46  2098.76  2046.26  2087.79  2100.27  2244.45 
 2113.50  2146.03  2132.09  2153.76  2130.21  2152.10  2111.91  2158.40  2260.11 
 2060.49  2126.59  2099.07  2111.04  2062.10  2096.78  2060.73  2110.93  2233.92 
 2125.06  2156.84  2150.54  2204.72  2142.42  2182.54  2163.58  2175.30  2315.04 
 2064.08  2100.16  2095.28  2132.79  2065.52  2059.32  2056.02  2099.19  2277.67 
 2127.46  2165.33  2127.70  2138.11  2104.73  2166.00  2101.59  2157.39  2295.62 
 2054.62  2061.64  2081.45  2104.09  2081.84  2022.63  2089.74  2100.67  2291.87 
 2145.21  2156.09  2143.08  2157.73  2103.90  2111.18  2187.50  2176.72  2316.34 
 2053.70  2146.99  2107.65  2110.27  2074.07  2088.74  2084.24  2111.35  2239.40 
 2153.07  2137.98  2146.95  2142.98  2125.08  2153.84  2102.33  2164.02  2306.01 
 2091.12  2120.72  2094.56  2125.16  2065.36  2119.49  2095.59  2122.97  2271.65 
 2108.34  2185.97  2135.85  2136.41  2149.53  2169.18  2125.32  2139.57  2316.17 
 2071.56  2105.34  2101.95  2160.20  2096.64  2080.93  2058.30  2126.84  2230.97 
 2093.37  2134.20  2142.76  2141.76  2129.87  2130.64  2112.09  2184.30  2287.95 
 2096.24  2091.93  2085.85  2115.13  2094.99  2085.64  2056.33  2135.35  2267.26 
 2116.25  2183.21  2142.06  2168.28  2109.61  2157.39  2111.30  2143.15  2326.88 
 2034.76  2076.38  2065.57  2104.87  2063.18  2111.09  2061.05  2090.14  2242.26 
 2083.11  2178.50  2158.12  2125.38  2134.95  2150.24  2109.14  2174.70  2269.16 
 2086.36  2116.96  2075.18  2070.57  2100.63  2104.47  2088.78  2122.73  2275.61 
 2115.25  2161.64  2094.71  2174.66  2118.95  2143.24  2107.99  2152.33  2306.48 
 2073.11  2115.47  2062.90  2114.97  2097.38  2073.95  2086.44  2091.68  2263.59 
 2114.30  2159.96  2121.94  2186.85  2114.43  2125.69  2145.94  2180.98  2320.01 
 2060.07  2112.09  2132.69  2080.90  2085.07  2087.82  2061.66  2121.17  2242.84 
 2080.10  2153.39  2181.11  2119.89  2104.52  2131.14  2154.17  2116.55  2294.81 
 2039.06  2149.91  2064.22  2117.80  2074.57  2112.84  2075.87  2118.42  2259.25 
 2109.11  2158.13  2194.35  2150.94  2140.26  2148.52  2141.62  2113.41  2289.69 
 2057.65  2106.50  2119.84  2113.11  2063.98  2116.18  2073.28  2106.27  2231.01 
 2111.94  2134.54  2161.30  2150.86  2152.55  2170.91  2128.08  2141.58  2298.56 
 2062.36  2075.26  2060.72  2124.39  2074.43  2114.95  2060.72  2121.69  2256.73 
 2124.56  2133.63  2131.47  2132.84  2125.45  2143.21  2147.15  2167.88  2271.24 
 2072.93  2131.48  2081.18  2143.49  2086.64  2106.51  2064.70  2093.36  2245.01 
 2150.00  2162.95  2156.47  2189.33  2150.78  2159.91  2106.58  2144.46  2309.21 
 2047.20  2131.35  2074.03  2118.18  2091.51  2090.30  2062.70  2081.62  2233.39 
 2144.19  2152.96  2143.60  2174.02  2086.74  2105.31  2101.13  2176.32  2327.96 
 2050.57  2126.85  2049.00  2131.36  2094.90  2075.94  2080.66  2116.26  2234.90 
 2133.02  2203.37  2169.64  2165.97  2116.27  2153.31  2126.47  2182.84  2282.47 
 2040.02  2101.82  2109.22  2108.58  2034.80  2079.32  2041.57  2123.21  2249.57 
 2095.30  2158.51  2117.02  2151.69  2093.26  2132.17  2104.20  2151.83  2324.14 
 2064.68  2095.45  2069.73  2085.97  2050.40  2096.88  2025.59  2040.18  2240.22 
 2117.07  2150.84  2142.63  2147.22  2110.29  2144.30  2124.76  2129.27  2323.23 
 2089.78  2118.49  2101.55  2091.55  2088.37  2111.09  2030.73  2067.46  2277.27 
 2105.49  2157.30  2141.75  2175.80  2126.61  2167.93  2096.25  2155.11  2306.80 
 2056.57  2112.97  2095.44  2074.10  2055.12  2100.28  2113.97  2097.71  2249.68 
 2141.83  2188.38  2128.80  2134.59  2135.84  2162.53  2090.84  2125.73  2281.84 
 2041.72  2070.95  2110.53  2106.08  2084.06  2121.41  2059.52  2046.94  2267.97 
 2076.14  2183.26  2154.75  2140.27  2165.18  2122.82  2163.84  2158.92  2272.53 
 2090.96  2105.04  2131.98  2084.31  2071.76  2122.07  2066.43  2086.23  2235.56 
 2082.17  2158.02  2159.89  2164.25  2127.12  2171.04  2155.67  2211.67  2322.42 
 2051.74  2112.80  2082.10  2121.50  2081.86  2088.06  2081.72  2078.09  2254.14 
 2112.91  2177.03  2150.64  2168.70  2156.01  2129.03  2150.02  2194.92  2249.36 
 2103.38  2078.35  2101.33  2107.67  2120.11  2092.72  2075.68  2113.82  2255.88 
 2146.65  2139.20  2139.51  2150.75  2129.46  2191.38  2105.65  2127.47  2297.60 
 2050.20  2119.51  2118.06  2118.93  2097.50  2107.58  2081.62  2120.08  2227.03 
 2142.73  2166.80  2096.80  2125.59  2106.59  2135.24  2105.09  2187.84  2312.80 
 2081.95  2088.82  2092.14  2124.42  2065.30  2079.05  2065.62  2099.16  2251.77 
 2109.31  2157.07  2166.83  2190.80  2137.99  2163.58  2126.35  2155.76  2308.32 
 2050.32  2096.15  2091.11  2103.93  2075.32  2126.03  2065.24  2135.58  2283.72 
 2114.40  2163.45  2108.38  2157.74  2141.85  2164.98  2138.95  2175.84  2278.74 
 2057.99  2133.87  2107.97  2113.89  2079.02  2085.87  2058.72  2068.46  2260.07 
 2118.38  2173.67  2159.70  2162.96  2119.25  2143.91  2128.33  2158.12  2331.92 
 2041.41  2093.76  2123.86  2110.39  2116.56  2127.03  2049.54  2105.55  2255.91 
 2117.95  2163.57  2169.33  2175.54  2111.49  2143.22  2133.12  2168.65  2276.50 
 2071.34  2136.96  2103.11  2128.17  2078.17  2068.99  2077.14  2092.51  2287.68 
 2102.16  2140.85  2144.69  2148.32  2162.82  2104.61  2118.25  2148.26  2291.53 
 2072.71  2130.90  2074.61  2070.31  2104.91  2067.35  2048.80  2098.64  2237.05 
 2095.45  2159.82  2094.56  2156.17  2190.06  2161.73  2106.36  2146.93  2305.68 
 2099.45  2130.58  2134.33  2128.19  2072.38  2102.94  2076.01  2093.02  2241.00 
 2103.95  2157.53  2099.93  2127.14  2168.14  2152.84  2119.92  2161.23  2292.39 
 2067.64  2094.63  2127.23  2109.86  2078.75  2113.01  2043.47  2148.87  2268.65 
 2099.33  2154.81  2158.40  2176.16  2125.74  2144.00  2140.26  2176.71  2285.58 
 2091.83  2110.24  2062.75  2113.57  2086.41  2084.81  2071.33  2090.79  2240.42 
 2147.45  2164.23  2157.80  2141.53  2137.50  2093.11  2118.58  2152.89  2284.11 
 2088.19  2153.79  2103.50  2107.03  2115.20  2068.35  2077.66  2090.94  2216.94 
 2119.26  2144.74  2168.85  2164.70  2120.58  2103.01  2159.93  2167.26  2320.80 
 2062.21  2127.10  2115.28  2108.52  2086.18  2143.52  2078.50  2113.36  2246.18 
 2102.67  2164.16  2107.55  2164.04  2159.01  2125.70  2135.77  2116.79  2312.36 
 2060.06  2096.85  2111.97  2106.68  2078.86  2071.34  2108.01  2067.51  2274.27 
 2159.89  2113.22  2136.91  2214.94  2154.66  2140.38  2162.61  2148.74  2267.48 
 2104.32  2094.71  2056.37  2093.05  2047.65  2126.22  2059.78  2106.77  2285.93 
 2105.78  2131.15  2134.25  2185.03  2133.45  2140.68  2115.53  2140.32  2312.71 
 2076.76  2118.59  2126.45  2083.19  2105.07  2111.67  2063.51  2132.96  2214.96 
 2129.14  2134.49  2150.78  2157.09  2161.74  2155.71  2102.41  2146.68  2309.38 
 2107.41  2081.59  2104.62  2088.57  2083.82  2104.62  2070.48  2085.43  2252.09 
 2123.99  2118.45  2151.53  2175.65  2109.47  2184.63  2128.18  2199.64  2325.12 
 2057.16  2113.33  2099.87  2114.36  2054.82  2071.95  2085.29  2116.09  2238.74 
 2124.67  2187.34  2138.14  2144.60  2154.77  2143.20  2141.49  2189.99  2320.00 
 2087.55  2119.68  2100.05  2091.70  2078.78  2072.66  2089.18  2072.21  2220.99 
 2116.04  2156.62  2158.74  2119.65  2111.95  2117.45  2097.91  2191.26  2309.68 
 2040.66  2123.40  2074.63  2138.47  2090.32  2091.75  2036.22  2122.14  2240.17 
 2135.94  2174.98  2172.64  2201.19  2121.88  2152.29  2111.25  2165.10  2279.27 
 2082.07  2073.97  2080.03  2095.13  2061.56  2065.53  2073.32  2143.10  2283.43 
 2114.13  2126.00  2102.68  2167.22  2175.92  2148.36  2105.56  2146.83  2288.80 
 2031.69  2094.49  2090.41  2092.97  2101.22  2108.91  2077.82  2088.29  2229.11 
 2117.95  2203.76  2124.11  2185.76  2135.62  2147.09  2109.27  2178.22  2346.81 
 2065.08  2103.93  2111.18  2094.21  2062.15  2081.52  2052.02  2135.25  2213.37 
 2084.85  2171.72  2136.52  2198.04  2131.97  2138.62  2101.16  2131.82  2292.14 
 2117.66  2118.53  2066.93  2107.42  2118.65  2111.03  2083.82  2133.02  2243.29 
 2125.05  2183.92  2124.29  2135.04  2132.32  2154.11  2136.97  2164.28  2286.90 
 2070.03  2070.96  2080.61  2107.49  2112.78  2089.24  2099.34  2073.48  2266.60 
 2139.07  2184.08  2166.45  2135.36  2095.71  2149.74  2099.32  2127.64  2303.74 
 2083.42  2085.95  2080.56  2124.08  2028.96  2094.64  2091.58  2106.51  2259.24 
 2099.98  2145.86  2128.61  2127.94  2130.08  2172.47  2112.29  2157.89  2282.12 
 2081.57  2115.21  2122.56  2112.27  2071.64  2066.81  2046.71  2130.47  2249.03 
 2116.23  2142.88  2112.49  2138.19  2112.21  2153.53  2084.12  2157.98  2281.71 
 2070.29  2079.34  2108.72  2096.89  2114.71  2084.23  2111.11  2088.25  2267.46 
 2091.11  2182.94  2149.08  2172.31  2109.02  2110.70  2099.14  2177.71  2265.77 
 2083.27  2095.44  2120.22  2122.50  2052.97  2091.74  2056.12  2096.78  2208.75 
 2123.15  2161.83  2110.78  2139.53  2131.98  2127.80  2108.07  2165.80  2270.50 
 2081.75  2127.40  2074.36  2074.06  2073.35  2103.89  2094.66  2117.96  2277.21 
 2117.16  2165.50  2139.74  2146.14  2112.69  2142.11  2115.41  2163.99  2301.32 
 2096.23  2126.28  2052.88  2100.80  2061.51  2112.61  2076.35  2116.16  2264.59 
 2082.04  2169.94  2135.21  2128.43  2138.42  2146.38  2124.20  2149.43  2273.03 
 2087.74  2108.05  2100.56  2090.42  2061.63  2111.16  2094.99  2091.79  2244.92 
 2153.97  2142.49  2154.26  2131.13  2121.49  2187.71  2080.14  2159.37  2289.91 
 2051.16  2094.31  2114.01  2121.28  2074.50  2117.38  2071.00  2081.50  2253.02 
 2110.60  2152.76  2154.31  2173.98  2140.33  2122.31  2099.00  2204.94  2310.61 
 2086.93  2111.76  2077.02  2167.39  2103.10  2081.18  2087.44  2124.24  2273.72 
 2154.92  2139.12  2128.63  2144.67  2126.60  2167.87  2170.57  2126.76  2288.00 
 2075.25  2095.36  2097.57  2124.84  2087.69  2088.06  2078.46  2129.16  2249.07 
 2138.59  2149.82  2131.37  2138.75  2131.45  2174.06  2148.70  2152.87  2292.68 
 2079.35  2108.06  2053.84  2142.53  2093.14  2104.57  2050.18  2117.43  2280.14 
 2102.04  2189.69  2159.37  2163.15  2123.91  2128.27  2106.16  2119.66  2273.55 
 2047.84  2112.10  2085.11  2116.33  2079.34  2083.62  2057.59  2112.11  2261.71 
 2111.12  2177.14  2155.10  2149.61  2112.75  2168.34  2078.94  2170.61  2265.05 
 2047.12  2096.08  2112.73  2069.04  2060.65  2074.70  2033.85  2127.81  2220.59 
 2101.89  2173.39  2146.84  2195.64  2140.72  2147.99  2103.44  2173.78  2315.46 
 2082.45  2084.99  2073.09  2110.81  2046.49  2093.89  2055.69  2069.60  2215.89 
 2140.65  2212.93  2117.10  2181.34  2139.59  2154.26  2118.69  2152.16  2308.11 
 2079.89  2109.44  2060.22  2148.98  2110.28  2081.41  2062.84  2117.27  2274.76 
 2122.54  2174.18  2109.26  2172.75  2136.49  2172.26  2098.39  2189.90  2319.55 
 2105.95  2138.52  2095.32  2114.41  2073.92  2094.37  2077.59  2107.64  2258.14 
 2129.31  2120.39  2147.07  2194.97  2138.77  2145.42  2081.47  2165.15  2317.38 
 2052.43  2111.05  2081.90  2117.32  2123.10  2101.34  2036.88  2079.31  2245.63 
 2133.39  2182.94  2175.64  2139.88  2118.07  2164.17  2141.85  2132.96  2277.28 
 2088.66  2136.24  2095.21  2115.22  2090.71  2114.27  2055.85  2087.64  2247.34 
 2144.80  2152.34  2131.05  2152.82  2123.40  2184.83  2126.62  2183.29  2266.35 
 2065.27  2082.49  2081.49  2122.19  2072.03  2098.60  2097.66  2125.47  2262.55 
 2111.74  2097.27  2124.76  2147.29  2163.40  2153.71  2144.12  2141.88  2289.13 
 2027.33  2120.45  2101.55  2147.57  2095.51  2109.60  2118.93  2107.18  2189.14 
 2131.49  2159.26  2137.39  2151.79  2136.10  2174.98  2105.45  2141.90  2321.87 
 2090.30  2083.73  2138.73  2131.51  2105.75  2109.65  2073.83  2083.02  2233.16 
 2145.93  2194.49  2136.24  2188.46  2129.61  2144.45  2126.47  2181.01  2325.41 
 2073.92  2142.82  2057.74  2079.10  2048.19  2049.08  2075.07  2133.73  2254.05 
 2091.62  2159.82  2145.79  2167.37  2135.25  2196.68  2121.43  2189.31  2307.22 
 2022.21  2133.86  2072.88  2076.86  2089.16  2050.40  2083.20  2116.10  2254.17 
 2077.31  2126.21  2175.84  2180.08  2138.58  2136.38  2117.05  2184.16  2323.80 
 2063.49  2091.68  2117.40  2109.66  2117.88  2072.68  2071.39  2140.62  2262.91 
 2085.17  2135.45  2085.43  2123.83  2104.54  2139.07  2093.92  2160.78  2318.19 
 2070.75  2104.21  2082.84  2098.02  2075.74  2155.17  2023.26  2109.72  2251.30 
 2105.24  2139.03  2118.74  2175.35  2128.00  2142.35  2121.96  2156.59  2295.00 
 2051.41  2104.61  2052.58  2114.71  2093.96  2105.53  2096.16  2092.40  2273.64 
 2138.53  2183.32  2180.69  2174.48  2115.03  2185.26  2127.15  2137.51  2304.84 
 2077.94  2094.67  2082.34  2108.26  2090.53  2074.96  2045.75  2094.46  2279.32 
 2042.18  2097.85  2055.64  2093.68  2054.75  2040.53  2077.88  2121.74  2264.85 
 1978.77  2020.68  1997.01  2025.14  1980.67  2033.51  1999.29  2017.58  2181.53 
 2019.36  2075.80  2075.63  2072.32  2055.77  2082.02  2063.12  2124.23  2243.98 
 1986.75  2015.23  1991.41  2047.64  2005.64  2016.12  2054.32  2031.85  2193.22 
 2032.09  2057.11  2097.06  2099.30  2065.21  2127.05  2080.21  2097.65  2234.03 
 2003.43  2015.53  2057.82  2025.53  2048.65  2028.34  2015.43  2069.77  2177.39 
 2120.33  2114.39  2141.32  2157.02  2115.68  2145.39  2178.44  2146.08  2302.19 
 2088.24  2117.59  2068.23  2108.65  2090.06  2083.80  2058.95  2138.13  2264.90 
 2101.48  2202.27  2182.96  2160.52  2112.39  2168.50  2099.84  2161.30  2312.13 
 2026.87  2126.71  2084.64  2126.80  2106.05  2068.54  2070.71  2101.96  2277.31 
 2110.68  2146.74  2129.64  2132.79  2095.73  2184.75  2123.33  2148.14  2302.15 
 2068.91  2110.68  2104.73  2089.69  2076.40  2133.91  2137.80  2103.69  2229.44 
 2111.24  2149.11  2140.55  2158.34  2115.29  2124.98  2102.51  2130.08  2312.97 
 2083.89  2102.59  2084.74  2104.01  2094.89  2112.49  2068.45  2100.64  2266.52 
 2073.31  2120.65  2059.86  2079.02  2084.55  2133.16  2095.83  2061.21  2237.25 
 2098.23  2101.23  2062.73  2075.11  2079.81  2134.78  2081.12  2132.97  2226.44 
 2075.82  2072.10  2105.72  2044.97  2033.52  2076.87  2018.17  2074.84  2215.42 
 2084.90  2080.56  2069.63  2072.13  2042.96  2063.34  2096.09  2115.81  2285.37 
 2078.49  2084.21  2104.61  2126.60  2075.66  2112.22  2040.62  2074.23  2255.14 
 2034.97  2105.01  2064.33  2071.44  2030.75  2073.67  2076.19  2084.67  2241.40 
 2022.68  2089.39  2103.66  2105.62  2058.12  2115.13  2045.78  2090.18  2176.96 
 2043.64  2076.09  2073.36  2092.93  2059.22  2072.56  2078.86  2090.60  2199.98 
 2049.74  2107.65  2068.80  2146.66  2083.42  2086.85  2059.32  2082.61  2218.09 
 2063.72  2099.22  2105.17  2092.20  2096.84  2081.78  2050.30  2129.30  2284.62 
 2055.96  2087.16  2060.38  2128.88  2050.42  2077.53  2088.41  2067.54  2212.07 
 2054.87  2084.29  2092.22  2098.86  2055.88  2093.43  1987.04  2052.39  2221.04 
 2081.14  2095.70  2048.65  2126.73  2122.44  2084.64  2058.96  2122.15  2224.84 
 2050.62  2075.72  2062.01  2118.81  2082.57  2078.75  2031.95  2089.21  2257.62 
 2074.70  2071.20  2035.46  2092.34  2078.88  2114.13  2047.19  2094.47  2239.08 
 2071.39  2083.16  2078.25  2119.81  2065.86  2092.16  2080.66  2096.98  2223.10 
 2069.68  2102.57  2109.04  2086.94  2113.83  2060.28  2086.44  2132.46  2226.15 
 2050.86  2130.58  2095.30  2091.54  2086.77  2110.02  2089.82  2096.42  2243.45 
 2047.87  2049.29  2064.35  2096.70  2078.41  2088.68  2099.40  2107.95  2310.38 
 2068.52  2110.80  2094.59  2085.59  2089.13  2092.11  2029.37  2068.88  2246.41 
 2059.47  2080.05  2054.14  2073.13  2063.25  2069.94  2067.70  2103.76  2269.61 
 2073.14  2103.86  2079.01  2062.14  2030.50  2087.41  2097.84  2127.16  2272.27 
 2039.02  2101.43  2100.12  2107.26  2099.68  2112.16  2054.21  2106.33  2224.36 
 2051.14  2109.59  2097.02  2103.91  2078.78  2105.42  2041.09  2104.45  2233.78 
 2036.29  2074.59  2105.66  2115.52  2028.76  2075.97  2075.12  2102.44  2230.96 
 2022.01  2086.42  2105.65  2126.66  2091.65  2113.72  2059.05  2104.80  2252.26 
 2075.20  2113.66  2104.19  2106.19  2103.61  2105.78  2091.07  2072.07  2226.72 
 2038.83  2120.99  2086.37  2146.06  2055.90  2124.85  2064.80  2158.88  2238.13 
 2044.26  2094.24  2098.33  2114.31  2038.19  2112.61  2037.85  2094.51  2266.91 
 2033.28  2073.65  2059.89  2092.67  2077.45  2112.79  2057.54  2104.30  2259.87 
 2053.63  2104.28  2101.12  2114.82  2088.22  2097.19  2053.07  2118.29  2215.13 
 2063.89  2086.80  2110.55  2088.64  2058.35  2094.00  2084.20  2118.84  2262.89 
 2051.36  2071.91  2083.85  2076.50  2092.22  2088.75  2048.04  2070.46  2234.01 
 2038.42  2092.44  2072.27  2117.21  2067.17  2074.65  2082.29  2100.41  2245.51 
 2020.32  2114.75  2093.23  2099.20  2091.45  2116.28  2043.98  2101.30  2207.17 
 2081.08  2104.25  2101.22  2087.99  2047.70  2057.26  2087.01  2122.18  2181.09 
 2061.99  2093.23  2068.03  2090.03  2073.80  2052.17  2101.62  2114.74  2261.55 
 2071.93  2114.51  2051.38  2145.84  2104.89  2118.82  2065.59  2062.43  2262.43 
 2037.45  2085.33  2079.86  2086.97  2102.51  2091.94  2062.16  2094.22  2258.32 
 2045.38  2090.90  2068.55  2047.17  2077.25  2073.72  2035.52  2108.85  2257.33 
 2047.45  2107.59  2078.30  2130.49  2050.43  2066.18  2048.94  2104.28  2213.31 
 2066.39  2075.14  2071.79  2083.78  2065.18  2115.98  2039.63  2096.20  2264.85 
 2067.80  2068.09  2080.28  2130.76  2058.29  2105.11  2104.35  2081.25  2237.88 
 2043.13  2099.76  2081.50  2107.31  2055.81  2092.26  2059.90  2101.27  2255.84 
 2064.70  2075.28  2083.01  2135.51  2035.28  2117.41  2055.58  2099.02  2226.12 
 2055.27  2105.64  2091.16  2065.09  2075.50  2088.57  2054.30  2132.84  2268.50 
 2130.55  2079.30  2101.21  2135.83  2075.59  2087.39  2043.27  2113.15  2229.99 
 2050.28  2090.51  2089.86  2094.48  2083.55  2060.47  2074.78  2027.83  2271.23 
 2060.66  2047.06  2077.67  2147.71  2056.09  2106.03  2091.94  2110.40  2233.34 
 2039.44  2105.79  2060.54  2096.82  2071.72  2079.31  2064.39  2094.49  2253.21 
 2063.87  2084.70  2095.15  2068.83  2077.87  2094.71  2061.59  2112.70  2271.95 
 2033.23  2099.59  2121.72  2126.70  2072.64  2101.04  2051.11  2122.61  2223.82 
 2070.61  2080.09  2096.08  2101.57  2047.12  2080.22  2071.17  2062.72  2247.58 
 2056.93  2083.91  2107.48  2089.24  2046.96  2079.72  2043.01  2103.62  2247.89 
 2076.38  2121.16  2077.64  2091.65  2103.05  2111.98  2051.75  2105.54  2259.79 
 2034.00  2112.20  2063.45  2099.74  2073.64  2073.24  2058.26  2108.28  2269.02 
 2063.61  2100.13  2081.12  2117.51  2067.29  2074.93  2059.36  2095.69  2258.23 
 2018.20  2045.31  2094.06  2114.40  2054.14  2085.31  2074.44  2038.98  2237.38 
 2086.53  2086.93  2109.02  2107.16  2082.71  2110.57  2071.07  2094.49  2205.68 
 2102.18  2095.36  2092.54  2117.98  2083.68  2082.01  2056.62  2054.27  2273.92 
 2075.33  2076.33  2064.46  2104.69  2069.69  2093.09  2040.04  2101.20  2247.01 
 2096.09  2098.83  2102.29  2075.20  2054.87  2103.90  2068.59  2078.64  2223.56 
 2044.25  2050.53  2117.51  2103.08  2051.76  2096.30  2057.39  2103.26  2278.96 
 2050.06  2078.05  2087.75  2086.52  2073.34  2080.24  2073.03  2113.21  2224.91 
 2011.92  2080.30  2041.22  2104.12  2061.01  2070.77  2049.13  2116.17  2272.42 
 2036.14  2084.81  2083.99  2098.54  2047.61  2100.63  2062.40  2055.06  2277.20 
 2059.24  2070.72  2064.85  2098.81  2072.79  2067.62  2067.26  2048.29  2227.42 
 2068.49  2101.35  2114.71  2126.29  2061.74  2092.49  2071.51  2082.20  2259.44 
 2069.39  2090.39  2079.86  2091.05  2076.90  2111.50  2037.86  2098.37  2238.95 
 2093.42  2063.49  2121.05  2106.83  2064.32  2052.11  2052.28  2082.46  2235.80 
 2058.48  2077.59  2069.37  2065.30  2069.56  2125.68  2030.64  2125.54  2204.78 
 2083.01  2048.43  2151.96  2073.86  2048.14  2102.15  2070.25  2095.35  2202.78 
 2064.63  2041.80  2112.34  2110.02  2073.55  2093.21  2090.68  2112.61  2228.84 
 2077.19  2124.78  2056.15  2073.80  2067.16  2075.08  2042.38  2112.03  2303.43 
 2050.28  2102.32  2091.89  2100.73  2068.46  2089.97  2054.50  2081.23  2210.89 
 2068.51  2058.52  2101.81  2124.27  2042.81  2083.86  2085.03  2128.64  2259.75 
 2018.59  2083.98  2099.99  2104.29  2036.13  2071.29  2033.76  2083.16  2241.24 
 2036.89  2070.63  2090.41  2059.13  2071.76  2091.98  2061.69  2125.32  2266.32 
 2037.20  2081.16  2083.72  2101.38  2069.51  2056.55  2035.46  2110.18  2243.76 
 2060.39  2094.00  2097.45  2068.97  2101.67  2069.84  2065.07  2112.09  2240.26 
 2077.19  2110.09  2085.86  2089.15  2082.81  2139.97  2071.57  2099.72  2230.28 
 2037.10  2117.73  2087.16  2078.95  2075.83  2061.93  2083.33  2100.59  2283.49 
 2055.68  2087.97  2110.91  2102.85  2080.92  2083.57  2022.65  2069.57  2231.25 
 2106.69  2091.47  2073.23  2117.38  2102.73  2129.96  2055.52  2055.49  2227.74 
 2048.51  2095.34  2080.71  2086.09  2071.81  2086.10  2060.56  2108.85  2236.14 
 2083.83  2098.90  2076.26  2056.80  2050.08  2019.86  2084.47  2099.91  2279.52 
 2047.11  2098.97  2081.61  2075.45  2083.66  2076.20  2060.60  2138.09  2216.93 
 2099.77  2093.98  2062.42  2101.00  2076.30  2098.38  2066.46  2104.62  2260.72 
 1999.19  2121.52  2064.11  2107.73  2081.61  2099.21  2066.83  2129.67  2214.05 
 2067.31  2079.56  2119.22  2087.47  2082.49  2059.95  2059.35  2102.55  2284.75 
 2068.51  2113.99  2097.91  2102.65  2040.95  2104.21  2042.32  2114.06  2235.24 
 2079.10  2062.14  2113.57  2087.02  2064.97  2108.15  2069.44  2079.47  2242.85 
 2069.89  2078.08  2104.89  2067.96  2042.44  2087.63  2072.76  2105.81  2227.19 
 2060.00  2088.96  2103.15  2082.39  2043.48  2094.05  2025.11  2145.86  2267.17 
 2024.57  2085.29  2101.59  2092.91  2067.99  2089.68  2063.80  2078.05  2235.86 
 2049.47  2086.89  2114.43  2104.89  2065.20  2091.53  2085.72  2115.71  2251.94 
 2025.80  2107.93  2105.14  2117.42  2027.03  2126.73  2017.99  2115.47  2226.98 
 2053.22  2108.00  2124.36  2103.31  2103.58  2084.00  2054.09  2088.04  2234.78 
 2067.19  2097.26  2089.51  2121.38  2080.58  2070.17  2065.44  2078.22  2256.32 
 2085.49  2071.88  2055.48  2106.93  2075.47  2097.12  2066.95  2112.39  2240.79 
 2100.32  2079.63  2069.49  2081.34  2111.91  2087.54  2065.25  2112.03  2244.91 
 2085.63  2093.96  2087.77  2077.04  2069.68  2083.38  2040.36  2085.16  2188.37 
 2050.14  2062.85  2099.65  2104.55  2093.80  2044.41  2038.95  2104.36  2238.16 
 2046.01  2105.10  2081.57  2100.80  2066.23  2109.57  2061.35  2103.77  2222.65 
 2063.11  2058.59  2090.26  2065.36  2080.88  2058.72  2069.37  2113.32  2232.67 
 2039.57  2100.95  2053.16  2098.77  2052.33  2094.76  2010.76  2122.71  2245.35 
 2074.70  2127.47  2069.66  2091.11  2058.80  2048.13  2050.37  2097.85  2238.75 
 2048.22  2083.46  2116.39  2082.75  2103.73  2094.08  2055.59  2099.13  2235.60 
 2060.72  2078.85  2085.77  2108.97  2050.75  2073.99  2047.66  2079.69  2261.80 
 2059.30  2077.82  2071.94  2097.76  2082.66  2079.56  2080.67  2096.94  2231.64 
 2058.72  2104.67  2107.42  2106.34  2060.84  2092.54  2093.42  2088.96  2229.12 
 2043.09  2106.40  2121.57  2126.58  2094.08  2069.92  2054.79  2083.97  2235.28 
 2056.60  2085.23  2078.68  2096.10  2079.09  2054.07  2015.64  2128.87  2251.11 
 2046.53  2107.39  2058.32  2088.02  2096.88  2072.26  2048.46  2141.22  2261.48 
 2075.38  2077.46  2051.43  2075.50  2070.33  2122.60  2040.26  2106.40  2261.03 
 2074.07  2097.47  2087.19  2084.31  2061.45  2065.25  2072.47  2074.40  2217.49 
 2041.35  2119.42  2070.30  2133.13  2036.46  2071.76  2085.92  2141.25  2233.82 
 2042.62  2131.15  2071.21  2120.63  2064.62  2112.04  2043.94  2096.81  2269.84 
 2046.23  2109.73  2107.17  2092.63  2081.54  2055.59  2045.46  2091.34  2236.37 
 2061.84  2115.81  2071.89  2104.11  2061.35  2097.33  2059.88  2086.39  2250.75 
 2062.90  2073.96  2121.78  2113.84  2098.85  2077.99  2088.40  2125.43  2233.02 
 2017.44  2094.05  2053.82  2105.95  2066.22  2047.36  2079.34  2114.63  2233.31 
 2073.69  2079.02  2091.84  2095.00  2069.02  2079.33  2084.50  2094.19  2251.47 
 2060.51  2114.65  2129.55  2072.96  2065.36  2084.15  2044.19  2082.59  2263.78 
 2038.87  2109.93  2059.41  2104.53  2067.28  2079.71  2099.14  2124.94  2228.08 
 2036.07  2115.81  2067.00  2101.89  2062.58  2099.15  2077.29  2081.25  2266.09 
 2112.13  2065.52  2056.50  2087.83  2058.78  2090.23  2063.82  2063.07  2235.22 
 2043.04  2075.70  2066.75  2075.60  2061.63  2107.14  2085.99  2051.01  2272.64 
 2082.31  2090.49  2096.84  2125.88  2122.01  2105.74  2069.22  2096.11  2236.41 
 2063.46  2058.94  2053.62  2062.68  2081.72  2082.37  2051.41  2090.76  2239.72 
 2069.77  2102.06  2052.72  2084.38  2100.75  2118.90  2042.45  2105.72  2214.63 
 2054.24  2104.22  2073.38  2092.92  2038.94  2106.09  2034.81  2061.24  2229.76 
 2073.35  2098.40  2101.26  2092.28  2025.13  2079.59  2056.16  2075.05  2242.38 
 2073.80  2083.69  2077.30  2086.86  2059.99  2067.69  2063.43  2113.15  2267.37 
 2043.78  2128.09  2064.47  2105.68  2080.18  2132.32  2083.14  2087.45  2224.61 
 2033.23  2121.78  2099.43  2071.26  2091.56  2031.47  2062.81  2133.26  2211.14 
 2052.41  2065.38  2111.42  2076.67  2048.28  2073.09  2052.37  2089.52  2232.00 
 2062.26  2082.83  2078.41  2053.09  2098.42  2112.82  2047.36  2053.73  2269.05 
 2058.05  2105.68  2067.82  2082.38  2061.82  2078.09  2027.89  2101.85  2261.98 
 2065.69  2077.19  2084.23  2094.44  2102.53  2067.84  2065.24  2120.45  2226.02 
 2077.16  2072.86  2079.43  2117.03  2054.55  2089.39  2061.54  2103.27  2232.57 
 2071.92  2077.05  2058.58  2037.65  2072.15  2089.59  2052.94  2088.16  2225.72 
 2034.89  2100.28  2090.09  2102.31  2060.80  2064.35  2075.58  2078.00  2228.50 
 2042.07  2079.39  2081.51  2116.20  2056.33  2112.44  2039.73  2091.83  2243.96 
 2030.15  2091.07  2100.76  2048.40  2052.38  2130.52  2062.64  2116.33  2232.39 
 2074.74  2135.77  2087.23  2060.99  2064.43  2086.12  2041.74  2102.96  2260.35 
 2067.24  2095.53  2068.94  2117.57  2052.69  2070.80  2018.43  2118.20  2239.68 
 2052.57  2073.82  2059.13  2131.83  2069.69  2083.54  2063.38  2107.38  2206.31 
 2074.75  2096.67  2080.18  2113.54  2039.25  2154.69  2066.69  2123.49  2247.51 
 2078.31  2120.28  2097.89  2101.73  2101.81  2103.78  2034.72  2096.84  2256.40 
 2035.60  2107.36  2069.67  2122.55  2063.17  2101.51  2023.60  2101.67  2240.13 
 2036.81  2125.54  2075.06  2100.84  2075.68  2112.55  2052.64  2115.69  2256.70 
 2075.39  2075.97  2060.47  2103.62  2055.36  2070.79  2087.95  2087.80  2235.20 
 2078.59  2064.85  2071.68  2094.76  2100.53  2092.09  2057.79  2072.47  2234.13 
 2016.35  2098.48  2068.63  2095.27  2107.21  2087.98  2054.35  2095.28  2245.08 
 2103.11  2088.04  2139.33  2091.90  2093.36  2130.26  2092.83  2104.34  2280.05 
 2034.16  2107.72  2107.03  2096.05  2057.70  2107.20  2032.06  2119.01  2232.50 
 2062.03  2083.81  2066.47  2135.86  2082.13  2097.69  2032.06  2080.36  2254.08 
 2030.55  2109.02  2107.93  2126.54  2100.41  2106.98  2096.26  2062.67  2259.90 
 2065.12  2077.07  2153.77  2074.60  2103.18  2089.03  2064.63  2115.39  2227.75 
 2059.50  2086.76  2065.59  2109.45  2103.93  2088.34  2081.76  2067.82  2229.74 
 2073.99  2123.62  2101.55  2083.21  2074.70  2111.02  2040.45  2068.24  2251.07 
 2057.64  2091.28  2061.74  2096.66  2100.68  2116.57  2083.17  2087.93  2239.40 
 2043.44  2104.38  2088.76  2100.74  2052.37  2113.16  2064.03  2112.96  2251.12 
 2026.22  2076.44  2061.40  2095.75  2064.56  2102.04  2080.36  2053.01  2283.00 
 2090.76  2084.11  2101.05  2083.81  2102.10  2091.36  2085.30  2074.06  2258.11 
 2034.67  2110.29  2075.45  2065.97  2050.32  2097.03  2030.71  2100.28  2240.24 
 2065.05  2077.57  2112.88  2112.87  2096.96  2093.17  2068.15  2139.45  2243.16 
 2032.05  2102.59  2107.34  2076.25  2099.61  2065.33  2081.65  2079.59  2215.31 
 2071.83  2145.60  2074.82  2083.05  2066.78  2092.48  2048.91  2096.98  2260.91 
 2060.22  2137.25  2096.14  2093.73  2065.48  2082.54  2070.44  2112.07  2227.75 
 2035.20  2084.77  2058.70  2097.55  2075.98  2097.87  2039.19  2076.64  2266.68 
 2062.23  2081.72  2078.36  2095.73  2089.41  2100.51  2076.08  2095.41  2231.33 
 2058.03  2110.31  2082.82  2132.12  2050.50  2111.97  2044.26  2120.28  2212.93 
 2066.97  2076.05  2103.78  2093.97  2074.55  2108.24  2076.88  2075.74  2256.98 
 2069.92  2078.99  2059.09  2104.10  2040.95  2080.02  2081.35  2092.21  2232.93 
 2064.39  2093.28  2110.31  2066.31  2082.30  2081.61  2072.52  2151.16  2222.30 
 2040.45  2135.43  2082.74  2065.11  2104.37  2056.37  2062.70  2128.65  2229.97 
 2091.89  2111.81  2100.00  2128.84  2056.48  2080.79  2050.20  2106.73  2239.06 
 2091.11  2073.31  2085.18  2143.97  2063.12  2120.84  2074.30  2085.17  2264.14 
 2015.45  2130.09  2107.92  2099.70  2050.52  2081.04  2096.37  2101.94  2255.27 
 2040.92  2125.23  2091.24  2072.53  2069.91  2085.76  2070.99  2108.22  2204.17 
 2067.88  2096.82  2065.08  2107.35  2082.26  2097.76  2081.14  2098.12  2238.29 
 2053.02  2113.13  2077.49  2109.32  2076.37  2082.29  2088.66  2092.84  2278.64 
 2057.51  2110.44  2097.58  2130.31  2070.37  2089.32  2029.55  2089.09  2224.12 
 2039.01  2055.51  2107.48  2110.17  2073.33  2053.30  2058.36  2085.32  2223.00 
 2044.05  2085.24  2097.01  2066.85  2080.12  2097.71  2049.19  2098.95  2223.90 
 2081.11  2079.73  2121.02  2096.28  2059.89  2080.46  2080.87  2121.34  2194.10 
 2051.61  2094.75  2090.52  2112.82  2088.43  2069.29  2097.83  2100.64  2221.88 
 1995.76  2113.22  2097.20  2106.98  2092.50  2079.84  2018.68  2082.77  2218.80 
 2038.73  2101.66  2101.69  2083.94  2040.96  2083.42  2014.51  2091.20  2229.21 
 2063.32  2075.52  2078.83  2105.39  2083.53  2056.92  2061.53  2072.02  2279.18 
 2058.45  2092.51  2046.90  2119.82  2080.41  2098.15  2054.22  2084.11  2239.22 
 2054.89  2116.63  2081.21  2092.83  2056.61  2050.32  2069.14  2104.61  2242.36 
 2074.73  2095.36  2092.42  2083.29  2075.32  2070.00  2123.86  2095.97  2257.78 
 2062.26  2071.89  2100.78  2092.92  2086.81  2104.20  2041.82  2070.39  2235.15 
 2060.49  2068.32  2119.78  2139.01  2052.35  2098.27  2081.92  2065.68  2250.01 
 2060.25  2081.51  2052.84  2148.98  2067.10  2044.62  2115.42  2100.00  2183.12 
 2042.00  2106.61  2083.38  2092.86  2026.74  2094.93  2092.13  2099.50  2238.25 
 2060.76  2080.98  2065.83  2069.16  2050.75  2118.51  2049.53  2114.64  2239.49 
 2026.91  2087.23  2107.31  2132.52  2094.95  2073.82  2051.57  2102.34  2253.74 
 2054.57  2064.44  2095.56  2128.18  2059.62  2097.11  2033.71  2093.84  2238.16 
 2089.14  2089.20  2076.26  2125.61  2058.11  2088.43  2066.13  2121.61  2227.57 
 2056.99  2077.59  2062.41  2117.30  2069.78  2095.93  2074.29  2084.55  2266.89 
 2092.06  2060.95  2095.45  2121.62  2071.56  2109.09  2050.42  2136.92  2209.20 
 2095.72  2093.66  2093.67  2094.34  2070.95  2090.39  2022.30  2068.78  2255.03 
 2064.94  2105.93  2119.80  2152.46  2054.44  2103.55  2122.81  2097.21  2251.88 
 2050.89  2063.80  2083.36  2098.41  2092.13  2107.11  2070.84  2102.70  2244.95 
 2052.70  2093.20  2111.57  2125.20  2088.71  2093.75  2065.05  2080.19  2248.52 
 2100.99  2079.14  2039.07  2076.52  2067.43  2083.65  2026.49  2154.96  2270.64 
 2067.07  2126.77  2105.11  2118.61  2083.75  2126.23  2079.04  2140.19  2252.51 
 2064.52  2117.22  2112.97  2062.79  2089.89  2080.11  2109.01  2097.63  2242.28 
 2048.06  2074.57  2094.51  2110.07  2063.97  2107.51  2072.34  2061.06  2243.74 
 2038.56  2081.14  2071.47  2091.40  2050.90  2060.16  2065.64  2129.68  2251.54 
 2072.80  2086.76  2049.28  2122.00  2043.87  2106.68  2029.46  2071.14  2248.96 
 2005.74  2108.74  2093.82  2085.18  2071.72  2091.91  2067.70  2103.19  2217.03 
 2006.07  2085.89  2099.19  2072.47  2086.61  2132.51  2050.28  2101.38  2234.08 
 2085.22  2058.92  2083.44  2099.90  2056.59  2092.27  2002.08  2114.16  2261.47 
 2063.94  2081.95  2078.79  2096.30  2054.91  2063.88  2092.89  2127.79  2257.11 
 2077.08  2097.52  2088.37  2069.36  2046.81  2061.93  2058.32  2091.41  2251.86 
 2051.68  2091.83  2081.02  2079.74  2055.31  2127.27  2034.44  2104.59  2203.50 
 2091.62  2114.87  2117.68  2112.46  2071.45  2072.09  2064.02  2128.50  2247.06 
 2065.62  2081.37  2091.66  2153.68  2076.73  2093.58  2085.84  2073.80  2257.92 
 2110.09  2066.77  2077.34  2087.66  2027.67  2089.62  2073.56  2107.52  2242.14 
 2106.12  2092.67  2093.66  2066.24  2083.78  2113.81  2048.95  2107.02  2247.86 
 2068.61  2128.02  2095.60  2117.29  2060.84  2090.92  2033.58  2080.92  2229.28 
 2097.13  2114.70  2065.70  2114.18  2080.79  2072.35  2036.22  2103.11  2257.10 
 2048.08  2094.94  2071.82  2105.53  2093.54  2100.39  2060.94  2102.86  2237.52 
 2060.71  2120.94  2080.67  2090.93  2078.96  2090.43  2052.41  2125.08  2240.35 
 2067.03  2099.98  2110.51  2076.76  2061.66  2141.99  2067.17  2112.12  2260.53 
 2075.06  2078.72  2092.72  2069.74  2091.08  2104.10  2081.01  2097.94  2260.80 
 2068.68  2098.47  2061.20  2099.29  2065.84  2114.66  2074.86  2092.00  2222.88 
 2057.29  2048.01  2095.34  2111.08  2115.40  2088.71  2091.08  2072.74  2192.36 
 2118.14  2115.97  2087.54  2146.01  2060.30  2063.40  2057.66  2075.17  2259.12 
 2057.98  2091.95  2086.77  2091.82  2053.51  2099.36  2048.02  2087.72  2246.86 
 2032.48  2128.66  2056.81  2124.09  2072.10  2034.41  2110.43  2091.16  2253.04 
 2064.03  2088.57  2074.95  2109.07  2114.31  2084.91  2030.11  2100.15  2230.64 
 2064.55  2050.27  2044.04  2108.66  2062.03  2075.52  2090.75  2089.89  2286.09 
 2079.80  2128.05  2061.73  2109.09  2071.86  2103.33  2093.64  2148.30  2265.07 
 2027.97  2107.74  2114.71  2114.41  2047.84  2096.78  2052.00  2078.14  2252.00 
 2063.05  2073.42  2110.93  2089.15  2102.43  2106.84  2061.82  2082.92  2207.21 
 2068.54  2113.01  2116.90  2069.15  2090.90  2113.27  2040.32  2107.14  2232.38 
 2051.30  2073.30  2049.56  2073.37  2079.68  2154.75  2042.56  2064.54  2268.93 
 2076.64  2108.75  2090.05  2117.39  2027.40  2078.01  2053.37  2072.01  2241.59 
 2069.96  2097.73  2097.72  2127.12  2138.78  2105.21  2047.12  2115.00  2252.74 
 2047.34  2083.66  2077.56  2066.83  2055.15  2082.03  2065.48  2097.29  2274.26 
 2059.58  2127.51  2072.55  2110.12  2094.90  2100.86  2079.44  2128.72  2249.08 
 2057.28  2125.78  2053.31  2111.12  2043.09  2103.97  2074.83  2107.52  2236.90 
 2051.45  2115.25  2104.53  2085.84  2066.38  2101.29  2092.62  2068.34  2254.58 
 2057.42  2108.72  2061.21  2105.08  2090.32  2086.89  2067.84  2106.38  2210.44 
 2044.78  2087.55  2070.51  2102.37  2079.32  2094.80  2094.36  2088.40  2210.90 
 2080.29  2067.69  2050.86  2118.66  2061.92  2112.08  2042.85  2092.04  2271.66 
 2051.92  2067.17  2061.94  2103.24  2059.87  2112.84  2054.71  2097.59  2233.49 
 2056.32  2070.93  2072.78  2071.10  2100.71  2068.72  2101.54  2100.97  2228.31 
 2038.75  2137.28  2100.31  2133.88  2094.47  2099.36  2100.00  2116.47  2285.38 
 2065.34  2106.38  2102.95  2076.50  2097.67  2097.79  2050.05  2063.48  2245.46 
 2085.26  2117.49  2051.52  2103.02  2078.63  2105.82  2070.87  2094.05  2206.26 
 2090.06  2080.34  2069.47  2112.33  2042.55  2084.86  2045.24  2091.53  2212.93 
 2046.65  2055.92  2070.90  2110.66  2124.91  2105.93  2076.72  2098.66  2269.24 
 2050.19  2102.11  2078.50  2062.55  2087.85  2053.92  2044.65  2103.51  2260.15 
 2081.18  2140.47  2089.58  2096.53  2083.35  2098.27  2053.98  2124.16  2239.06 
 2095.33  2068.91  2093.98  2102.40  2103.26  2081.07  2103.21  2109.82  2231.03 
 2080.06  2076.20  2112.32  2085.43  2077.07  2084.26  2104.41  2064.01  2193.70 
 2049.10  2084.58  2076.81  2158.33  2049.67  2093.39  2100.79  2124.34  2264.12 
 2086.72  2092.77  2096.91  2097.37  2044.12  2100.59  2051.70  2106.10  2215.89 
 2068.78  2128.54  2069.82  2108.89  2082.59  2057.07  2056.74  2069.87  2218.56 
 2085.97  2065.61  2084.54  2089.86  2075.76  2081.98  2081.30  2087.70  2209.30 
 2055.54  2106.89  2090.83  2121.79  2108.94  2087.21  2054.63  2083.60  2224.09 
 2073.78  2082.06  2080.64  2111.66  2101.54  2105.20  2093.82  2097.28  2230.52 
 2045.35  2079.57  2077.77  2078.01  2113.05  2060.07  2091.61  2105.01  2265.42 
 2031.70  2121.23  2069.19  2129.22  2085.32  2089.90  2056.50  2079.46  2242.65 
 2049.67  2127.25  2088.01  2140.37  2070.32  2104.38  2079.63  2094.26  2264.84 
 2111.06  2126.61  2086.30  2109.37  2047.37  2109.44  2079.98  2099.70  2233.80 
 2074.11  2089.42  2045.50  2126.83  2122.75  2070.65  2062.97  2048.00  2260.03 
 2044.81  2120.50  2044.76  2058.40  2102.31  2090.42  2077.84  2097.83  2209.04 
 2039.12  2119.73  2071.79  2113.46  2110.00  2079.84  2077.01  2099.98  2282.90 
 2040.05  2127.73  2091.92  2057.41  2093.35  2081.43  2101.36  2102.78  2268.26 
 2065.75  2095.63  2090.86  2121.69  2052.23  2083.41  2087.38  2109.24  2231.13 
 2112.79  2103.98  2095.03  2083.83  2102.10  2071.14  2099.63  2136.00  2196.92 
 2043.98  2071.48  2090.18  2063.04  2082.40  2086.29  2098.07  2081.76  2253.55 
 2071.24  2118.65  2065.20  2089.01  2062.38  2119.56  2078.74  2121.34  2218.24 
 2068.39  2125.65  2101.78  2069.59  2088.28  2073.79  2060.64  2112.92  2216.85 
 2072.95  2097.07  2103.08  2109.84  2058.10  2107.08  2075.81  2094.35  2238.59 
 2051.28  2127.57  2071.55  2066.65  2061.00  2100.22  2046.57  2116.45  2222.83 
 2047.16  2047.40  2119.54  2105.08  2046.99  2079.59  2039.55  2113.50  2250.45 
 2002.99  2087.18  2081.35  2072.14  2083.84  2054.23  2110.89  2098.71  2254.48 
 2064.76  2049.38  2077.11  2095.09  2051.33  2096.71  2090.81  2100.17  2233.54 
 2069.04  2114.99  2091.24  2109.30  2077.26  2053.30  2050.23  2098.33  2255.14 
 2077.46  2084.25  2115.73  2111.11  2059.06  2092.30  2093.95  2120.17  2204.23 
 2098.53  2114.21  2095.58  2094.13  2108.73  2085.93  2073.37  2083.99  2261.90 
 2039.92  2088.92  2094.77  2102.32  2085.91  2078.26  2073.32  2061.68  2224.41 
 2066.45  2107.65  2091.09  2103.69  2069.45  2086.57  2047.81  2103.13  2219.49 
 2034.99  2082.62  2110.89  2098.50  2092.49  2125.10  2080.95  2103.60  2274.62 
 2069.71  2100.75  2082.44  2070.57  2039.74  2095.42  2025.94  2102.79  2260.72 
 2088.39  2105.24  2045.41  2097.09  2063.05  2083.26  2056.03  2068.26  2249.27 
 2038.53  2120.88  2087.80  2119.90  2100.03  2067.84  2072.21  2119.69  2289.57 
 2063.94  2130.05  2083.36  2103.00  2090.19  2120.32  2072.47  2124.38  2252.27 
 2074.72  2090.33  2092.55  2110.76  2115.78  2089.98  2045.20  2164.65  2261.43 
 2045.19  2091.68  2110.90  2088.73  2076.33  2067.98  2035.60  2088.44  2246.55 
 2065.89  2133.20  2070.55  2099.22  2104.54  2103.69  2056.41  2102.77  2229.53 
 2055.43  2088.56  2072.47  2038.07  2086.64  2087.15  2050.00  2088.06  2233.75 
 2051.42  2079.09  2082.62  2091.38  2079.82  2082.76  2081.41  2118.49  2276.46 
 2092.81  2101.43  2106.35  2097.03  2043.29  2115.99  2044.18  2085.60  2226.52 
 2037.01  2119.41  2075.20  2103.01  2080.10  2061.75  2059.02  2086.94  2254.35 
 2024.57  2113.67  2058.25  2102.62  2087.63  2112.81  2043.62  2095.32  2212.46 
 2060.46  2136.19  2139.93  2105.43  2097.86  2049.62  2041.60  2088.75  2235.49 
 2068.67  2115.68  2067.34  2108.11  2086.98  2107.11  2074.53  2084.90  2227.04 
 2078.76  2136.70  2082.23  2101.32  2075.20  2069.98  2051.95  2116.73  2222.40 
 2068.15  2109.54  2101.25  2124.26  2075.78  2110.69  2083.02  2090.96  2233.64 
 2081.57  2068.36  2091.45  2111.90  2088.60  2110.27  2044.07  2098.49  2245.83 
 2034.38  2130.28  2070.73  2104.25  2082.14  2116.43  2042.93  2112.97  2259.64 
 2074.86  2086.12  2078.87  2103.41  2067.14  2097.07  2043.53  2119.29  2290.63 
 2035.88  2086.33  2112.92  2120.16  2084.74  2132.10  2003.60  2113.39  2240.38 
 2063.05  2098.61  2102.82  2127.21  2092.60  2097.67  2047.03  2097.74  2209.73 
 2072.08  2103.24  2109.84  2098.12  2080.74  2103.55  2068.30  2097.12  2204.87 
 2045.58  2099.95  2116.34  2079.17  2102.26  2092.21  2056.36  2076.05  2267.22 
 2049.99  2079.96  2125.47  2098.54  2050.14  2098.59  2047.78  2152.41  2238.49 
 2073.12  2091.77  2096.77  2074.09  2090.72  2089.54  2051.34  2078.66  2245.86 
 2048.35  2108.32  2098.00  2122.07  2058.32  2066.86  2076.73  2125.70  2253.13 
 2073.77  2098.22  2095.24  2126.85  2032.27  2100.11  2076.01  2119.03  2217.83 
 2054.72  2077.53  2064.78  2075.77  2077.99  2070.15  2043.55  2080.87  2183.53 
 2070.72  2075.25  2082.64  2086.34  2051.26  2094.06  2051.13  2094.91  2246.43 
 2043.79  2050.81  2121.75  2086.69  2091.11  2069.06  2051.46  2079.76  2250.08 
 2090.38  2095.03  2024.56  2082.58  2074.18  2104.64  2046.62  2116.13  2252.95 
 2084.12  2069.33  2077.52  2087.03  2094.25  2100.95  2066.93  2084.92  2249.52 
 2054.77  2085.71  2124.51  2119.21  2057.20  2094.82  2091.12  2105.59  2277.66 
 2066.16  2087.00  2062.34  2105.20  2067.34  2115.77  2022.85  2100.14  2267.65 
 2067.71  2101.19  2078.35  2097.96  2082.91  2103.93  2037.40  2063.69  2249.03 
 2047.78  2096.40  2084.18  2118.89  2068.99  2074.84  2068.44  2121.43  2238.58 
 2066.68  2089.53  2100.11  2119.91  2100.59  2099.28  2051.55  2089.41  2277.64 
 2088.89  2100.71  2083.49  2107.20  2094.68  2088.06  2066.12  2088.92  2283.76 
 2046.76  2092.30  2109.36  2109.49  2056.37  2101.40  2061.22  2079.19  2185.27 
 2038.97  2099.11  2107.47  2125.46  2104.19  2082.84  2033.93  2081.48  2198.97 
 2077.31  2121.87  2074.92  2110.24  2029.65  2085.30  2052.14  2108.37  2226.88 
 2097.89  2072.15  2073.85  2074.30  2089.38  2114.16  2087.16  2070.66  2249.75 
 2065.46  2096.60  2108.24  2133.91  2092.39  2073.11  2031.27  2111.96  2276.43 
 2036.87  2107.78  2099.24  2072.65  2077.31  2117.75  2044.79  2091.19  2245.32 
 2041.30  2102.08  2047.78  2100.56  2075.65  2043.24  2036.67  2098.06  2227.03 
 2059.31  2050.66  2095.96  2089.38  2106.91  2112.64  2066.10  2106.85  2266.34 
 2070.90  2068.87  2085.53  2104.60  2109.25  2070.72  2065.63  2085.55  2251.73 
 2052.24  2091.71  2058.53  2046.17  2114.67  2071.44  2088.02  2091.31  2228.80 
 2041.51  2117.98  2053.07  2092.70  2064.43  2115.37  2037.50  2074.77  2227.18 
 2035.99  2048.42  2124.40  2117.22  2059.64  2136.53  2099.01  2082.65  2227.80 
 2063.67  2113.36  2121.28  2104.16  2059.78  2090.03  2014.29  2109.88  2226.17 
 2068.36  2102.59  2079.02  2111.68  2066.85  2053.61  2085.46  2138.72  2229.86 
 2050.55  2105.47  2119.86  2101.76  2069.29  2106.07  2087.61  2111.96  2212.18 
 2061.16  2110.41  2069.67  2108.24  2010.81  2118.89  2077.39  2108.70  2240.32 
 2101.73  2135.98  2075.93  2104.88  2086.98  2111.24  2063.43  2084.82  2199.46 
 2092.27  2107.87  2076.73  2118.88  2087.92  2081.57  2097.13  2079.06  2194.04 
 2048.68  2066.28  2059.61  2105.31  2062.60  2076.09  2039.30  2089.04  2235.68 
 2064.06  2132.44  2081.91  2111.64  2056.79  2147.17  2041.41  2081.69  2195.01 
 2039.51  2095.91  2050.61  2084.71  2070.17  2088.23  2077.68  2081.14  2197.41 
 2057.03  2090.11  2103.12  2094.62  2049.84  2111.06  2077.62  2061.35  2270.79 
 2042.45  2079.57  2038.86  2107.97  2066.80  2095.10  2077.05  2115.12  2253.12 
 2058.23  2148.02  2102.88  2080.93  2085.83  2109.23  2046.34  2084.04  2263.54 
 2089.51  2047.24  2073.59  2043.28  2028.80  2105.45  2057.42  2098.87  2236.34 
 2050.50  2068.61  2083.07  2089.90  2063.10  2078.13  2095.59  2114.28  2252.38 
 2045.41  2099.05  2134.98  2091.34  2042.81  2090.43  2051.52  2096.99  2263.58 
 2056.70  2096.07  2081.89  2119.03  2060.80  2073.15  2062.90  2056.17  2237.21 
 2060.82  2050.70  2101.70  2089.39  2064.78  2092.39  2060.03  2090.46  2235.11 
 2039.74  2153.21  2068.49  2070.72  2101.92  2103.97  2062.10  2153.98  2227.70 
 2081.66  2113.43  2085.80  2098.92  2056.31  2098.92  2069.50  2097.97  2236.96 
 2024.23  2081.64  2051.88  2122.55  2049.62  2090.39  2060.09  2087.92  2229.34 
 2059.33  2116.18  2077.57  2115.62  2077.88  2072.58  2046.47  2089.84  2266.28 
 2096.04  2093.93  2093.09  2085.03  2048.80  2106.23  2071.96  2109.87  2177.14 
 2052.91  2134.48  2067.11  2120.04  2040.21  2089.04  2064.09  2118.77  2257.17 
 2059.91  2123.51  2099.03  2121.55  2046.46  2090.65  2092.01  2114.49  2212.60 
 2044.52  2083.76  2105.65  2097.37  2060.18  2128.02  2076.58  2093.51  2237.98 
 2037.02  2073.79  2093.41  2086.02  2095.78  2055.03  2077.37  2094.68  2233.80 
 2048.98  2112.43  2078.59  2122.67  2063.23  2105.70  2052.77  2063.74  2210.63 
 2039.29  2100.83  2044.09  2108.07  2087.12  2094.10  2105.62  2134.94  2183.93 
 2072.61  2100.69  2110.41  2107.53  2079.41  2098.64  2061.78  2075.43  2226.99 
 2059.28  2108.21  2074.18  2085.24  2058.40  2090.00  2058.86  2169.11  2278.23 
 2074.89  2090.57  2079.64  2103.86  2068.78  2107.93  2055.30  2116.54  2226.81 
 2058.72  2110.18  2119.40  2064.62  2069.41  2066.19  2061.98  2132.12  2256.25 
 2100.72  2129.70  2035.42  2084.63  2112.98  2094.70  2073.70  2054.45  2224.60 
 2073.23  2105.33  2066.05  2079.91  2100.62  2092.00  2036.10  2116.35  2231.79 
 2041.07  2064.68  2047.46  2088.74  2060.23  2089.31  2078.67  2112.87  2247.60 
 2049.74  2129.09  2050.88  2089.37  2038.34  2091.69  2067.97  2098.77  2255.50 
 2033.27  2033.88  2067.74  2095.94  2039.41  2077.77  2045.16  2139.66  2260.99 
 2064.83  2092.57  2046.60  2084.60  2060.06  2120.19  2083.81  2091.45  2236.05 
 2081.92  2046.68  2086.51  2093.38  2051.73  2103.43  2086.05  2078.47  2287.83 
 2040.05  2099.18  2079.62  2082.23  2104.84  2073.66  2066.88  2116.89  2193.83 
 2058.27  2068.95  2073.49  2100.45  2075.57  2097.52  2060.32  2059.66  2231.43 
 2052.96  2080.25  2113.41  2049.51  2077.86  2072.80  2102.50  2139.66  2252.14 
 2065.76  2091.96  2091.21  2101.84  2055.15  2088.14  2040.55  2082.28  2252.58 
 2061.30  2098.71  2101.90  2102.05  2046.28  2111.03  2038.33  2097.31  2252.60 
 2069.54  2078.79  2107.68  2108.91  2091.65  2071.19  2054.12  2105.31  2247.87 
 2078.16  2091.79  2100.31  2095.97  2108.68  2105.62  2132.35  2051.36  2218.25 
 2047.08  2104.49  2075.94  2086.30  2069.38  2094.84  2032.42  2075.34  2266.32 
 2056.49  2085.71  2072.94  2097.96  2076.88  2071.56  2054.82  2078.36  2263.68 
 2091.31  2098.45  2100.10  2116.34  2049.04  2124.55  2115.13  2134.53  2245.67 
 2062.49  2107.79  2102.20  2086.53  2088.77  2076.98  2098.68  2091.50  2203.42 
 2099.56  2111.53  2085.01  2096.68  2071.50  2049.12  2049.42  2062.53  2244.83 
 2058.07  2086.08  2082.00  2071.03  2134.31  2061.99  2071.33  2080.47  2231.99 
 2054.01  2126.51  2112.90  2120.76  2054.93  2095.24  2039.43  2120.04  2264.70 
 2018.78  2116.71  2074.56  2118.49  2071.69  2118.62  2052.67  2090.96  2198.32 
 2079.69  2105.31  2122.51  2131.74  2072.40  2117.19  2079.49  2122.94  2252.19 
 2077.84  2110.44  2038.93  2073.01  2052.63  2095.98  2068.44  2121.11  2221.30 
 2058.30  2097.97  2089.96  2104.23  2016.03  2094.75  2014.47  2106.16  2237.17 
 2073.38  2105.75  2099.92  2117.75  2070.20  2117.21  2057.05  2139.02  2219.41 
 2108.74  2104.02  2124.02  2103.14  2079.21  2094.86  2073.61  2071.08  2217.11 
 2050.08  2090.27  2103.31  2142.67  2082.33  2075.58  2064.62  2102.10  2225.36 
 2048.47  2119.71  2077.21  2123.11  2098.28  2055.62  2037.83  2082.39  2222.35 
 2087.58  2156.57  2080.07  2101.52  2107.74  2125.20  2121.57  2104.98  2228.98 
 2049.44  2052.89  2066.04  2108.10  2070.46  2089.35  2078.52  2097.33  2272.87 
 2048.36  2092.98  2084.93  2113.07  2094.33  2117.70  2070.28  2121.26  2226.52 
 2047.40  2095.52  2124.82  2100.44  2079.35  2098.83  2108.24  2093.24  2230.27 
 2044.61  2089.29  2083.98  2110.15  2069.74  2107.49  2047.76  2108.19  2222.94 
 2054.97  2113.52  2075.94  2112.75  2104.56  2061.45  2075.99  2086.34  2254.81 
 2028.13  2050.45  2101.92  2112.14  2027.06  2117.00  2112.70  2080.76  2226.45 
 2075.02  2083.49  2115.02  2093.19  2077.15  2071.36  2051.53  2088.62  2260.52 
 2054.69  2123.73  2098.09  2073.80  2079.02  2079.10  2078.44  2130.04  2265.11 
 2074.73  2108.63  2066.33  2095.57  2093.00  2101.22  2067.64  2082.72  2246.79 
 2047.89  2081.64  2104.16  2094.00  2061.09  2087.57  2081.32  2082.05  2251.34 
 2052.24  2114.95  2059.84  2126.28  2080.18  2112.82  2065.94  2084.03  2244.43 
 2038.23  2059.99  2058.74  2107.08  2081.84  2115.76  2062.42  2105.24  2221.55 
 2056.78  2091.45  2045.28  2097.52  2044.43  2106.46  2059.61  2120.95  2233.22 
 2041.42  2116.48  2079.17  2143.39  2046.56  2073.81  2062.11  2096.92  2245.99 
 2095.17  2052.23  2079.24  2120.90  2059.70  2085.03  2040.44  2082.95  2221.76 
 2055.80  2099.45  2103.76  2098.45  2074.40  2108.66  2032.41  2092.03  2231.21 
 2075.90  2139.13  2069.29  2111.10  2098.22  2085.30  2046.70  2078.43  2217.39 
 2065.65  2079.54  2073.24  2143.20  2091.28  2092.93  2067.59  2085.59  2220.50 
 2051.21  2095.51  2084.33  2104.23  2049.27  2084.40  2091.42  2103.77  2277.12 
 2060.53  2088.30  2120.29  2107.19  2075.41  2107.88  2091.18  2117.57  2263.41 
 2083.09  2121.56  2092.58  2087.13  2109.45  2083.28  2104.93  2143.94  2280.43 
 2056.93  2075.60  2073.41  2075.70  2080.63  2076.36  2038.61  2113.78  2287.14 
 2072.15  2103.57  2073.55  2117.42  2021.78  2079.30  2057.68  2081.84  2263.62 
 2044.64  2083.01  2094.77  2128.48  2088.72  2084.61  2064.07  2084.42  2219.07 
 2107.70  2138.57  2052.00  2081.20  2074.01  2095.39  2058.34  2101.42  2248.87 
 2035.84  2082.17  2105.41  2081.93  2078.22  2126.06  2057.49  2064.88  2228.18 
 2090.91  2107.26  2045.28  2080.08  2095.72  2078.77  2072.35  2111.79  2284.42 
 2075.34  2117.92  2095.31  2126.90  2115.39  2083.92  2061.00  2100.33  2255.33 
 2039.33  2108.47  2087.52  2083.48  2105.08  2098.57  2071.42  2097.30  2242.58 
 2059.64  2115.20  2084.18  2128.79  2091.02  2075.67  2041.31  2088.18  2217.73 
 2062.72  2106.14  2092.33  2101.55  2089.46  2120.09  2040.24  2124.35  2270.90 
 2069.26  2063.42  2091.04  2089.31  2103.90  2107.83  2020.52  2081.98  2248.12 
 2067.12  2048.81  2082.88  2149.59  2116.67  2070.31  2058.18  2100.15  2224.44 
 2040.80  2081.60  2055.00  2131.68  2068.07  2077.94  2056.37  2073.41  2246.36 
 2053.76  2069.31  2089.45  2101.60  2104.26  2103.11  2080.89  2110.60  2235.55 
 2068.08  2108.84  2104.73  2088.06  2084.27  2100.59  2024.21  2112.22  2204.55 
 2088.00  2071.09  2045.99  2079.81  2067.02  2087.99  2051.76  2087.64  2261.72 
 2089.18  2088.05  2066.46  2132.10  2064.53  2133.73  2028.40  2101.54  2238.24 
 2030.32  2057.98  2068.73  2110.33  2059.17  2049.11  2071.14  2132.04  2252.38 
 2028.97  2057.87  2073.78  2132.51  2092.38  2081.19  2062.53  2065.34  2278.55 
 2032.41  2114.41  2074.56  2106.25  2091.79  2084.86  2062.60  2093.82  2233.11 
 2058.45  2129.63  2102.12  2074.98  2047.64  2049.03  2075.60  2116.30  2252.61 
 2056.61  2066.52  2065.14  2103.01  2069.09  2086.82  2044.12  2109.96  2245.47 
 2086.11  2074.31  2086.41  2085.11  2068.11  2087.62  2050.36  2102.85  2241.92 
 2047.33  2106.57  2077.86  2096.39  2107.18  2061.66  2066.78  2104.25  2272.68 
 2042.16  2103.71  2108.57  2098.72  2079.80  2082.05  2059.59  2106.26  2215.24 
 2100.32  2090.51  2109.33  2115.81  2052.34  2080.13  2078.68  2077.17  2235.53 
 2093.26  2081.14  2125.56  2127.35  2047.20  2096.10  2086.16  2112.55  2219.23 
 2058.14  2049.76  2123.72  2079.97  2089.64  2092.26  2051.90  2080.59  2258.27 
 2042.94  2102.90  2084.09  2070.26  2076.84  2121.22  2038.80  2120.74  2220.03 
 2057.78  2088.06  2083.95  2082.69  2091.90  2098.31  2082.49  2109.14  2253.02 
 2050.90  2092.57  2087.15  2117.70  2083.27  2113.64  2105.75  2100.64  2286.22 
 2051.59  2115.84  2118.04  2071.86  2061.69  2122.91  2079.88  2108.57  2235.51 
 2046.90  2075.31  2085.39  2130.63  2039.06  2089.13  2084.88  2111.68  2239.47 
 2070.72  2193.11  2091.21  2099.80  2048.69  2083.38  2045.76  2100.52  2180.51 
 2083.28  2112.75  2097.03  2074.14  2081.07  2057.72  2044.19  2136.15  2221.28 
 2090.44  2101.69  2078.88  2113.93  2070.78  2043.93  2055.80  2033.92  2272.26 
 2065.01  2072.77  2105.91  2114.89  2075.08  2099.85  2075.24  2093.47  2233.79 
 2036.57  2089.60  2095.94  2073.73  2043.71  2113.88  2050.92  2135.51  2225.77 
 2043.02  2098.88  2068.88  2078.25  2093.98  2094.01  2060.76  2158.71  2264.54 
 2065.09  2071.50  2092.92  2077.22  2118.68  2077.01  2073.86  2084.69  2281.90 
 2067.94  2103.17  2076.27  2073.30  2053.16  2127.40  2076.36  2104.26  2257.36 
 2109.45  2104.38  2083.96  2094.53  2070.68  2141.05  2049.67  2080.45  2216.22 
 2065.29  2082.96  2082.29  2134.85  2066.44  2107.01  2063.40  2088.07  2252.06 
 2038.96  2107.90  2059.89  2098.40  2077.01  2108.80  2059.72  2101.71  2240.65 
 2074.52  2055.15  2105.74  2084.10  2081.84  2106.98  2064.22  2139.59  2279.12 
 2063.34  2085.68  2065.28  2096.48  2038.42  2084.02  2048.32  2107.93  2248.25 
 2092.66  2121.44  2110.93  2091.95  2120.44  2087.30  2067.84  2141.50  2260.53 
 2081.46  2109.26  2115.81  2088.41  2081.06  2086.27  2076.97  2085.38  2261.71 
 2041.14  2069.35  2087.25  2080.96  2088.87  2073.00  2058.64  2095.84  2282.44 
 2056.59  2099.00  2050.60  2096.88  2092.75  2073.51  2036.05  2120.96  2257.74 
 2055.27  2097.56  2055.61  2104.44  2074.14  2049.05  2080.95  2121.31  2233.97 
 2058.34  2101.76  2090.59  2114.58  2062.57  2089.41  2044.41  2093.45  2248.08 
 2050.78  2089.10  2086.43  2101.06  2066.64  2104.07  2060.96  2136.55  2236.16 
 2070.34  2071.40  2073.06  2085.24  2069.22  2093.60  2022.92  2043.46  2264.35 
 2048.95  2105.01  2081.68  2058.32  2084.82  2075.88  2017.24  2091.89  2196.66 
 2062.99  2090.72  2090.17  2097.35  2041.95  2083.98  2041.86  2084.61  2240.32 
 2045.53  2125.17  2088.68  2088.64  2043.96  2095.66  2048.14  2071.72  2234.28 
 2030.90  2117.80  2121.96  2134.85  2042.63  2096.84  2048.82  2111.20  2184.15 
 2073.59  2142.62  2062.94  2087.84  2051.27  2089.59  2042.54  2114.82  2252.85 
 2077.14  2077.62  2056.47  2088.78  2087.40  2053.66  2049.12  2089.82  2235.37 
 2020.46  2113.02  2093.38  2093.75  2041.67  2091.46  2097.27  2094.36  2210.53 
 2047.86  2101.64  2081.26  2129.88  2086.33  2077.22  2052.70  2089.63  2245.72 
 2043.00  2143.33  2073.26  2099.34  2072.44  2073.16  2026.77  2079.38  2201.30 
 2041.60  2130.95  2064.84  2135.72  2070.82  2083.59  2063.51  2080.52  2228.85 
 2085.22  2116.84  2129.90  2105.93  2066.37  2057.24  2057.83  2108.39  2206.61 
 2031.20  2098.07  2083.34  2095.66  2091.23  2096.82  2046.53  2096.01  2228.34 
 2089.99  2062.30  2071.84  2090.36  2084.19  2088.76  2086.21  2053.61  2209.13 
 2052.64  2106.09  2034.53  2070.41  2083.37  2100.89  2094.16  2109.01  2252.72 
 2032.12  2097.41  2058.23  2054.82  2085.48  2116.65  2093.87  2079.06  2237.19 
 2041.35  2058.53  2035.38  2098.82  2056.66  2102.68  2049.82  2116.01  2218.49 
 2050.54  2077.80  2083.87  2085.16  2072.96  2094.12  2082.65  2170.16  2222.61 
 2063.00  2114.23  2076.53  2087.57  2064.66  2037.65  2079.08  2095.78  2233.16 
 2040.24  2060.88  2103.99  2054.52  1991.35  2051.81  2002.42  2066.77  2250.48 
 2042.11  2061.73  2064.54  2067.49  2045.53  2073.43  2046.60  2071.52  2184.26 
 2062.47  2065.99  2103.55  2077.02  2078.90  2055.49  2020.53  2082.24  2217.87 
 2069.73  2087.14  2076.63  2071.54  2014.62  2100.90  2033.91  2058.57  2261.27 
 2038.26  2123.86  2084.42  2123.88  2050.43  2062.51  2084.83  2096.49  2185.67 
 2083.91  2105.66  2029.73  2108.65  2070.68  2077.87  2071.51  2069.42  2245.14 
 2080.13  2070.58  2104.72  2120.47  2073.49  2106.76  2067.67  2119.32  2259.89 
 2012.78  2067.51  2052.81  2126.08  2037.71  2045.99  2095.75  2080.09  2245.21 
 2104.75  2055.37  2079.45  2117.71  2055.59  2087.70  2021.06  2091.44  2227.18 
 2086.16  2096.55  2057.97  2106.64  2079.77  2106.52  2054.64  2103.09  2227.75 
 2028.64  2080.07  2101.13  2102.31  2066.24  2081.28  2041.28  2063.74  2212.29 
 2063.05  2071.47  2085.69  2082.79  2053.37  2078.86  2038.97  2090.98  2222.72 
 2043.89  2099.98  2092.36  2098.24  2071.05  2113.50  2044.70  2117.02  2238.98 
 2086.76  2092.78  2107.16  2127.78  2070.74  2073.22  2106.69  2075.37  2242.57 
