 2181.39  2097.48  2200.41  2173.62  2137.86  2127.30  2158.94  2150.80  2279.77 
 2147.48  2046.69  2146.88  2096.75  2077.55  2115.80  2097.90  2100.77  2203.34 
 2171.44  2082.11  2209.27  2164.21  2101.06  2169.48  2195.51  2147.72  2274.88 
 2120.26  2017.95  2134.73  2113.18  2104.03  2107.57  2107.14  2116.25  2212.27 
 2159.96  2120.74  2168.19  2145.03  2138.08  2102.33  2160.72  2127.59  2269.57 
 2118.25  2057.06  2164.76  2106.56  2063.20  2062.28  2071.47  2102.22  2214.61 
 2169.88  2097.95  2176.84  2157.18  2123.83  2103.70  2129.66  2146.66  2329.08 
 2139.24  2005.67  2134.30  2120.20  2095.53  2058.93  2101.61  2093.70  2205.21 
 2162.64  2094.97  2205.88  2170.53  2094.57  2136.61  2151.91  2106.56  2291.91 
 2113.67  2054.02  2159.20  2113.03  2084.42  2024.74  2094.28  2102.60  2243.70 
 2132.80  2065.36  2166.40  2178.69  2160.66  2146.14  2147.85  2143.54  2279.79 
 2145.04  2015.23  2162.81  2109.81  2103.11  2038.92  2145.46  2116.01  2198.77 
 2196.97  2105.16  2190.29  2158.49  2154.73  2177.93  2128.54  2147.05  2287.10 
 2136.73  2039.49  2151.85  2121.28  2111.46  2042.38  2104.72  2114.74  2201.40 
 2159.42  2075.78  2184.16  2150.96  2132.87  2106.73  2186.84  2166.90  2287.31 
 2146.32  2046.83  2120.96  2097.87  2081.69  2004.19  2119.53  2075.15  2203.17 
 2143.28  2066.69  2162.90  2155.30  2106.56  2124.55  2152.44  2104.70  2263.27 
 2116.27  2026.32  2097.53  2123.71  2084.70  2052.47  2125.47  2086.26  2195.51 
 2202.39  2050.19  2178.88  2152.22  2129.28  2140.26  2104.41  2165.42  2272.95 
 2095.13  2034.48  2168.93  2101.80  2104.92  2086.16  2105.85  2110.82  2234.95 
 2171.66  2118.91  2193.51  2151.99  2120.24  2164.63  2184.02  2140.34  2264.19 
 2148.58  2080.73  2141.24  2124.42  2087.33  2037.74  2124.97  2085.62  2228.03 
 2193.91  2076.65  2207.64  2184.27  2126.32  2121.37  2167.27  2180.57  2286.90 
 2128.39  2038.69  2113.97  2113.23  2084.25  2061.89  2069.89  2088.98  2172.60 
 2168.11  2083.61  2196.24  2171.71  2146.68  2154.78  2186.18  2171.28  2218.72 
 2124.02  2049.96  2131.36  2102.78  2086.23  2058.43  2100.38  2068.20  2232.68 
 2155.66  2102.89  2217.79  2176.30  2145.92  2134.42  2158.59  2166.57  2253.55 
 2146.61  2032.30  2146.25  2114.75  2088.77  2077.18  2081.24  2074.38  2195.74 
 2192.40  2076.74  2165.26  2205.24  2159.78  2145.20  2139.45  2136.06  2257.07 
 2119.18  2049.49  2153.07  2120.36  2075.50  2091.15  2074.68  2081.85  2198.99 
 2195.89  2062.02  2194.27  2177.13  2175.83  2078.41  2187.50  2148.42  2289.55 
 2165.16  2020.29  2144.69  2106.55  2059.47  2067.36  2131.33  2086.57  2209.56 
 2150.53  2128.01  2179.53  2188.65  2135.55  2149.63  2172.77  2139.61  2252.22 
 2142.52  2033.77  2113.39  2108.33  2126.44  2091.60  2105.58  2069.93  2230.22 
 2173.80  2093.21  2185.51  2194.47  2144.14  2147.68  2169.71  2145.84  2259.16 
 2112.76  2044.83  2129.11  2094.36  2067.78  2073.15  2094.47  2113.41  2224.85 
 2156.00  2072.29  2198.68  2185.63  2153.58  2100.82  2156.62  2127.70  2262.41 
 2119.36  2040.45  2137.16  2147.63  2048.11  2098.32  2104.61  2126.13  2235.94 
 2205.17  2101.12  2193.36  2155.90  2119.31  2116.45  2160.32  2138.26  2268.54 
 2088.14  2029.09  2139.12  2105.76  2075.99  2077.33  2094.11  2086.61  2258.45 
 2146.98  2097.85  2199.79  2143.42  2140.51  2167.27  2160.08  2141.20  2224.22 
 2144.85  2012.55  2143.51  2133.05  2094.76  2047.03  2083.17  2103.89  2193.80 
 2175.97  2073.41  2214.89  2172.81  2140.08  2114.89  2122.53  2141.07  2294.62 
 2182.41  2003.95  2145.97  2149.30  2102.86  2099.78  2112.07  2121.23  2226.49 
 2214.84  2067.26  2162.03  2140.41  2169.97  2151.18  2164.08  2136.52  2290.16 
 2135.01  2001.65  2140.98  2161.28  2095.99  2072.35  2081.98  2099.30  2205.21 
 2165.08  2061.89  2231.74  2141.57  2162.00  2131.97  2150.83  2198.89  2283.24 
 2153.05  2034.50  2136.16  2106.69  2097.15  2083.96  2119.44  2075.87  2216.32 
 2211.05  2060.38  2188.61  2145.39  2118.96  2137.03  2122.21  2173.55  2269.29 
 2133.77  2022.82  2114.87  2154.00  2158.60  2058.21  2143.27  2086.18  2221.53 
 2168.66  2095.66  2177.64  2188.29  2156.55  2137.61  2168.52  2159.34  2279.49 
 2119.82  2014.48  2125.08  2126.15  2101.90  2110.16  2120.85  2093.95  2181.66 
 2179.40  2094.96  2179.62  2154.02  2144.66  2114.24  2133.18  2132.39  2252.67 
 2128.12  2016.08  2152.75  2085.95  2044.91  2082.97  2115.63  2099.55  2226.22 
 2173.88  2064.75  2192.73  2144.36  2106.96  2162.15  2157.55  2167.17  2279.88 
 2155.42  2061.06  2124.46  2131.67  2085.64  2071.50  2127.78  2105.39  2214.28 
 2191.62  2067.11  2176.08  2173.29  2108.91  2119.97  2124.44  2139.27  2311.57 
 2167.68  2062.13  2130.73  2069.84  2102.48  2028.04  2131.27  2126.62  2230.57 
 2164.66  2109.39  2200.70  2169.38  2174.51  2142.14  2138.97  2118.84  2328.31 
 2128.30  2021.19  2161.45  2114.07  2118.59  2082.73  2091.58  2103.66  2245.89 
 2179.26  2110.80  2162.50  2178.12  2131.51  2117.73  2189.28  2136.16  2294.86 
 2128.24  2065.81  2084.68  2130.29  2107.64  2039.51  2087.92  2066.77  2238.65 
 2175.02  2102.62  2160.23  2163.48  2130.50  2158.08  2143.45  2164.91  2272.74 
 2089.34  2033.73  2137.96  2126.26  2070.14  2061.02  2094.21  2072.82  2228.77 
 2197.24  2063.79  2155.33  2154.65  2136.69  2116.86  2165.15  2151.05  2259.67 
 2119.45  2027.03  2142.45  2068.30  2088.47  2060.82  2140.19  2108.63  2214.09 
 2156.10  2060.83  2176.44  2169.58  2139.83  2151.30  2145.67  2140.90  2290.82 
 2111.74  2024.59  2150.94  2100.71  2084.72  2077.39  2061.62  2091.13  2180.73 
 2165.84  2067.07  2173.40  2174.38  2082.80  2153.36  2172.86  2189.24  2260.26 
 2134.88  2013.45  2123.84  2103.25  2129.75  2049.83  2109.27  2072.97  2220.30 
 2174.75  2083.39  2216.99  2175.63  2154.22  2130.81  2157.45  2132.90  2299.76 
 2141.23  2035.16  2112.32  2121.37  2063.78  2075.43  2106.18  2118.21  2240.98 
 2154.16  2075.20  2173.32  2188.00  2151.23  2178.44  2144.39  2130.87  2252.40 
 2172.50  2044.01  2142.45  2154.21  2082.98  2058.97  2078.80  2083.67  2219.61 
 2179.45  2067.17  2208.60  2177.70  2140.55  2129.91  2134.70  2152.70  2262.26 
 2174.06  2005.92  2102.00  2086.23  2106.74  2098.32  2130.51  2104.31  2190.20 
 2173.78  2070.70  2213.31  2177.30  2135.68  2136.20  2169.24  2157.92  2250.16 
 2122.97  2035.94  2164.28  2136.90  2083.60  2053.61  2121.90  2113.33  2255.49 
 2171.84  2101.72  2206.32  2135.21  2155.87  2102.22  2169.49  2097.80  2320.15 
 2121.25  2049.90  2101.83  2108.25  2065.07  2047.48  2087.22  2068.40  2223.50 
 2187.77  2051.42  2158.69  2154.54  2128.92  2130.14  2174.55  2148.97  2271.59 
 2152.81  2098.40  2142.18  2108.74  2081.74  2067.97  2089.60  2117.45  2245.05 
 2225.49  2101.00  2183.05  2184.60  2128.10  2138.49  2175.92  2110.39  2236.16 
 2161.27  2054.48  2135.80  2097.21  2131.63  2068.22  2110.27  2132.93  2237.56 
 2179.57  2055.99  2179.16  2179.50  2166.78  2128.59  2168.29  2128.53  2272.65 
 2145.46  2016.80  2110.22  2099.95  2075.15  2064.17  2062.90  2082.84  2227.07 
 2173.28  2040.67  2188.02  2198.27  2124.29  2143.41  2143.66  2131.32  2314.66 
 2132.77  2028.20  2101.80  2105.81  2053.28  2069.26  2126.81  2085.82  2217.08 
 2153.59  2090.78  2209.08  2199.03  2140.52  2077.79  2165.42  2173.69  2296.02 
 2187.82  2093.40  2150.34  2078.56  2062.16  2045.83  2109.79  2109.79  2206.03 
 2185.61  2077.31  2197.16  2164.05  2157.53  2167.36  2141.54  2139.86  2284.41 
 2159.71  2038.64  2137.40  2102.58  2078.03  2066.61  2110.78  2119.78  2230.82 
 2206.13  2062.08  2200.19  2140.45  2151.48  2138.27  2160.90  2150.40  2245.26 
 2134.59  2050.01  2153.88  2093.20  2077.10  2106.38  2083.52  2085.23  2215.09 
 2231.58  2085.03  2147.07  2186.19  2158.83  2079.81  2155.51  2139.03  2257.75 
 2126.71  2046.08  2135.71  2108.03  2074.64  2097.41  2098.29  2071.96  2232.96 
 2160.85  2071.25  2162.49  2133.37  2096.99  2140.68  2142.24  2132.31  2281.15 
 2113.17  2017.95  2158.04  2162.54  2099.96  2099.20  2084.52  2096.07  2267.42 
 2154.65  2111.19  2179.46  2210.64  2145.87  2154.82  2187.00  2144.43  2275.50 
 2145.40  2030.24  2121.57  2094.09  2094.25  2096.32  2107.16  2134.91  2213.84 
 2156.83  2097.41  2196.85  2176.46  2118.12  2100.78  2184.22  2137.43  2267.21 
 2128.26  2033.04  2137.49  2118.73  2020.40  2081.72  2108.12  2095.35  2260.73 
 2149.50  2093.70  2201.37  2147.32  2092.23  2140.83  2158.43  2067.53  2265.63 
 2145.42  2026.22  2084.30  2092.31  2109.72  2077.63  2114.79  2090.80  2214.55 
 2172.60  2068.95  2193.24  2208.56  2135.01  2142.05  2149.27  2168.51  2222.46 
 2137.68  2016.77  2181.25  2146.20  2070.52  2061.89  2152.68  2113.41  2223.47 
 2170.77  2082.97  2156.46  2150.01  2118.74  2146.82  2182.20  2172.13  2271.88 
 2163.18  2031.55  2123.49  2114.69  2054.05  2070.45  2089.84  2114.08  2201.63 
 2183.96  2082.38  2182.53  2199.17  2153.77  2120.76  2174.74  2158.09  2244.28 
 2135.17  2029.27  2173.59  2111.16  2151.35  2084.61  2102.90  2108.32  2248.07 
 2163.06  2115.65  2154.20  2144.02  2170.71  2135.76  2142.73  2128.53  2270.99 
 2164.94  2064.06  2156.68  2116.81  2038.71  2100.75  2113.20  2106.75  2257.43 
 2209.82  2066.93  2219.27  2172.47  2147.99  2119.25  2200.41  2148.36  2202.32 
 2118.34  2055.41  2103.93  2147.69  2096.29  2087.20  2084.87  2093.55  2206.03 
 2233.15  2094.95  2192.00  2150.35  2128.80  2131.34  2152.08  2128.94  2258.40 
 2173.15  2062.47  2100.79  2097.15  2120.33  2097.98  2091.92  2082.52  2230.47 
 2189.42  2097.78  2174.47  2176.71  2151.90  2128.61  2201.46  2143.04  2206.13 
 2156.42  2032.76  2107.65  2096.21  2124.94  2066.55  2077.66  2071.41  2202.83 
 2200.48  2076.68  2205.82  2156.02  2148.66  2108.41  2088.32  2191.98  2275.87 
 2116.70  2034.92  2124.17  2125.95  2060.46  2031.99  2112.16  2066.57  2234.15 
 2150.62  2102.99  2151.64  2166.58  2114.18  2155.68  2153.09  2146.62  2239.16 
 2154.21  2036.99  2143.91  2131.52  2085.23  2026.76  2122.96  2095.90  2219.13 
 2186.65  2085.63  2210.56  2114.18  2166.86  2123.17  2178.37  2170.82  2296.76 
 2137.92  1985.96  2137.84  2147.45  2068.08  2057.83  2064.47  2131.11  2211.38 
 2203.27  2058.82  2175.47  2180.78  2126.60  2104.64  2133.02  2150.18  2261.04 
 2121.64  2016.25  2111.35  2117.02  2081.45  2081.31  2079.44  2065.65  2258.20 
 2176.85  2074.93  2182.97  2137.91  2120.85  2147.08  2150.52  2127.10  2267.30 
 2103.70  2065.61  2136.75  2059.12  2070.02  2068.47  2090.16  2082.63  2250.62 
 2166.35  2100.63  2161.73  2172.92  2134.83  2148.58  2155.13  2145.12  2268.09 
 2145.55  2031.61  2182.16  2103.34  2124.63  2030.59  2082.62  2104.85  2204.01 
 2226.82  2098.38  2206.46  2203.25  2101.57  2141.48  2172.39  2143.93  2275.35 
 2109.03  2033.59  2118.93  2122.37  2104.48  2069.67  2121.62  2032.05  2202.42 
 2208.17  2086.49  2188.83  2178.83  2158.38  2128.27  2147.15  2120.63  2287.31 
 2143.35  2039.80  2119.09  2153.71  2057.37  2078.13  2118.83  2124.83  2228.77 
 2191.32  2072.35  2152.96  2139.31  2193.27  2140.81  2173.59  2147.31  2242.79 
 2161.90  2041.46  2145.00  2123.03  2049.57  2033.60  2080.05  2079.53  2241.40 
 2178.83  2108.20  2199.77  2183.91  2097.85  2137.59  2114.61  2142.62  2260.07 
 2177.93  2049.61  2160.96  2125.53  2061.43  2074.72  2086.37  2118.83  2215.39 
 2193.76  2109.47  2157.36  2188.59  2160.45  2117.72  2149.73  2133.98  2309.58 
 2115.98  2010.29  2162.23  2114.22  2100.76  2066.23  2125.63  2066.31  2229.82 
 2203.05  2106.42  2161.62  2207.28  2121.02  2136.71  2157.71  2145.53  2251.70 
 2135.67  2091.57  2148.41  2128.32  2052.65  2039.43  2106.16  2067.74  2220.31 
 2186.96  2121.94  2174.84  2151.97  2149.20  2153.45  2154.15  2136.24  2268.86 
 2116.21  2052.71  2136.98  2175.03  2086.28  2068.48  2119.31  2075.13  2230.35 
 2219.35  2109.50  2160.68  2200.71  2132.65  2142.59  2156.05  2143.97  2270.84 
 2135.10  2045.36  2147.56  2116.62  2095.61  2032.33  2084.22  2110.04  2239.79 
 2193.23  2115.75  2193.79  2151.47  2129.07  2131.45  2204.20  2163.84  2275.91 
 2145.14  2065.01  2128.98  2137.16  2083.12  2113.56  2117.71  2072.88  2221.62 
 2215.88  2081.54  2118.12  2176.35  2129.51  2082.37  2177.25  2138.69  2276.28 
 2180.18  2054.91  2178.91  2118.08  2114.78  2101.10  2098.91  2100.85  2221.21 
 2237.45  2085.53  2158.64  2200.70  2149.78  2124.41  2159.09  2141.11  2249.17 
 2144.60  2055.62  2144.61  2112.11  2117.38  2056.93  2108.35  2076.77  2237.97 
 2132.22  2100.97  2131.79  2177.56  2127.13  2131.37  2144.16  2162.31  2245.51 
 2135.74  2008.64  2154.52  2174.80  2115.20  2081.73  2121.85  2108.00  2224.59 
 2191.65  2089.68  2188.09  2167.96  2156.73  2133.26  2164.45  2136.77  2266.97 
 2175.48  2049.95  2140.77  2140.44  2119.12  2067.42  2170.78  2086.69  2200.95 
 2212.18  2127.09  2185.99  2173.22  2160.79  2110.84  2193.16  2152.10  2256.86 
 2122.31  2017.32  2160.38  2124.20  2060.08  2040.60  2131.80  2103.98  2267.53 
 2195.95  2105.43  2154.18  2175.31  2167.37  2166.61  2177.61  2138.68  2271.05 
 2146.90  2017.69  2104.28  2088.63  2097.37  2060.97  2112.97  2089.25  2226.63 
 2173.30  2084.34  2205.41  2179.96  2150.89  2091.12  2156.70  2120.44  2283.07 
 2150.47  2036.40  2163.57  2107.88  2088.85  2076.95  2090.87  2072.37  2219.58 
 2164.88  2063.61  2166.13  2184.53  2147.45  2119.81  2142.43  2137.55  2289.22 
 2153.99  2033.89  2115.96  2140.32  2107.58  2063.48  2083.76  2072.01  2278.98 
 2151.18  2077.78  2195.47  2197.25  2156.79  2133.24  2163.29  2124.98  2273.87 
 2158.09  2071.57  2116.18  2109.60  2069.96  2122.00  2153.57  2069.69  2221.60 
 2198.27  2083.70  2158.12  2208.24  2097.19  2125.14  2171.05  2172.35  2238.70 
 2087.95  2041.78  2124.63  2113.58  2093.63  2078.42  2082.20  2131.57  2254.44 
 2219.08  2086.95  2174.84  2154.82  2151.58  2120.44  2184.85  2127.05  2284.83 
 2135.58  2010.46  2143.44  2135.98  2073.82  2066.98  2106.65  2092.11  2208.23 
 2141.65  2096.35  2195.27  2199.81  2134.54  2112.73  2113.55  2156.67  2285.04 
 2139.66  2027.65  2119.83  2098.35  2086.07  2048.43  2091.34  2083.72  2260.64 
 2174.14  2051.64  2213.99  2175.05  2120.49  2136.37  2130.59  2138.33  2249.23 
 2127.36  2047.13  2140.96  2124.93  2105.43  2090.66  2123.43  2090.56  2220.23 
 2194.58  2097.16  2214.93  2139.76  2131.62  2134.00  2148.33  2162.95  2249.82 
 2150.89  2055.28  2140.23  2121.62  2109.89  2050.30  2097.06  2108.20  2202.94 
 2162.01  2066.44  2166.69  2175.08  2149.23  2084.50  2187.43  2129.94  2257.33 
 2151.20  2011.47  2157.04  2118.97  2104.76  2053.26  2146.32  2121.28  2206.35 
 2197.81  2095.86  2184.02  2187.18  2116.55  2140.45  2163.28  2191.15  2267.60 
 2114.98  2052.62  2125.83  2129.67  2077.59  2063.35  2108.06  2114.30  2206.26 
 2196.43  2102.41  2190.45  2163.36  2201.16  2107.27  2159.39  2145.55  2244.96 
 2170.11  2024.99  2124.02  2131.31  2064.53  2074.66  2106.41  2088.85  2263.96 
 2190.99  2119.33  2165.95  2139.52  2160.50  2136.08  2141.73  2148.90  2286.00 
 2131.09  2070.01  2123.15  2085.31  2061.36  2092.49  2076.69  2116.61  2244.06 
 2150.91  2109.73  2180.91  2118.81  2164.72  2149.91  2219.95  2171.00  2246.71 
 2134.01  2014.81  2165.82  2140.64  2107.20  2111.96  2096.53  2120.83  2200.64 
 2165.83  2116.16  2173.00  2190.91  2145.23  2160.05  2124.61  2165.22  2244.77 
 2158.76  2068.77  2156.08  2133.72  2084.15  2098.05  2101.98  2088.39  2207.21 
 2179.16  2071.88  2163.28  2159.25  2150.26  2122.81  2170.44  2138.43  2256.52 
 2125.26  2060.00  2187.68  2095.88  2071.36  2068.97  2067.53  2112.19  2235.17 
 2173.56  2089.10  2188.59  2174.39  2132.36  2151.06  2150.77  2172.39  2248.53 
 2112.57  2050.42  2145.38  2105.17  2066.21  2063.61  2104.15  2138.42  2216.16 
 2156.99  2068.81  2243.82  2161.82  2152.08  2144.51  2145.77  2125.79  2214.36 
 2140.17  2050.73  2141.92  2128.40  2118.77  2058.63  2095.59  2070.98  2211.87 
 2206.63  2069.50  2197.30  2166.17  2098.77  2106.86  2194.04  2126.24  2301.13 
 2138.59  2003.61  2138.18  2151.83  2090.21  2074.30  2070.01  2091.11  2228.39 
 2146.32  2064.03  2190.86  2154.13  2161.79  2124.24  2136.93  2154.94  2265.73 
 2111.98  2019.48  2094.05  2121.57  2103.10  2073.44  2112.97  2053.08  2213.76 
 2184.59  2099.74  2159.34  2170.91  2140.00  2114.67  2157.17  2089.50  2298.84 
 2150.97  2005.23  2140.02  2109.96  2105.66  2094.90  2101.39  2080.46  2259.83 
 2186.06  2127.23  2154.16  2180.55  2140.67  2113.46  2157.44  2121.06  2204.90 
 2151.50  2029.78  2105.83  2155.95  2043.90  2073.64  2075.44  2098.27  2207.97 
 2150.89  2096.62  2196.91  2162.28  2116.55  2114.13  2170.78  2157.91  2310.96 
 2137.31  2003.32  2134.86  2124.38  2096.58  2054.17  2080.21  2088.02  2184.28 
 2135.63  2101.79  2164.14  2167.47  2160.68  2095.99  2174.48  2144.72  2271.85 
 2162.60  2038.23  2132.46  2154.94  2134.53  2080.63  2068.55  2092.77  2221.41 
 2185.65  2114.09  2191.88  2201.07  2143.23  2118.38  2160.37  2153.53  2271.46 
 2179.14  2058.07  2114.40  2132.27  2124.49  2127.73  2113.61  2105.70  2213.35 
 2136.43  2062.64  2152.69  2168.88  2170.28  2125.87  2176.47  2184.94  2289.31 
 2167.39  2033.94  2181.20  2135.78  2066.35  2045.78  2095.96  2072.94  2222.16 
 2194.40  2116.11  2167.32  2192.65  2143.93  2116.16  2159.93  2130.48  2271.93 
 2145.86  2097.82  2117.93  2101.42  2078.16  2084.86  2124.49  2063.02  2260.47 
 2187.55  2088.53  2171.66  2169.70  2158.69  2144.36  2159.83  2130.11  2254.31 
 2162.96  2035.60  2148.88  2126.35  2068.42  2077.08  2127.95  2097.92  2242.04 
 2215.61  2079.12  2178.51  2167.23  2131.92  2118.17  2162.82  2141.06  2274.26 
 2134.71  2081.87  2163.17  2122.92  2079.64  2071.53  2113.16  2103.13  2247.73 
 2173.51  2052.61  2208.41  2182.69  2150.61  2146.88  2168.39  2186.24  2257.95 
 2128.43  2019.38  2120.71  2144.28  2090.27  2053.03  2092.09  2095.21  2212.89 
 2144.14  2104.90  2168.64  2107.41  2132.58  2124.74  2179.45  2135.00  2265.71 
 2151.69  2084.26  2145.05  2092.98  2092.70  2081.61  2116.62  2106.78  2250.97 
 2144.61  2116.84  2222.29  2173.19  2116.18  2172.35  2158.36  2121.61  2276.23 
 2159.97  2067.08  2117.70  2131.65  2084.79  2029.25  2082.86  2139.75  2232.70 
 2151.51  2107.30  2218.44  2206.85  2114.14  2107.83  2146.00  2179.34  2242.82 
 2116.42  2018.48  2117.51  2115.52  2076.99  2078.34  2110.52  2093.43  2202.91 
 2224.41  2052.67  2209.83  2188.71  2143.28  2130.76  2154.48  2150.01  2297.57 
 2123.61  2076.42  2151.97  2109.58  2059.89  2051.51  2098.21  2115.35  2259.97 
 2197.46  2053.84  2166.80  2137.16  2156.52  2143.24  2151.89  2143.26  2236.30 
 2144.43  2064.14  2130.07  2127.27  2117.65  2092.57  2137.90  2089.38  2224.88 
 2199.36  2053.94  2223.16  2167.02  2122.43  2108.59  2147.80  2142.52  2291.89 
 2145.28  2028.21  2146.95  2107.83  2082.34  2075.24  2106.48  2109.09  2218.40 
 2229.52  2098.39  2161.45  2153.14  2154.49  2154.47  2162.39  2171.66  2262.60 
 2183.48  2029.72  2133.84  2164.01  2077.11  2035.52  2106.95  2066.62  2258.46 
 2136.70  2082.40  2200.95  2173.86  2138.31  2093.53  2171.87  2132.26  2250.36 
 2155.95  2050.70  2168.78  2103.28  2086.45  2097.19  2131.56  2121.36  2245.42 
 2205.51  2107.16  2219.02  2149.51  2178.96  2153.12  2182.31  2104.95  2275.26 
 2124.28  2036.31  2109.04  2131.52  2039.71  2066.69  2089.07  2071.08  2208.81 
 2228.36  2053.58  2176.02  2159.89  2153.53  2129.49  2152.74  2159.49  2254.52 
 2194.54  2034.29  2126.94  2137.91  2051.06  2076.28  2088.68  2107.36  2178.06 
 2219.21  2086.43  2217.45  2174.97  2115.28  2159.85  2161.37  2164.52  2234.79 
 2151.99  2051.62  2146.31  2090.06  2075.71  2075.88  2120.32  2107.97  2186.81 
 2211.95  2097.94  2201.89  2134.67  2171.52  2153.46  2177.24  2150.88  2277.27 
 2138.70  2057.21  2116.67  2106.77  2114.41  2102.23  2118.54  2062.65  2231.49 
 2157.70  2095.87  2175.71  2167.42  2137.85  2142.74  2165.72  2169.82  2276.79 
 2108.69  2039.50  2124.00  2097.65  2117.43  2050.41  2111.22  2119.50  2256.79 
 2177.28  2109.38  2188.26  2190.61  2167.20  2121.12  2184.88  2137.53  2216.43 
 2134.02  2061.05  2110.05  2114.41  2069.57  2075.81  2095.18  2064.92  2233.72 
 2149.66  2103.81  2205.36  2206.51  2160.53  2137.84  2174.00  2181.47  2260.44 
 2102.53  2068.41  2089.30  2125.03  2107.60  2087.19  2094.27  2108.81  2219.17 
 2196.82  2110.65  2176.65  2174.39  2143.84  2162.75  2188.61  2157.09  2296.31 
 2117.77  2026.54  2096.55  2145.58  2098.59  2097.81  2102.12  2124.57  2194.52 
 2202.85  2090.27  2229.08  2164.57  2154.66  2143.70  2125.21  2149.98  2302.19 
 2118.51  2054.49  2138.11  2108.31  2093.49  2081.34  2137.57  2103.85  2248.19 
 2151.90  2068.49  2157.68  2156.09  2145.87  2136.54  2175.26  2169.68  2294.67 
 2142.23  2086.49  2099.52  2111.29  2033.53  2068.43  2097.12  2096.69  2194.56 
 2184.02  2131.74  2177.72  2193.80  2176.00  2105.84  2163.64  2137.28  2271.03 
 2153.00  2079.05  2174.30  2129.45  2036.34  2106.52  2085.55  2114.45  2210.05 
 2165.93  2076.80  2174.71  2164.73  2151.32  2134.71  2171.88  2171.13  2267.47 
 2151.41  2015.26  2096.41  2115.96  2094.27  2068.66  2094.52  2104.22  2272.07 
 2220.83  2055.59  2154.90  2148.80  2108.69  2117.55  2166.30  2153.58  2258.67 
 2156.25  2004.35  2098.71  2139.41  2093.82  2097.95  2096.53  2077.51  2252.22 
 2183.08  2067.77  2168.72  2162.79  2139.03  2129.02  2186.51  2167.99  2264.78 
 2148.98  2045.82  2156.10  2099.47  2099.12  2031.12  2066.38  2120.90  2268.97 
 2169.14  2036.98  2172.34  2186.59  2134.35  2113.36  2148.21  2115.01  2301.65 
 2138.39  2062.38  2088.07  2173.62  2092.63  2088.90  2086.17  2080.31  2232.88 
 2180.72  2052.49  2227.77  2201.95  2147.79  2112.91  2154.53  2130.68  2248.19 
 2109.05  2012.42  2119.28  2136.20  2118.57  2076.68  2075.86  2074.93  2225.34 
 2195.90  2082.55  2174.89  2161.91  2123.54  2138.00  2129.88  2150.92  2298.62 
 2156.12  2048.66  2151.59  2100.17  2103.55  2059.44  2122.04  2071.77  2241.19 
 2156.24  2086.28  2205.33  2175.68  2163.96  2124.82  2157.70  2157.49  2287.30 
 2113.57  2030.63  2136.39  2170.87  2091.75  2085.10  2131.04  2129.81  2200.09 
 2185.19  2068.34  2208.28  2173.97  2078.90  2118.69  2186.66  2110.63  2273.89 
 2105.75  2024.91  2117.97  2142.16  2051.88  2047.37  2072.00  2122.31  2235.71 
 2197.40  2106.22  2194.39  2204.01  2102.72  2144.13  2167.67  2152.83  2236.82 
 2112.93  2059.01  2159.50  2104.32  2087.14  2069.79  2110.33  2082.60  2218.66 
 2159.93  2061.23  2180.92  2157.36  2184.73  2146.80  2152.05  2161.20  2270.54 
 2135.83  2033.46  2129.59  2100.63  2103.71  2051.20  2117.64  2104.79  2193.85 
 2181.15  2084.39  2159.01  2174.06  2162.70  2118.38  2138.68  2166.25  2266.02 
 2162.35  2028.89  2134.07  2118.23  2066.28  2082.31  2106.36  2055.67  2186.62 
 2197.19  2034.79  2156.10  2151.60  2156.38  2125.43  2187.80  2159.67  2310.52 
 2152.96  2013.58  2138.50  2111.35  2077.49  2093.77  2095.19  2117.24  2213.65 
 2186.77  2090.07  2212.95  2132.64  2151.81  2115.90  2158.95  2157.79  2261.82 
 2155.70  1998.24  2164.70  2086.50  2082.82  2059.28  2151.18  2077.06  2223.09 
 2182.50  2090.99  2185.55  2161.07  2114.39  2153.95  2147.57  2162.12  2232.48 
 2164.86  2009.17  2106.43  2160.36  2077.49  2083.87  2133.57  2083.19  2179.58 
 2168.88  2103.70  2140.02  2156.32  2126.91  2127.42  2142.00  2147.68  2251.93 
 2138.32  1980.42  2133.69  2145.59  2075.97  2072.54  2095.60  2130.47  2224.24 
 2231.05  2104.90  2183.74  2168.51  2116.85  2098.23  2139.21  2105.25  2300.17 
 2096.80  2021.90  2100.84  2135.40  2081.07  2118.21  2071.70  2105.64  2222.84 
 2175.43  2132.99  2158.84  2175.41  2142.62  2117.43  2150.72  2130.07  2251.74 
 2151.08  1995.57  2144.91  2156.41  2114.26  2043.74  2122.80  2109.61  2237.14 
 2144.14  2073.91  2143.79  2166.81  2124.89  2098.00  2141.07  2115.95  2270.53 
 2135.18  2042.91  2102.64  2103.22  2088.60  2095.04  2110.82  2093.63  2231.50 
 2202.23  2111.24  2155.19  2128.76  2120.52  2143.24  2162.51  2172.59  2292.18 
 2177.84  2046.64  2113.03  2137.41  2069.18  2095.42  2067.05  2101.04  2228.14 
 2235.63  2105.91  2201.56  2198.83  2134.30  2099.40  2153.90  2159.38  2313.11 
 2092.80  2031.18  2150.52  2110.08  2104.30  2074.76  2082.24  2091.19  2219.24 
 2161.20  2030.37  2178.69  2154.31  2148.47  2111.97  2191.34  2170.94  2315.22 
 2149.41  2055.70  2136.89  2147.68  2080.24  2115.22  2125.40  2092.77  2204.61 
 2175.45  2084.15  2198.27  2156.16  2138.45  2144.13  2165.12  2163.81  2275.62 
 2106.57  2050.39  2164.20  2098.82  2109.03  2039.01  2142.26  2100.52  2227.95 
 2194.55  2072.71  2196.15  2190.24  2154.05  2139.51  2156.84  2152.59  2301.50 
 2145.71  2013.39  2124.97  2129.96  2090.16  2098.66  2090.97  2103.47  2215.02 
 2174.91  2065.34  2171.13  2165.87  2176.33  2161.73  2157.17  2173.05  2303.19 
 2140.02  2028.60  2140.89  2126.41  2084.56  2103.84  2113.22  2134.53  2237.59 
 2168.99  2093.41  2189.15  2192.82  2162.92  2087.91  2177.42  2129.79  2279.42 
 2170.25  2008.23  2165.24  2138.83  2108.87  2097.46  2084.13  2082.88  2252.63 
 2217.15  2097.74  2200.73  2200.62  2118.24  2153.83  2164.70  2128.28  2272.87 
 2133.66  2061.84  2139.68  2154.09  2039.46  2085.71  2150.20  2042.01  2246.56 
 2219.11  2156.25  2197.27  2157.68  2130.59  2120.26  2153.09  2135.30  2281.60 
 2156.56  2098.79  2136.55  2111.24  2048.88  2138.61  2067.01  2076.88  2258.94 
 2172.14  2095.40  2165.00  2162.80  2163.22  2132.95  2160.59  2075.43  2286.84 
 2185.03  2056.95  2128.08  2096.64  2056.98  2079.29  2138.67  2089.23  2242.57 
 2197.68  2089.53  2197.71  2163.90  2122.62  2114.73  2160.88  2156.51  2284.17 
 2129.81  2018.93  2175.98  2142.09  2090.08  2050.11  2113.48  2107.09  2212.68 
 2170.93  2092.93  2201.68  2174.29  2121.67  2130.95  2119.24  2190.43  2264.33 
 2163.77  2020.90  2120.82  2144.06  2101.70  2095.90  2095.03  2084.99  2204.40 
 2136.53  2092.32  2158.30  2188.29  2186.24  2163.81  2122.61  2154.55  2289.57 
 2149.11  2040.63  2132.95  2169.47  2067.84  2035.12  2137.74  2106.87  2184.61 
 2182.73  2084.35  2177.78  2204.82  2105.20  2149.41  2168.68  2159.08  2296.96 
 2107.65  2030.58  2151.16  2100.82  2060.49  2098.32  2080.59  2114.08  2225.32 
 2187.63  2101.23  2177.94  2206.01  2129.55  2152.11  2182.88  2156.63  2241.70 
 2119.25  2032.21  2159.47  2118.45  2091.10  2095.57  2118.29  2049.81  2254.13 
 2216.66  2146.03  2183.01  2167.84  2140.07  2147.05  2204.97  2145.59  2271.47 
 2130.59  2024.65  2153.28  2091.93  2110.43  2092.40  2093.38  2084.42  2210.50 
 2177.00  2091.59  2141.78  2158.40  2128.33  2107.61  2153.80  2147.88  2240.32 
 2098.40  2034.97  2113.85  2130.34  2062.11  2077.18  2068.98  2076.45  2214.56 
 2166.81  2079.51  2191.04  2163.14  2160.55  2162.79  2188.90  2127.84  2251.02 
 2133.35  2028.52  2158.88  2109.06  2046.81  2084.14  2125.79  2073.81  2230.49 
 2212.68  2081.10  2209.37  2118.26  2141.81  2172.05  2111.29  2139.78  2259.24 
 2163.36  2020.30  2150.89  2132.66  2063.34  2112.55  2136.07  2087.62  2198.61 
 2151.79  2086.33  2202.20  2168.96  2125.73  2131.59  2189.52  2152.54  2270.01 
 2109.25  2030.48  2136.14  2102.83  2116.24  2056.95  2101.96  2078.76  2213.73 
 2177.47  2057.24  2151.20  2122.71  2156.42  2182.11  2155.10  2139.35  2314.34 
 2102.93  2040.27  2115.60  2127.59  2091.81  2079.24  2060.20  2073.40  2232.69 
 2174.42  2120.71  2178.74  2165.03  2163.85  2137.64  2174.08  2157.02  2299.97 
 2095.35  2038.41  2137.04  2093.62  2086.86  2088.97  2092.82  2087.98  2215.56 
 2216.47  2041.62  2179.84  2152.52  2139.25  2114.81  2219.11  2166.43  2297.43 
 2171.32  2052.32  2109.97  2115.85  2038.46  2095.56  2106.23  2111.53  2233.49 
 2216.08  2115.54  2189.38  2159.08  2128.37  2159.32  2164.81  2132.88  2256.06 
 2166.96  2040.43  2116.43  2132.30  2057.26  2065.64  2122.33  2100.76  2256.80 
 2167.50  2066.83  2167.47  2145.74  2141.81  2119.23  2190.17  2128.60  2249.31 
 2159.41  2067.80  2136.10  2158.78  2060.03  2073.93  2157.02  2101.62  2245.37 
 2181.51  2134.96  2187.46  2185.66  2149.14  2112.39  2177.75  2180.13  2287.56 
 2114.11  2038.70  2153.50  2123.13  2100.48  2103.50  2094.92  2084.76  2270.52 
 2139.43  2099.31  2216.65  2143.98  2164.40  2163.71  2138.83  2128.93  2279.78 
 2128.91  2073.58  2125.42  2106.13  2086.57  2106.29  2076.03  2103.12  2252.77 
 2183.84  2131.19  2183.65  2185.09  2210.26  2140.87  2163.93  2156.62  2282.89 
 2117.44  2062.30  2147.88  2128.78  2100.94  2088.74  2102.24  2096.35  2250.02 
 2181.87  2121.11  2184.13  2167.25  2119.11  2138.09  2169.10  2134.55  2265.59 
 2127.97  2046.28  2184.14  2129.19  2106.93  2080.86  2154.40  2121.64  2241.02 
 2133.67  2053.09  2167.87  2221.77  2146.71  2167.08  2193.85  2183.20  2259.97 
 2119.27  2028.68  2155.79  2149.07  2130.48  2099.12  2115.44  2076.10  2259.41 
 2178.59  2125.02  2184.48  2220.07  2124.80  2115.27  2145.23  2094.36  2296.05 
 2122.22  2036.37  2174.05  2134.25  2104.83  2045.91  2048.33  2072.13  2217.66 
 2191.24  2147.27  2200.81  2178.63  2166.87  2160.99  2158.07  2142.27  2285.98 
 2141.76  2078.17  2143.02  2131.03  2059.89  2053.57  2128.68  2125.67  2221.96 
 2186.31  2073.05  2168.54  2187.12  2140.90  2120.96  2132.18  2131.84  2278.94 
 2140.26  2017.84  2111.94  2097.22  2109.18  2090.89  2135.62  2035.98  2220.11 
 2178.66  2062.39  2164.20  2151.61  2136.16  2126.01  2151.64  2139.46  2260.00 
 2125.04  2050.60  2159.12  2100.00  2064.76  2045.30  2096.96  2090.83  2218.31 
 2170.94  2055.36  2150.32  2185.18  2184.42  2138.00  2148.82  2144.09  2232.46 
 2116.48  2060.97  2160.45  2080.90  2121.61  2062.87  2103.70  2104.11  2210.62 
 2198.99  2076.89  2170.26  2211.96  2184.11  2116.36  2149.82  2151.62  2275.50 
 2149.82  2032.00  2143.09  2164.61  2081.64  2068.09  2082.02  2075.02  2190.91 
 2143.77  2072.78  2156.49  2178.34  2112.94  2124.03  2132.69  2162.61  2275.77 
 2114.98  2037.02  2148.56  2116.93  2089.44  2085.16  2119.43  2093.22  2195.40 
 2202.64  2069.91  2211.05  2201.05  2157.67  2114.92  2151.38  2112.78  2279.43 
 2156.93  2066.72  2162.47  2128.44  2096.63  2052.86  2093.90  2092.90  2219.77 
 2200.41  2101.76  2222.26  2124.90  2132.83  2135.32  2162.10  2151.91  2306.54 
 2115.83  2022.38  2165.19  2119.14  2104.59  2098.36  2109.19  2100.75  2196.65 
 2205.19  2112.61  2174.75  2165.11  2110.94  2130.76  2130.89  2121.20  2279.35 
 2150.99  2076.53  2163.25  2105.99  2082.50  2103.75  2094.80  2074.89  2225.93 
 2180.38  2078.11  2207.18  2155.78  2118.82  2104.17  2160.51  2172.29  2270.11 
 2133.58  2016.79  2102.93  2100.48  2072.22  2098.49  2083.75  2123.97  2248.68 
 2186.29  2056.01  2186.98  2185.36  2183.21  2124.57  2166.27  2137.69  2298.55 
 2164.21  2042.00  2154.01  2100.26  2105.94  2080.56  2103.48  2084.49  2228.30 
 2208.92  2032.47  2212.85  2183.61  2167.60  2152.34  2160.41  2162.66  2276.19 
 2153.09  2052.34  2147.55  2096.62  2108.31  2057.94  2099.41  2071.68  2235.72 
 2194.66  2054.76  2193.84  2141.83  2140.65  2115.77  2170.33  2166.07  2256.38 
 2110.15  2050.99  2158.18  2070.83  2079.55  2090.28  2132.64  2129.28  2272.30 
 2182.34  2075.99  2194.85  2181.14  2175.71  2147.02  2147.26  2157.95  2309.15 
 2114.69  2073.09  2116.30  2069.95  2075.38  2085.80  2112.58  2107.38  2211.72 
 2162.25  2118.74  2171.01  2172.27  2079.86  2128.53  2170.64  2177.46  2246.40 
 2147.19  2047.26  2106.17  2086.90  2077.06  2065.79  2124.32  2093.41  2215.54 
 2189.01  2119.54  2146.63  2178.35  2150.39  2130.34  2150.58  2117.29  2259.72 
 2163.65  2038.40  2147.39  2107.71  2111.23  2105.12  2114.03  2050.93  2226.65 
 2213.89  2150.84  2169.07  2175.97  2169.36  2110.30  2192.34  2169.57  2265.80 
 2128.75  2008.23  2127.34  2079.22  2066.36  2075.35  2081.83  2105.30  2224.94 
 2175.89  2062.73  2183.66  2195.95  2116.41  2134.26  2166.09  2138.24  2264.91 
 2122.26  2036.84  2154.36  2156.10  2094.47  2065.80  2110.64  2079.87  2230.28 
 2175.68  2097.46  2184.50  2189.26  2140.30  2154.90  2136.59  2121.65  2279.49 
 2126.21  2015.97  2167.15  2126.38  2077.28  2073.25  2094.09  2111.46  2224.34 
 2165.78  2067.51  2179.75  2170.19  2161.01  2126.55  2159.18  2128.45  2252.61 
 2123.13  2060.32  2127.70  2139.06  2073.38  2049.75  2078.44  2087.03  2230.80 
 2196.51  2081.11  2183.41  2222.53  2153.48  2114.21  2170.93  2124.21  2296.47 
 2151.84  2071.62  2131.48  2105.28  2106.28  2053.72  2118.30  2084.27  2233.79 
 2177.05  2102.00  2215.17  2141.24  2127.32  2075.12  2177.74  2133.20  2265.58 
 2155.20  2045.88  2141.88  2107.35  2100.64  2112.75  2077.02  2119.75  2222.86 
 2154.13  2082.43  2188.02  2159.76  2092.92  2156.97  2135.28  2163.85  2293.24 
 2117.62  2028.70  2186.51  2096.70  2090.21  2118.88  2132.22  2093.37  2220.77 
 2181.36  2105.69  2214.62  2178.53  2155.68  2142.00  2180.03  2085.22  2283.66 
 2122.59  2064.75  2095.57  2125.10  2111.32  2090.14  2104.84  2104.99  2249.56 
 2193.07  2139.74  2174.31  2165.78  2102.30  2113.13  2188.36  2167.41  2274.21 
 2168.37  2022.55  2154.88  2111.75  2113.70  2077.70  2097.71  2107.76  2245.41 
 2166.73  2077.83  2161.41  2179.91  2160.45  2135.48  2152.65  2145.70  2294.57 
 2131.77  2048.28  2146.35  2094.92  2054.52  2079.79  2075.47  2098.13  2245.86 
 2156.75  2076.39  2175.77  2194.18  2132.12  2174.39  2150.14  2185.13  2268.48 
 2138.65  2051.38  2144.51  2122.28  2083.10  2094.50  2110.90  2113.32  2231.92 
 2195.67  2091.64  2202.65  2158.74  2113.45  2136.60  2177.71  2194.64  2271.72 
 2132.24  2052.63  2132.90  2100.85  2067.59  2068.17  2107.36  2140.26  2239.81 
 2218.58  2070.98  2192.10  2180.51  2139.41  2127.73  2165.41  2188.70  2258.79 
 2148.93  2021.03  2106.09  2102.14  2071.79  2052.38  2114.01  2106.28  2235.21 
 2152.53  2077.99  2170.96  2174.67  2114.68  2162.79  2175.71  2151.99  2256.32 
 2143.49  2037.18  2150.91  2124.01  2127.27  2079.97  2135.28  2080.17  2242.20 
 2182.37  2043.47  2208.85  2170.99  2153.70  2118.21  2141.12  2194.20  2227.46 
 2142.59  2026.09  2130.83  2130.97  2073.83  2087.84  2098.32  2052.09  2198.35 
 2216.49  2082.74  2192.68  2196.06  2171.30  2117.44  2141.68  2175.43  2288.18 
 2148.63  2031.49  2139.38  2105.24  2092.97  2058.72  2127.82  2119.59  2184.49 
 2180.39  2055.88  2180.15  2203.37  2137.97  2115.87  2175.63  2174.75  2231.47 
 2160.35  2068.04  2134.60  2139.20  2102.42  2104.67  2079.87  2077.44  2210.69 
 2223.09  2074.09  2187.14  2121.63  2109.36  2161.15  2151.16  2122.62  2288.29 
 2134.41  2031.21  2118.55  2093.74  2111.50  2074.62  2085.62  2087.63  2192.50 
 2171.56  2113.89  2185.42  2172.56  2229.00  2125.51  2126.13  2131.57  2268.75 
 2128.43  1992.54  2132.16  2089.01  2065.18  2076.93  2097.57  2078.71  2201.84 
 2183.38  2099.53  2202.47  2177.40  2162.84  2106.39  2169.05  2144.23  2298.61 
 2154.59  2012.55  2114.85  2114.36  2076.50  2078.43  2123.74  2066.11  2213.57 
 2208.18  2078.51  2168.03  2167.96  2193.78  2179.87  2120.47  2166.30  2232.15 
 2159.71  2051.29  2152.91  2139.87  2045.65  2082.64  2112.83  2111.41  2228.61 
 2193.81  2112.53  2181.01  2151.34  2143.72  2143.83  2137.42  2136.81  2239.70 
 2115.69  2040.96  2096.45  2106.71  2081.13  2070.88  2107.17  2121.13  2198.34 
 2181.40  2101.05  2179.20  2201.68  2202.41  2102.33  2115.94  2125.73  2291.28 
 2110.61  2041.25  2116.47  2091.51  2083.56  2074.96  2067.19  2088.38  2256.21 
 2192.89  2089.31  2199.07  2175.92  2116.65  2128.15  2151.16  2149.85  2236.45 
 2164.92  2064.31  2175.90  2103.66  2099.91  2093.70  2083.73  2077.81  2205.90 
 2173.19  2092.54  2220.51  2171.07  2155.98  2114.61  2167.21  2127.89  2237.91 
 2145.41  2051.00  2095.27  2090.43  2070.26  2064.14  2122.67  2073.72  2228.15 
 2150.87  2108.34  2162.95  2134.76  2128.02  2171.12  2158.00  2147.46  2248.23 
 2145.89  2082.74  2111.84  2098.85  2085.64  2053.37  2090.25  2096.18  2282.18 
 2154.90  2079.81  2200.26  2183.17  2129.28  2121.57  2152.94  2203.32  2223.54 
 2161.96  2040.58  2135.77  2133.14  2073.29  2068.32  2097.16  2082.09  2193.08 
 2183.89  2101.94  2223.90  2139.15  2121.77  2123.62  2171.47  2175.57  2271.81 
 2160.38  2048.50  2108.46  2128.43  2114.49  2039.38  2107.05  2095.74  2239.53 
 2196.16  2081.26  2180.30  2182.06  2130.69  2094.43  2153.10  2171.36  2226.46 
 2164.73  2047.03  2169.27  2105.50  2079.12  2093.80  2125.16  2090.99  2220.93 
 2204.87  2057.01  2174.96  2168.50  2158.29  2148.45  2161.30  2162.29  2233.20 
 2172.38  2072.89  2150.46  2114.97  2100.77  2095.75  2112.49  2087.70  2229.45 
 2224.53  2089.96  2195.53  2143.37  2140.69  2127.76  2120.06  2138.81  2284.24 
 2114.62  2044.55  2165.69  2125.55  2059.78  2100.30  2098.53  2061.88  2248.10 
 2177.58  2080.74  2193.47  2177.00  2132.14  2116.26  2153.80  2148.67  2241.93 
 2121.13  2014.18  2160.41  2083.03  2096.63  2065.88  2138.04  2086.41  2236.16 
 2152.51  2052.84  2143.14  2171.25  2144.75  2106.30  2149.23  2140.74  2275.56 
 2115.64  2038.07  2136.18  2127.26  2090.40  2072.68  2071.09  2078.49  2216.82 
 2182.97  2056.35  2121.33  2164.32  2131.30  2123.53  2209.59  2132.22  2264.16 
 2134.09  2079.55  2128.33  2116.09  2057.45  2130.10  2079.09  2079.09  2233.08 
 2212.18  2067.89  2163.53  2162.26  2164.09  2169.13  2173.63  2193.76  2271.19 
 2125.23  2023.29  2134.29  2158.24  2067.29  2094.88  2110.28  2120.82  2202.29 
 2155.71  2106.12  2179.74  2151.95  2121.28  2114.27  2169.41  2129.45  2292.41 
 2145.39  2035.30  2164.35  2160.48  2059.21  2074.57  2112.77  2109.80  2203.09 
 2186.30  2072.29  2197.87  2166.54  2153.20  2103.67  2162.71  2126.83  2290.65 
 2113.13  2042.95  2151.78  2118.24  2063.50  2067.90  2064.24  2090.91  2243.83 
 2182.01  2098.30  2200.94  2204.41  2159.16  2115.79  2176.01  2163.47  2259.15 
 2115.30  2069.79  2136.01  2080.70  2020.58  2111.48  2100.93  2138.14  2233.59 
 2198.32  2117.89  2168.54  2176.56  2140.01  2126.05  2180.91  2159.11  2262.11 
 2151.94  2073.47  2117.55  2135.75  2070.13  2062.56  2091.96  2103.84  2202.78 
 2146.89  2071.89  2216.91  2164.07  2166.46  2128.55  2162.30  2142.07  2252.63 
 2084.10  2011.45  2131.52  2137.22  2093.91  2058.91  2125.51  2088.99  2175.12 
 2157.87  2065.52  2164.95  2133.87  2137.29  2130.70  2164.06  2140.60  2262.13 
 2132.22  2064.56  2121.40  2160.07  2090.24  2068.44  2126.77  2078.76  2260.17 
 2150.42  2111.27  2205.66  2185.20  2161.07  2133.09  2180.03  2180.88  2227.59 
 2134.49  2045.05  2134.11  2115.39  2074.11  2077.25  2092.70  2085.82  2192.71 
 2206.07  2055.50  2193.47  2188.46  2122.01  2131.66  2132.57  2142.53  2254.84 
 2161.68  2049.93  2110.59  2102.68  2095.14  2094.29  2121.92  2043.63  2204.69 
 2120.46  2070.67  2166.25  2174.61  2145.63  2134.15  2107.41  2188.59  2248.86 
 2161.93  2047.53  2138.83  2142.36  2118.32  2095.99  2134.55  2085.35  2218.03 
 2159.42  2060.85  2148.59  2158.92  2136.60  2135.95  2183.76  2166.23  2255.40 
 2166.07  2089.90  2119.47  2147.47  2058.09  2085.64  2117.53  2085.54  2217.61 
 2193.59  2083.89  2184.62  2187.24  2133.54  2142.89  2116.93  2132.51  2265.54 
 2115.92  2023.97  2125.91  2078.54  2090.84  2081.45  2088.89  2108.74  2251.04 
 2209.80  2082.53  2176.20  2133.83  2102.60  2097.80  2174.04  2160.98  2244.57 
 2128.64  2050.49  2117.03  2132.59  2091.56  2064.87  2091.11  2080.13  2244.05 
 2191.50  2057.98  2185.07  2178.14  2131.41  2175.19  2165.21  2141.56  2258.12 
 2111.56  2041.18  2149.12  2095.03  2129.01  2103.29  2079.44  2105.79  2231.90 
 2186.92  2140.93  2213.18  2169.93  2152.49  2156.28  2197.05  2148.89  2256.30 
 2114.60  2039.20  2155.31  2131.78  2077.07  2082.51  2100.45  2092.65  2249.11 
 2146.05  2078.64  2181.11  2188.77  2143.78  2117.43  2172.05  2172.51  2262.54 
 2106.14  2067.65  2152.26  2118.29  2062.78  2112.55  2113.09  2109.67  2195.43 
 2165.18  2044.34  2171.02  2174.43  2175.04  2160.73  2122.48  2152.23  2246.31 
 2123.57  2013.06  2127.51  2133.72  2060.51  2090.65  2099.08  2084.95  2204.75 
 2236.55  2094.32  2193.03  2119.88  2162.56  2075.77  2181.31  2155.44  2243.94 
 2147.16  2053.31  2177.62  2122.56  2098.24  2106.01  2083.40  2116.66  2212.27 
 2159.88  2090.89  2139.21  2139.71  2132.10  2138.01  2161.23  2149.82  2240.01 
 2127.81  2013.26  2153.27  2130.97  2053.61  2073.73  2040.86  2056.92  2211.32 
 2192.10  2059.21  2191.93  2166.70  2141.21  2102.05  2144.90  2187.41  2235.60 
 2163.22  2031.37  2106.32  2124.29  2063.33  2067.04  2074.22  2095.03  2220.89 
 2201.64  2078.77  2167.24  2206.82  2165.60  2150.98  2142.02  2146.93  2263.41 
 2133.42  2032.36  2108.86  2127.61  2046.08  2027.36  2102.30  2098.82  2191.19 
 2159.62  2092.22  2178.22  2177.79  2180.11  2121.32  2178.12  2145.07  2276.64 
 2154.97  2042.10  2135.54  2120.92  2063.04  2092.24  2126.94  2110.29  2217.01 
 2110.73  2009.45  2114.66  2120.49  2071.61  2043.01  2084.48  2078.58  2222.39 
 2029.30  2007.34  2074.52  2089.02  1974.59  1996.20  2003.84  2039.90  2122.78 
 2076.99  2060.09  2078.08  2089.10  2081.27  2075.73  2088.57  2090.10  2187.16 
 2072.54  1940.97  2060.15  2061.75  2000.82  2013.86  2059.41  2016.77  2153.16 
 2114.33  2012.07  2115.78  2089.88  2045.34  2044.78  2092.22  2099.51  2192.61 
 2081.33  1909.66  2103.41  2032.65  2019.47  2002.37  2038.59  2014.60  2158.65 
 2169.76  2081.10  2215.11  2155.07  2166.57  2187.23  2173.86  2163.38  2297.84 
 2142.55  2057.81  2148.67  2131.86  2093.53  2102.15  2106.41  2090.57  2211.32 
 2191.66  2091.40  2171.74  2146.39  2131.60  2126.16  2152.96  2148.57  2245.02 
 2126.98  2012.25  2111.49  2138.54  2097.90  2081.92  2087.81  2099.49  2196.44 
 2175.50  2074.41  2152.03  2159.47  2108.77  2119.96  2140.91  2149.15  2242.23 
 2120.74  2077.43  2139.32  2120.66  2036.17  2059.24  2105.51  2082.10  2196.22 
 2166.78  2083.22  2185.59  2148.37  2176.01  2138.90  2161.02  2164.85  2254.41 
 2161.82  2051.45  2115.76  2097.00  2066.51  1998.14  2112.16  2071.51  2213.03 
 2179.07  2018.32  2115.23  2096.08  2104.16  2051.39  2076.29  2076.47  2228.88 
 2108.47  2048.59  2117.20  2109.40  2106.11  2080.78  2092.09  2096.23  2194.07 
 2148.56  2014.34  2091.49  2124.35  2101.02  2024.55  2064.35  2079.16  2169.49 
 2119.94  1970.38  2101.56  2077.41  2073.41  2047.33  2078.70  2067.72  2243.36 
 2117.79  2027.36  2117.25  2126.13  2095.82  2079.95  2113.30  2117.72  2220.78 
 2126.71  2001.93  2066.71  2147.54  2081.04  2050.91  2072.06  2082.67  2231.86 
 2109.73  1979.87  2114.45  2116.12  2057.28  2044.36  2090.14  2087.55  2185.89 
 2102.88  2017.08  2115.93  2078.04  2052.74  2087.24  2082.01  2090.89  2198.04 
 2110.05  2038.75  2108.87  2146.59  2067.60  2034.22  2082.11  2091.24  2193.22 
 2114.61  2023.56  2079.87  2118.05  2078.68  2049.16  2093.59  2056.20  2222.29 
 2147.38  2036.89  2101.90  2097.12  2077.58  2044.50  2073.54  2096.29  2179.29 
 2147.87  2018.57  2088.06  2102.32  2056.70  2003.39  2070.24  2065.90  2245.19 
 2132.23  2071.23  2128.54  2083.51  2042.20  2078.99  2092.16  2084.01  2207.41 
 2094.90  1986.35  2098.98  2126.98  2045.49  2082.09  2061.12  2092.36  2179.43 
 2137.75  2005.71  2097.19  2123.36  2040.39  2066.45  2068.72  2085.93  2204.74 
 2134.96  1999.25  2154.83  2134.95  2105.45  2050.99  2113.89  2112.73  2200.28 
 2137.16  2010.96  2114.02  2107.65  2079.38  2050.16  2090.08  2071.87  2243.39 
 2118.17  2017.45  2107.15  2130.35  2072.26  2113.70  2113.24  2096.23  2225.97 
 2121.83  2006.73  2125.80  2092.45  2043.02  2079.91  2113.22  2102.84  2172.15 
 2143.72  2080.61  2130.11  2120.03  2058.12  2095.82  2103.37  2120.66  2235.22 
 2136.36  2018.34  2143.17  2115.05  2091.57  2074.57  2107.18  2098.93  2215.83 
 2170.13  2017.46  2125.05  2136.57  2051.57  2080.92  2103.80  2105.37  2203.40 
 2064.03  1993.32  2132.32  2145.77  2081.24  2054.17  2095.37  2040.88  2229.33 
 2140.42  2004.69  2145.43  2109.40  2096.75  2096.61  2116.72  2071.06  2231.94 
 2126.21  2063.73  2128.93  2120.78  2094.41  2093.39  2112.65  2121.72  2206.36 
 2136.95  1995.09  2109.22  2121.27  2105.64  2065.43  2061.92  2085.82  2222.47 
 2129.36  2008.91  2129.81  2137.01  2091.15  2056.93  2109.14  2087.59  2214.80 
 2122.95  2042.51  2165.54  2111.37  2055.43  2054.98  2099.51  2057.48  2202.67 
 2130.10  2027.04  2133.90  2094.87  2070.43  2073.24  2092.84  2110.75  2161.71 
 2102.95  2036.76  2120.49  2084.23  2100.72  2051.73  2104.83  2072.71  2222.22 
 2100.77  2037.35  2116.65  2122.25  2118.83  2078.55  2096.75  2109.43  2207.54 
 2159.86  2020.07  2118.43  2113.48  2104.42  2056.02  2111.14  2113.45  2260.17 
 2117.16  2046.14  2101.49  2081.23  2082.85  2050.93  2045.46  2097.33  2219.88 
 2096.20  2018.52  2137.83  2107.58  2093.00  2064.66  2107.88  2090.32  2174.17 
 2124.60  2050.80  2132.97  2103.36  2080.40  2059.41  2082.47  2083.99  2211.51 
 2155.50  2008.75  2167.37  2101.40  2076.66  2063.47  2078.04  2083.50  2192.37 
 2107.27  2007.44  2122.34  2141.33  2110.68  2101.95  2107.58  2093.43  2214.61 
 2118.85  2028.96  2170.45  2094.76  2062.50  2055.03  2114.49  2079.78  2211.34 
 2146.85  1980.95  2143.13  2106.43  2064.50  2099.20  2097.07  2100.03  2188.95 
 2152.45  2030.33  2123.20  2134.18  2100.16  2085.68  2068.46  2077.16  2211.04 
 2122.34  1995.17  2117.83  2151.91  2100.67  2086.90  2095.69  2097.31  2213.98 
 2118.34  2042.95  2142.89  2110.88  2099.59  2046.07  2130.66  2064.17  2160.77 
 2140.07  2033.30  2154.32  2096.37  2045.34  2064.12  2119.51  2083.57  2249.53 
 2126.82  2048.88  2127.13  2081.01  2089.38  2089.71  2082.28  2078.39  2240.33 
 2094.00  2029.75  2127.89  2130.09  2055.63  2069.46  2096.57  2100.54  2219.01 
 2111.07  1995.71  2125.98  2159.03  2101.40  2102.47  2125.44  2053.24  2165.65 
 2143.13  2023.89  2107.25  2139.85  2076.16  2070.57  2066.41  2094.00  2194.06 
 2101.96  2027.60  2138.28  2134.76  2112.45  2070.86  2108.24  2078.16  2195.28 
 2089.81  2026.81  2111.57  2121.97  2056.74  2047.05  2114.87  2093.76  2189.15 
 2151.90  2029.27  2117.42  2072.16  2058.85  2063.34  2065.26  2072.00  2202.97 
 2094.64  2008.64  2124.72  2120.33  2051.56  2112.09  2116.90  2098.39  2168.80 
 2100.75  2010.49  2111.85  2164.85  2102.60  2066.24  2100.24  2108.26  2196.19 
 2120.11  2030.86  2147.81  2149.44  2038.71  2060.71  2116.66  2083.40  2215.78 
 2109.60  2043.67  2110.45  2103.92  2086.28  2105.41  2113.88  2116.57  2198.02 
 2073.50  2006.12  2117.82  2105.55  2060.89  2066.47  2125.79  2088.31  2212.10 
 2114.24  2027.71  2112.05  2093.05  2092.77  2102.11  2113.20  2103.20  2174.97 
 2092.04  1978.92  2118.67  2124.04  2134.88  2071.95  2105.96  2110.07  2224.16 
 2117.31  2039.51  2149.48  2139.61  2098.94  2059.90  2086.04  2115.11  2197.53 
 2163.08  2027.71  2130.48  2101.14  2040.36  2052.92  2115.01  2105.91  2200.00 
 2123.09  2034.43  2099.22  2125.89  2085.53  2035.21  2096.71  2091.51  2216.24 
 2137.56  2018.71  2147.37  2106.35  2086.60  2082.89  2098.34  2058.37  2188.32 
 2095.57  2063.55  2098.28  2091.62  2084.53  2066.24  2095.04  2085.21  2201.75 
 2125.03  1977.88  2140.22  2127.86  2102.81  2081.18  2061.76  2076.84  2176.45 
 2102.38  2028.62  2147.51  2101.69  2098.45  2096.04  2087.23  2052.32  2194.57 
 2106.71  1988.22  2121.52  2145.15  2090.32  2120.57  2061.77  2099.95  2233.33 
 2090.35  2019.57  2116.57  2124.13  2063.65  2075.34  2096.93  2063.28  2224.51 
 2131.62  2036.34  2120.49  2129.65  2057.77  2050.02  2090.13  2074.80  2228.05 
 2106.53  2034.73  2105.93  2119.91  2073.28  2053.72  2094.12  2077.51  2198.63 
 2102.48  1992.62  2126.15  2148.95  2085.60  2104.65  2126.40  2111.17  2221.53 
 2103.47  2009.49  2158.57  2074.48  2123.38  2065.98  2097.80  2090.48  2216.17 
 2120.96  2018.99  2152.39  2061.64  2097.18  2081.14  2102.47  2109.79  2195.75 
 2122.40  2035.43  2148.01  2149.09  2074.69  2035.46  2084.98  2102.88  2211.03 
 2070.08  2059.27  2109.35  2159.72  2106.69  2076.97  2130.91  2121.25  2183.16 
 2158.89  2005.82  2074.77  2097.46  2093.29  2082.04  2083.50  2113.97  2235.93 
 2125.49  2034.07  2107.67  2092.41  2150.25  2029.23  2084.39  2065.42  2159.00 
 2156.54  2030.46  2139.39  2099.80  2102.66  2068.29  2121.39  2091.77  2195.68 
 2125.25  2009.09  2101.27  2077.37  2105.61  2043.60  2076.18  2103.40  2196.39 
 2141.12  2041.12  2134.09  2099.47  2054.83  2040.37  2083.83  2083.90  2256.48 
 2108.25  2017.77  2117.86  2089.31  2093.45  2077.96  2106.95  2095.22  2198.73 
 2102.04  2012.23  2123.19  2132.49  2056.21  2072.34  2094.05  2075.38  2243.19 
 2122.84  2009.33  2120.93  2103.69  2067.03  2087.06  2090.84  2093.07  2216.81 
 2116.28  1987.12  2135.38  2143.53  2052.80  2102.37  2119.48  2078.14  2222.50 
 2095.68  2045.35  2115.53  2105.20  2047.44  2068.68  2113.22  2029.52  2235.91 
 2136.57  2006.19  2145.59  2135.97  2115.54  2036.77  2075.23  2113.52  2225.44 
 2134.57  2022.45  2140.25  2145.26  2093.12  2093.78  2088.67  2100.44  2199.44 
 2133.02  2013.44  2127.11  2119.68  2077.12  2110.00  2094.60  2093.04  2176.02 
 2157.66  2045.56  2107.51  2117.32  2070.47  2091.58  2055.36  2102.64  2210.95 
 2103.54  2045.83  2130.80  2118.04  2105.80  2036.41  2083.00  2095.21  2223.73 
 2129.89  1996.14  2118.27  2116.84  2117.75  2054.26  2079.50  2095.00  2252.64 
 2143.86  2007.91  2154.71  2108.30  2099.36  2059.69  2088.85  2113.87  2173.76 
 2141.20  2023.86  2106.82  2124.35  2084.29  2106.76  2071.29  2084.89  2176.67 
 2138.65  2024.89  2117.71  2125.28  2080.23  2091.44  2060.89  2069.45  2195.80 
 2085.78  2036.72  2173.37  2115.77  2089.18  2062.92  2083.60  2090.42  2199.12 
 2121.05  1977.54  2095.16  2083.01  2106.93  2032.34  2115.89  2076.20  2202.26 
 2144.98  2012.92  2130.72  2131.84  2060.10  2114.74  2105.62  2111.04  2229.28 
 2091.91  2019.75  2136.65  2115.80  2098.48  2063.83  2129.99  2071.96  2239.97 
 2102.43  2006.45  2138.66  2127.85  2075.54  2043.61  2070.34  2093.13  2214.20 
 2117.60  2059.39  2109.06  2117.46  2039.19  2023.04  2119.13  2059.43  2212.11 
 2079.20  2059.89  2137.12  2061.12  2103.14  2062.01  2092.41  2101.85  2153.33 
 2143.95  2038.27  2115.26  2105.76  2100.30  2040.86  2108.38  2075.06  2223.95 
 2158.18  2065.47  2115.57  2154.66  2088.13  2104.74  2101.96  2102.76  2181.95 
 2104.98  2054.11  2117.62  2146.72  2106.12  2069.40  2067.82  2126.00  2210.01 
 2107.49  2022.40  2116.11  2109.16  2089.77  2038.51  2084.32  2109.76  2186.19 
 2168.12  2053.01  2116.84  2087.75  2064.49  2047.35  2115.78  2070.80  2231.80 
 2122.26  2006.51  2107.11  2091.88  2082.47  2062.90  2144.49  2116.49  2223.85 
 2150.09  2032.64  2126.21  2113.54  2099.45  2041.90  2078.18  2078.87  2201.86 
 2102.76  2027.79  2119.81  2126.47  2080.65  2110.17  2067.08  2066.59  2227.35 
 2115.47  2019.40  2112.54  2147.38  2067.11  2032.87  2111.09  2118.63  2189.92 
 2162.70  2048.78  2126.02  2087.82  2101.16  2088.27  2072.13  2053.53  2219.27 
 2133.47  2016.24  2101.71  2133.61  2060.24  2069.95  2111.64  2065.76  2204.27 
 2145.19  2051.11  2108.56  2124.15  2026.70  2052.89  2125.47  2086.79  2153.54 
 2154.66  2045.85  2128.22  2115.49  2089.18  2081.30  2111.74  2067.69  2214.88 
 2127.51  2037.48  2140.55  2087.40  2099.74  2035.36  2101.48  2073.07  2197.18 
 2120.78  2052.26  2133.68  2118.68  2062.16  2060.46  2086.89  2100.71  2209.26 
 2128.49  2019.11  2123.99  2116.47  2096.17  2079.61  2132.30  2122.05  2192.22 
 2146.31  1995.47  2100.62  2090.63  2085.02  2111.95  2084.65  2120.39  2208.98 
 2131.26  2068.00  2132.19  2148.89  2082.62  2060.41  2083.03  2068.55  2202.07 
 2142.12  2069.49  2154.31  2108.30  2105.00  2057.30  2085.34  2093.23  2198.42 
 2121.25  2036.25  2146.45  2097.64  2068.40  2063.78  2126.15  2070.19  2240.00 
 2102.95  2067.45  2100.10  2137.71  2131.85  2062.86  2052.46  2095.71  2224.08 
 2080.41  2016.21  2132.25  2078.37  2092.47  2110.73  2086.14  2100.90  2233.70 
 2123.06  2024.50  2153.92  2119.53  2089.98  2082.94  2110.77  2053.18  2223.26 
 2133.08  2029.90  2160.28  2110.00  2041.92  2071.23  2067.64  2094.42  2198.25 
 2141.38  2012.62  2170.34  2138.93  2082.99  2074.26  2104.10  2113.78  2195.01 
 2115.94  2028.79  2194.95  2078.91  2127.80  2041.10  2121.04  2038.92  2165.64 
 2128.63  2042.40  2128.49  2133.51  2099.70  2043.87  2116.26  2105.30  2234.26 
 2143.84  2055.64  2140.13  2118.36  2104.95  2039.75  2125.03  2116.62  2200.35 
 2143.53  2064.66  2105.93  2089.03  2107.82  2073.37  2086.93  2094.70  2223.08 
 2135.12  2037.17  2110.36  2136.76  2119.57  2064.67  2064.55  2062.13  2233.09 
 2131.91  2024.58  2089.57  2094.94  2064.29  2037.65  2052.45  2055.57  2199.81 
 2115.04  1992.58  2151.21  2104.70  2063.20  2041.61  2116.23  2084.15  2183.72 
 2097.58  2019.47  2113.84  2106.65  2065.74  2070.65  2102.81  2054.09  2217.88 
 2110.19  2027.75  2099.68  2143.18  2060.79  2086.47  2066.10  2116.49  2208.69 
 2130.39  1984.65  2123.31  2099.22  2112.23  2101.51  2101.47  2078.11  2238.25 
 2104.14  2020.00  2148.35  2072.41  2055.54  2068.52  2093.61  2124.30  2208.58 
 2111.14  1998.39  2145.40  2095.66  2050.95  2105.78  2072.94  2124.47  2220.24 
 2111.18  2031.93  2143.40  2155.61  2063.48  2077.66  2129.11  2114.08  2198.78 
 2104.68  2039.94  2094.32  2101.84  2062.27  2067.30  2090.33  2054.52  2214.89 
 2081.39  1978.89  2129.73  2133.23  2070.16  2092.00  2103.06  2094.31  2199.44 
 2121.61  2018.85  2127.26  2111.02  2048.65  2054.00  2058.30  2078.39  2224.67 
 2146.62  2032.68  2135.53  2169.95  2112.49  2040.30  2115.45  2109.07  2239.05 
 2154.82  2058.93  2102.98  2102.96  2096.81  2048.26  2051.74  2068.46  2192.70 
 2145.29  2054.01  2117.80  2109.30  2071.38  2083.91  2117.16  2096.02  2196.52 
 2154.39  2016.61  2116.74  2083.99  2052.83  2056.45  2078.65  2106.62  2218.31 
 2129.39  2035.24  2125.53  2109.45  2087.95  2081.66  2091.37  2111.38  2226.48 
 2119.93  2057.64  2150.94  2086.32  2054.24  2062.42  2094.11  2096.51  2223.82 
 2127.66  2040.46  2099.07  2088.67  2137.52  2050.93  2123.00  2095.76  2209.43 
 2122.82  2021.89  2135.95  2105.31  2058.63  2073.42  2103.14  2093.10  2181.16 
 2104.94  2042.97  2112.86  2120.65  2088.38  2067.74  2114.02  2094.54  2193.11 
 2140.55  2027.46  2127.49  2090.19  2087.85  2059.55  2113.27  2086.90  2157.80 
 2123.60  2041.29  2134.43  2094.03  2088.03  2076.76  2074.71  2093.84  2156.23 
 2106.02  2056.47  2138.48  2118.30  2069.72  2060.50  2107.51  2116.75  2192.15 
 2117.58  2039.09  2095.77  2069.81  2087.48  2063.14  2083.63  2079.42  2189.28 
 2124.38  2042.62  2102.56  2146.03  2062.31  2060.56  2112.65  2130.00  2213.39 
 2135.98  2027.84  2098.79  2050.92  2086.06  2069.43  2085.07  2137.38  2211.66 
 2118.37  2012.96  2126.04  2156.01  2097.04  2097.62  2108.58  2095.67  2212.87 
 2144.65  2040.11  2127.43  2080.97  2098.64  2097.31  2112.97  2102.81  2186.31 
 2092.65  2023.48  2136.70  2103.78  2030.92  2081.31  2076.84  2102.34  2157.94 
 2110.27  2029.86  2126.83  2064.64  2057.71  2079.82  2099.57  2109.27  2181.39 
 2152.45  1998.88  2094.55  2076.34  2096.90  2098.59  2118.19  2059.20  2238.13 
 2153.00  2024.64  2084.87  2116.34  2095.55  2070.48  2084.33  2082.02  2242.06 
 2087.18  2018.76  2136.16  2102.83  2083.42  2046.27  2057.08  2077.32  2194.00 
 2094.36  2065.84  2139.04  2110.96  2071.30  2076.22  2131.79  2124.88  2253.46 
 2121.91  2032.31  2108.19  2093.80  2110.55  2097.91  2102.55  2086.36  2214.03 
 2128.20  2053.12  2070.64  2118.55  2085.17  2085.05  2093.23  2102.59  2222.43 
 2157.36  2044.72  2118.43  2129.63  2100.80  2076.45  2099.74  2057.43  2228.86 
 2172.53  1982.23  2130.87  2098.78  2103.95  2068.12  2115.90  2091.19  2223.09 
 2170.51  2057.47  2131.63  2090.18  2097.51  2046.94  2073.77  2065.33  2217.92 
 2147.75  2018.59  2127.77  2119.11  2070.66  2090.44  2103.57  2096.62  2209.80 
 2127.58  2058.45  2148.07  2067.28  2143.25  2084.45  2108.10  2087.20  2235.57 
 2115.30  2020.39  2127.87  2115.55  2081.21  2066.72  2113.13  2062.29  2194.58 
 2117.59  2026.94  2099.57  2125.59  2100.65  2038.98  2090.10  2057.27  2227.35 
 2095.51  2024.91  2160.70  2136.18  2107.31  2041.15  2063.84  2120.71  2185.77 
 2151.38  2031.42  2108.75  2121.01  2096.37  2101.68  2077.60  2109.20  2208.84 
 2087.00  2008.06  2122.95  2119.66  2074.33  2094.63  2106.84  2081.30  2245.47 
 2091.50  2035.07  2131.23  2126.00  2083.83  2076.01  2118.07  2124.57  2204.56 
 2107.08  2058.28  2080.81  2100.94  2073.86  2092.60  2114.07  2114.84  2220.01 
 2115.77  2031.77  2113.53  2121.46  2086.34  2098.06  2081.40  2099.74  2215.22 
 2121.40  2055.51  2132.43  2098.40  2059.19  2072.44  2110.57  2072.37  2203.62 
 2154.25  2010.63  2136.98  2130.48  2097.14  2061.72  2090.51  2080.04  2184.79 
 2099.32  2029.60  2145.16  2110.37  2121.55  2052.96  2104.52  2107.60  2214.34 
 2122.48  1987.65  2105.47  2112.32  2072.92  2082.33  2076.39  2053.02  2222.63 
 2097.03  2024.68  2133.74  2136.75  2092.76  2081.23  2121.63  2089.87  2199.72 
 2149.08  2074.05  2124.21  2124.71  2084.53  2075.49  2103.85  2070.31  2221.80 
 2150.28  2035.50  2127.97  2109.89  2072.74  2103.64  2078.03  2099.51  2213.60 
 2120.44  2029.02  2151.74  2081.99  2084.41  2070.99  2076.46  2099.89  2180.08 
 2147.78  2030.74  2147.34  2107.46  2103.02  2050.72  2091.44  2125.14  2172.65 
 2115.85  1995.20  2093.49  2083.34  2026.73  2069.17  2082.04  2081.88  2180.88 
 2122.53  2035.26  2111.60  2159.83  2093.32  2096.77  2141.15  2108.26  2226.30 
 2120.85  2022.75  2111.99  2123.44  2061.83  2062.17  2085.76  2054.00  2215.63 
 2142.14  2008.69  2134.63  2080.24  2044.07  2061.04  2135.26  2089.06  2230.40 
 2129.78  2040.19  2139.17  2135.88  2111.22  2078.97  2120.03  2103.72  2225.42 
 2108.13  1990.56  2095.50  2096.60  2133.26  2085.96  2082.11  2113.77  2199.50 
 2168.88  2044.86  2121.54  2107.30  2063.86  2031.00  2074.95  2069.92  2192.77 
 2128.76  2008.26  2141.72  2064.14  2075.57  2036.33  2103.72  2096.18  2194.71 
 2118.01  2015.54  2129.12  2089.97  2095.89  2057.24  2064.78  2094.05  2221.38 
 2097.33  2055.72  2156.27  2107.52  2078.16  2069.14  2080.92  2117.45  2247.54 
 2128.10  2048.52  2095.86  2139.58  2081.62  2059.55  2106.22  2095.37  2202.32 
 2099.83  2041.71  2102.22  2111.89  2081.75  2068.36  2104.00  2045.54  2197.90 
 2120.85  2038.94  2088.76  2087.15  2102.13  2067.37  2107.45  2080.13  2182.82 
 2137.30  2023.28  2118.07  2125.69  2099.80  2092.60  2090.63  2100.47  2206.41 
 2110.31  2043.45  2134.89  2089.27  2102.70  2068.53  2063.28  2130.72  2247.12 
 2134.92  2009.72  2110.51  2106.32  2071.69  2078.51  2102.74  2076.21  2212.20 
 2099.72  2021.29  2131.13  2127.78  2086.05  2069.15  2107.00  2076.59  2199.24 
 2141.13  1991.86  2124.02  2147.38  2110.14  2101.71  2114.74  2107.99  2193.05 
 2129.46  2026.38  2121.91  2087.15  2057.51  2074.12  2107.50  2081.42  2183.85 
 2079.62  2038.89  2112.29  2127.96  2040.19  2080.18  2101.07  2065.30  2222.30 
 2104.79  2033.81  2174.82  2122.81  2027.13  2109.12  2101.08  2050.82  2183.39 
 2129.99  2019.02  2086.99  2088.86  2102.06  2062.12  2103.23  2062.60  2192.06 
 2088.57  2009.61  2104.32  2064.53  2043.62  2067.84  2113.05  2067.54  2196.53 
 2137.88  2024.32  2126.85  2103.29  2091.21  2037.61  2105.55  2053.18  2213.44 
 2150.86  2042.31  2171.75  2117.70  2088.46  2068.07  2074.59  2116.89  2195.04 
 2107.40  2012.74  2101.51  2068.89  2086.23  2070.08  2166.36  2100.39  2242.73 
 2121.75  2003.68  2122.15  2096.72  2039.79  2097.12  2091.97  2081.56  2239.24 
 2130.32  2011.25  2096.19  2123.64  2072.64  2086.18  2087.66  2116.21  2223.44 
 2109.81  2026.15  2164.96  2128.75  2058.11  2059.62  2116.74  2064.45  2238.28 
 2105.45  2024.93  2130.31  2151.39  2084.15  2058.10  2102.80  2104.37  2179.80 
 2130.81  2002.91  2136.26  2097.73  2113.75  2057.68  2107.44  2112.33  2221.95 
 2136.11  2011.96  2121.91  2094.74  2101.88  2056.94  2085.19  2112.13  2181.75 
 2164.91  1971.00  2106.12  2113.27  2090.48  2074.43  2111.63  2089.85  2200.69 
 2111.70  2014.43  2129.88  2096.95  2097.60  2067.57  2093.51  2087.71  2208.31 
 2095.66  2027.07  2141.22  2116.40  2066.61  2032.33  2033.36  2086.47  2208.70 
 2148.28  2006.55  2153.45  2120.77  2072.44  2038.76  2107.23  2093.36  2213.51 
 2129.08  2040.35  2108.66  2090.37  2034.37  2073.46  2095.37  2101.84  2248.04 
 2123.38  2056.44  2127.18  2135.80  2068.23  2087.61  2115.90  2118.09  2165.28 
 2111.74  2001.74  2117.74  2108.51  2074.91  2089.80  2121.19  2077.63  2193.34 
 2121.08  2028.32  2103.66  2130.40  2048.34  2084.49  2080.15  2081.60  2203.62 
 2165.13  2026.37  2122.93  2120.73  2074.91  2037.88  2123.73  2061.70  2194.15 
 2119.12  2029.39  2129.89  2072.78  2042.74  2084.47  2089.32  2107.13  2180.70 
 2146.34  2006.18  2170.68  2094.29  2079.96  2078.02  2117.89  2141.48  2233.56 
 2112.65  1990.46  2077.92  2098.82  2049.41  2078.00  2081.25  2111.69  2192.01 
 2083.84  1993.56  2153.53  2095.70  2092.94  2044.31  2094.24  2112.33  2219.75 
 2117.80  2014.28  2124.11  2131.05  2114.22  2088.16  2106.08  2108.92  2222.14 
 2117.72  2065.14  2125.51  2095.93  2093.12  2088.93  2110.21  2067.01  2242.97 
 2089.56  2024.84  2143.63  2086.53  2088.28  2067.31  2114.29  2086.84  2192.29 
 2105.24  2010.51  2150.24  2102.98  2041.64  2078.12  2091.66  2086.44  2211.66 
 2124.40  2019.77  2135.06  2062.11  2104.33  2057.91  2109.31  2103.23  2226.98 
 2125.89  2052.66  2101.75  2141.31  2077.89  2097.12  2093.38  2123.25  2198.76 
 2075.47  2030.49  2111.73  2101.70  2140.14  2085.62  2098.97  2109.36  2206.81 
 2111.57  2012.43  2109.67  2121.37  2121.94  2022.73  2107.74  2069.77  2276.88 
 2118.82  1994.20  2146.14  2107.13  2081.86  2123.00  2074.44  2116.79  2241.57 
 2104.33  2016.93  2134.91  2099.74  2073.02  2105.28  2080.56  2106.44  2222.90 
 2072.56  2016.04  2080.61  2095.32  2082.65  2055.10  2112.83  2057.77  2243.52 
 2101.18  2055.65  2106.59  2134.90  2086.74  2089.20  2088.33  2128.55  2224.70 
 2129.40  2025.24  2132.60  2113.18  2056.71  2059.62  2109.67  2056.57  2249.70 
 2140.40  2070.22  2098.19  2129.31  2075.12  2057.98  2108.72  2114.46  2201.93 
 2108.59  2023.45  2145.24  2144.84  2097.95  2052.25  2098.76  2069.74  2223.76 
 2178.60  2024.18  2100.20  2090.88  2059.91  2094.49  2097.37  2112.72  2243.10 
 2120.84  2028.62  2089.16  2084.71  2073.02  2108.26  2117.62  2073.45  2217.77 
 2140.97  2034.70  2142.86  2095.03  2102.54  2062.78  2094.50  2119.95  2218.40 
 2129.14  2020.78  2137.41  2097.18  2095.45  2059.82  2074.17  2126.40  2205.75 
 2118.91  2019.69  2201.16  2118.59  2071.47  2059.55  2082.56  2091.64  2229.70 
 2135.15  2045.90  2153.72  2093.23  2040.38  2061.09  2062.06  2095.65  2244.99 
 2121.42  2016.15  2162.35  2104.26  2086.71  2040.06  2100.47  2091.37  2188.13 
 2118.55  2057.62  2094.01  2086.61  2082.96  2072.83  2080.41  2119.06  2210.20 
 2129.70  2011.41  2090.83  2109.55  2079.69  2065.89  2099.68  2101.01  2189.22 
 2098.79  2025.00  2119.11  2094.20  2080.22  2032.68  2078.17  2112.14  2202.06 
 2123.93  2023.30  2101.56  2133.56  2073.18  2057.99  2047.65  2082.98  2203.55 
 2103.49  2003.23  2116.79  2098.12  2073.79  2032.77  2097.60  2104.11  2214.97 
 2133.98  2035.72  2106.52  2102.01  2105.91  2076.10  2118.04  2080.18  2200.95 
 2094.93  2036.13  2118.05  2117.37  2071.36  2067.78  2129.76  2100.72  2182.98 
 2112.57  1986.97  2122.57  2052.10  2076.24  2048.29  2087.64  2092.07  2234.86 
 2124.78  2003.88  2106.35  2101.29  2077.10  2068.69  2148.92  2085.69  2206.12 
 2110.63  1996.02  2076.25  2084.80  2079.50  2075.13  2103.43  2065.57  2214.56 
 2125.42  2019.12  2133.26  2137.80  2119.83  2055.29  2088.76  2091.14  2201.01 
 2137.23  1989.78  2142.99  2058.29  2052.67  2056.40  2078.11  2118.60  2229.11 
 2117.12  2055.47  2103.02  2110.61  2060.61  2091.93  2086.96  2085.42  2244.57 
 2120.76  2015.92  2115.18  2110.95  2042.81  2063.98  2113.59  2050.38  2182.09 
 2130.53  2016.07  2081.51  2131.14  2094.68  2073.63  2088.80  2095.62  2228.84 
 2090.51  2046.16  2109.49  2075.43  2065.28  2085.38  2100.88  2127.82  2204.19 
 2125.82  2045.49  2131.18  2100.83  2080.38  2052.66  2114.72  2061.91  2219.40 
 2140.91  2040.64  2158.03  2119.12  2060.79  2061.32  2111.20  2063.99  2219.46 
 2107.23  2045.88  2146.36  2117.43  2131.05  2062.35  2094.44  2073.80  2173.85 
 2133.21  2042.95  2157.18  2108.07  2085.57  2017.56  2083.89  2097.32  2227.26 
 2104.12  2021.15  2099.77  2137.05  2081.57  2083.08  2068.88  2090.91  2200.41 
 2113.54  2025.01  2117.55  2095.69  2049.79  2112.57  2137.19  2030.86  2210.73 
 2114.34  2018.80  2148.41  2100.76  2039.87  2031.67  2091.74  2085.39  2214.84 
 2125.19  2039.64  2132.33  2091.09  2075.36  2071.95  2080.51  2076.98  2249.38 
 2155.03  1983.16  2157.34  2075.40  2066.95  2066.49  2078.48  2087.42  2205.54 
 2110.85  1970.40  2116.26  2118.53  2097.36  2063.20  2092.11  2090.39  2226.71 
 2105.97  2056.62  2134.72  2116.27  2072.40  2051.95  2097.95  2068.29  2223.89 
 2145.20  1990.49  2127.28  2097.35  2079.00  2121.11  2090.23  2112.67  2209.28 
 2110.91  2023.74  2134.33  2108.88  2087.16  2028.49  2121.36  2131.91  2214.37 
 2133.98  2067.96  2124.14  2091.71  2094.76  2078.38  2110.96  2086.97  2222.01 
 2118.40  2049.48  2145.73  2142.51  2091.59  2106.88  2111.48  2096.29  2206.35 
 2123.03  2000.75  2146.39  2098.43  2035.97  2051.71  2063.87  2084.97  2222.04 
 2110.72  2011.70  2082.77  2061.25  2055.37  2073.03  2112.08  2112.77  2197.54 
 2093.87  2027.49  2126.22  2095.82  2102.97  2047.69  2102.64  2069.90  2235.06 
 2116.76  2046.89  2150.38  2139.57  2081.08  2070.73  2093.97  2111.63  2164.91 
 2117.07  2010.93  2160.76  2102.46  2097.96  2048.78  2112.44  2115.38  2222.13 
 2141.92  2011.42  2120.96  2074.23  2092.63  2089.55  2126.96  2061.91  2207.16 
 2107.26  2015.32  2126.73  2122.49  2082.98  2070.19  2126.00  2096.82  2158.26 
 2144.33  2004.10  2123.54  2090.45  2108.60  2107.41  2112.25  2088.59  2184.34 
 2114.66  2053.30  2135.73  2154.08  2074.84  2053.70  2117.75  2081.90  2216.55 
 2137.17  2005.10  2112.45  2105.65  2090.50  2040.09  2092.96  2085.70  2201.22 
 2140.49  2021.97  2114.54  2087.74  2102.63  2050.74  2076.68  2062.55  2229.89 
 2108.15  2030.96  2100.79  2095.49  2105.66  2076.08  2126.62  2087.85  2225.90 
 2126.36  1992.18  2120.82  2112.87  2078.51  2096.19  2141.57  2118.26  2216.84 
 2104.43  2027.35  2106.47  2103.55  2062.86  2062.25  2095.49  2103.33  2230.72 
 2133.04  2034.40  2155.49  2100.89  2071.49  2072.71  2071.11  2115.46  2185.28 
 2114.43  2044.87  2083.18  2082.01  2082.84  2034.22  2106.35  2051.36  2251.69 
 2138.44  2026.52  2144.23  2116.49  2095.80  2099.68  2083.14  2078.72  2188.37 
 2155.73  1990.08  2071.17  2113.82  2087.43  2025.30  2092.49  2063.89  2212.47 
 2117.23  2060.50  2118.17  2105.12  2093.60  2085.71  2110.70  2084.24  2250.16 
 2121.07  2024.98  2105.30  2127.18  2113.13  2110.49  2080.01  2097.16  2240.37 
 2135.59  2027.40  2167.70  2124.09  2075.07  2053.37  2097.04  2084.67  2200.08 
 2173.62  2024.46  2098.86  2130.07  2110.28  2072.36  2123.85  2060.32  2233.38 
 2114.20  2064.82  2116.09  2077.80  2078.79  2050.93  2076.24  2108.25  2199.00 
 2126.49  2022.80  2133.28  2088.49  2083.43  2118.39  2102.35  2054.75  2207.30 
 2099.43  2074.99  2106.03  2110.50  2104.51  2069.70  2103.26  2099.72  2239.05 
 2138.76  2037.89  2133.56  2127.22  2060.87  2085.75  2091.69  2128.70  2210.54 
 2118.50  2003.16  2118.48  2126.08  2073.64  2093.53  2078.91  2072.99  2259.62 
 2116.32  2065.66  2104.64  2087.45  2064.77  2112.92  2086.17  2085.21  2219.47 
 2127.77  2019.70  2095.64  2131.49  2098.49  2047.29  2153.59  2099.19  2231.93 
 2121.48  2000.51  2080.45  2134.11  2096.72  2083.66  2082.32  2089.21  2227.96 
 2126.28  2021.14  2117.27  2114.24  2037.17  2037.24  2112.46  2113.01  2210.43 
 2132.93  2030.76  2143.31  2095.40  2090.95  2073.86  2106.07  2062.31  2222.11 
 2146.77  2027.80  2126.38  2118.65  2055.72  2054.07  2092.51  2088.66  2194.83 
 2142.41  1976.80  2140.60  2101.21  2096.64  2070.15  2114.42  2119.27  2220.49 
 2106.69  2030.76  2129.63  2130.84  2070.82  2088.45  2102.65  2070.95  2248.88 
 2098.14  2067.05  2148.44  2108.71  2060.20  2068.30  2111.40  2050.89  2219.30 
 2103.41  2044.66  2156.33  2115.58  2103.87  2090.73  2085.94  2097.10  2214.43 
 2130.70  2020.07  2107.15  2130.21  2061.28  2005.58  2134.86  2085.45  2191.68 
 2105.20  1982.40  2126.24  2091.67  2051.49  2067.35  2105.43  2079.32  2183.70 
 2165.53  1989.80  2155.08  2108.75  2088.34  2091.61  2110.70  2073.12  2207.06 
 2134.27  2018.94  2119.99  2139.59  2091.26  2052.69  2096.11  2075.50  2210.20 
 2115.10  2002.33  2091.77  2131.62  2106.49  2074.98  2111.98  2098.65  2222.64 
 2151.66  2039.53  2106.38  2108.41  2062.18  2080.35  2109.82  2067.61  2190.68 
 2115.92  2033.94  2130.18  2092.40  2078.26  2018.54  2094.63  2081.48  2210.88 
 2114.86  2016.89  2104.52  2109.17  2082.19  2064.64  2136.05  2112.40  2232.96 
 2130.39  2006.48  2091.39  2078.25  2089.50  2063.55  2089.90  2106.21  2216.57 
 2145.29  2030.02  2116.04  2099.21  2067.97  2058.66  2060.48  2121.64  2198.80 
 2114.75  2035.09  2128.11  2118.58  2072.40  2090.62  2103.91  2073.04  2191.18 
 2133.97  2062.34  2104.80  2101.03  2091.15  2102.64  2091.36  2072.32  2195.94 
 2113.86  2011.80  2097.49  2133.86  2054.37  2109.27  2054.35  2100.11  2208.27 
 2111.80  1988.23  2158.19  2139.78  2078.16  2083.45  2119.95  2099.40  2213.96 
 2150.94  2004.58  2136.37  2118.77  2123.19  2041.10  2072.33  2077.26  2220.90 
 2090.80  2013.47  2111.29  2103.89  2098.83  2049.66  2073.90  2108.12  2225.32 
 2112.89  2008.21  2106.10  2100.47  2069.11  2090.15  2104.58  2075.35  2190.49 
 2123.08  2033.88  2113.44  2121.45  2072.09  2078.14  2113.28  2069.51  2186.86 
 2162.29  2047.51  2110.18  2075.71  2055.15  2046.63  2069.32  2069.00  2212.92 
 2108.31  2040.55  2119.43  2123.23  2061.80  2064.75  2053.46  2057.70  2216.43 
 2070.86  2057.89  2136.20  2109.00  2058.07  2094.30  2091.51  2088.08  2189.82 
 2132.53  2029.96  2103.55  2142.48  2035.73  2048.72  2092.26  2100.53  2234.48 
 2127.48  2030.55  2134.74  2076.79  2068.05  2059.84  2068.34  2081.65  2219.58 
 2131.88  2043.30  2094.49  2109.24  2084.72  2077.15  2088.90  2096.40  2181.57 
 2134.12  2055.54  2095.70  2066.16  2130.59  2032.61  2136.19  2124.79  2186.83 
 2139.04  2046.07  2106.17  2099.17  2061.91  2052.29  2096.95  2105.23  2210.79 
 2107.64  2014.73  2125.97  2125.88  2055.84  2010.01  2083.89  2108.05  2176.49 
 2103.23  2006.71  2116.67  2106.30  2077.48  2019.74  2092.41  2055.68  2205.08 
 2122.83  2006.08  2109.85  2090.54  2085.64  2108.45  2112.95  2097.49  2237.60 
 2119.64  2014.21  2121.59  2076.66  2088.57  2064.89  2091.38  2078.60  2250.57 
 2126.15  2047.28  2147.65  2093.22  2079.80  2074.69  2120.21  2074.30  2161.40 
 2140.97  2039.52  2104.31  2110.21  2070.95  2084.53  2075.87  2069.26  2222.84 
 2138.53  2002.71  2093.50  2100.83  2046.90  2036.29  2121.27  2065.60  2213.08 
 2097.94  2021.83  2146.38  2084.55  2104.11  2095.44  2117.34  2108.78  2268.59 
 2134.34  2050.93  2100.25  2080.39  2065.42  2069.92  2098.24  2100.48  2199.77 
 2114.91  2046.07  2109.88  2097.53  2080.31  2090.62  2120.20  2040.77  2177.87 
 2105.90  2004.77  2106.43  2141.01  2095.66  2056.74  2077.94  2116.73  2165.76 
 2082.72  2048.69  2100.98  2117.46  2058.98  2044.11  2108.86  2073.79  2228.55 
 2110.83  2011.61  2097.85  2108.05  2087.12  2076.76  2093.04  2116.02  2223.09 
 2128.01  2053.70  2129.79  2132.40  2120.15  2076.98  2101.97  2067.03  2210.56 
 2114.98  2054.11  2140.50  2106.54  2047.89  2072.12  2114.24  2070.50  2241.34 
 2138.11  1998.96  2094.87  2066.14  2105.33  2068.80  2071.75  2106.12  2225.63 
 2156.11  2018.08  2145.41  2085.30  2070.19  2029.81  2091.08  2059.30  2209.64 
 2116.83  2058.04  2083.06  2114.14  2034.97  2046.72  2099.88  2104.27  2199.40 
 2104.54  2030.58  2090.59  2091.18  2080.96  2057.95  2099.24  2093.56  2218.61 
 2133.28  2058.57  2102.15  2080.04  2078.08  2090.25  2109.77  2064.80  2173.26 
 2137.82  2029.32  2108.02  2132.47  2074.51  2079.13  2124.73  2115.92  2176.30 
 2151.91  1966.54  2130.78  2105.34  2056.02  2077.68  2113.25  2094.41  2221.82 
 2119.64  2022.43  2112.78  2128.12  2066.95  2069.16  2114.53  2082.05  2235.10 
 2114.97  2016.87  2158.32  2119.39  2058.46  2099.79  2083.89  2097.68  2222.51 
 2117.30  1981.62  2142.75  2087.72  2102.64  2076.14  2084.80  2110.43  2246.13 
 2169.61  2052.48  2105.80  2130.46  2081.74  2072.16  2095.08  2029.53  2224.89 
 2114.58  2062.82  2131.55  2113.24  2079.03  2063.18  2119.62  2079.05  2219.32 
 2130.64  2030.66  2141.68  2125.09  2063.11  2092.38  2102.99  2053.56  2228.66 
 2137.76  2013.07  2166.15  2092.05  2111.58  2067.34  2098.76  2093.64  2187.83 
 2123.62  2012.88  2120.52  2114.27  2084.02  2060.11  2059.46  2096.59  2230.57 
 2129.34  2043.32  2106.38  2112.54  2057.15  2080.51  2107.87  2068.36  2225.95 
 2166.17  2034.36  2107.30  2114.04  2095.27  2058.07  2103.56  2097.55  2226.79 
 2100.44  2023.24  2125.43  2099.79  2064.00  2053.20  2128.71  2082.86  2188.49 
 2073.22  2018.66  2091.46  2083.09  2090.99  2079.89  2108.78  2063.06  2218.66 
 2118.57  2030.76  2123.58  2082.69  2100.34  2040.38  2087.66  2114.17  2230.56 
 2094.99  2033.93  2107.45  2110.86  2080.37  2074.81  2110.22  2074.90  2212.19 
 2133.91  2028.94  2161.30  2110.13  2066.34  2045.03  2095.83  2078.40  2209.26 
 2109.20  2021.82  2109.13  2116.06  2114.56  2043.93  2132.81  2093.29  2226.07 
 2096.99  2049.18  2117.46  2122.08  2063.64  2088.37  2094.82  2087.92  2187.87 
 2094.63  2025.44  2135.79  2131.91  2085.30  2068.41  2121.23  2083.22  2204.81 
 2128.92  2016.52  2120.75  2116.96  2087.86  2135.92  2093.35  2100.75  2199.53 
 2149.50  2003.16  2120.81  2124.14  2084.66  2059.19  2123.15  2064.05  2211.44 
 2122.37  2051.50  2146.06  2111.02  2057.92  2080.50  2089.67  2083.08  2140.12 
 2153.31  1996.76  2109.59  2093.12  2116.43  2036.36  2089.97  2069.67  2197.87 
 2097.32  2014.16  2159.45  2099.47  2068.35  2040.69  2089.11  2089.18  2175.70 
 2146.60  2023.19  2116.77  2118.33  2090.68  2052.80  2051.63  2105.10  2229.87 
 2140.91  2007.43  2114.55  2099.88  2076.31  2090.99  2127.17  2092.88  2240.82 
 2137.30  2031.08  2138.80  2155.25  2073.60  2043.92  2109.81  2063.07  2181.88 
 2140.70  2041.34  2125.14  2122.14  2074.03  2092.09  2095.03  2108.34  2210.67 
 2161.91  2015.88  2109.81  2132.04  2081.91  2054.69  2100.42  2107.55  2200.26 
 2152.99  2015.96  2128.14  2087.80  2081.68  2058.36  2102.93  2096.73  2192.15 
 2157.93  2084.83  2109.45  2102.21  2119.69  2073.39  2085.29  2100.24  2212.24 
 2115.06  2009.65  2139.59  2086.89  2062.30  2086.86  2087.11  2109.28  2180.07 
 2168.86  2056.52  2103.97  2086.91  2086.67  2093.47  2103.89  2044.61  2181.30 
 2117.43  2034.09  2146.71  2130.64  2090.51  2044.31  2122.06  2074.38  2211.05 
 2142.09  2030.21  2127.44  2096.21  2087.38  2046.64  2115.13  2111.46  2263.43 
 2158.30  1998.54  2105.97  2102.54  2126.33  2077.63  2084.84  2063.18  2214.53 
 2110.50  2038.22  2138.60  2116.08  2111.18  2025.70  2135.06  2041.96  2229.54 
 2137.88  2020.59  2136.14  2094.05  2084.93  2070.53  2063.91  2102.81  2169.01 
 2132.41  1995.54  2127.11  2136.03  2074.41  2048.50  2094.80  2131.88  2219.76 
 2150.23  2007.17  2082.31  2122.42  2083.94  2063.35  2078.36  2109.23  2211.73 
 2117.43  2030.02  2118.83  2039.11  2069.84  2085.38  2080.87  2094.03  2184.57 
 2111.56  2064.39  2128.20  2136.52  2116.41  2067.53  2100.00  2099.11  2215.49 
 2170.42  2031.91  2107.59  2130.39  2064.51  2069.05  2107.61  2085.91  2242.36 
 2106.44  2061.39  2142.04  2132.87  2095.68  2066.74  2078.01  2069.62  2148.42 
 2155.11  2053.07  2103.14  2093.80  2088.95  2066.58  2072.97  2102.68  2224.63 
 2130.53  2029.68  2114.45  2124.38  2062.11  2049.42  2124.12  2109.47  2217.67 
 2178.25  2047.25  2106.55  2106.54  2074.91  2095.89  2099.58  2069.43  2243.88 
 2130.77  2023.08  2150.78  2138.25  2086.76  2075.61  2134.94  2096.82  2209.02 
 2150.35  2004.49  2099.29  2128.38  2076.56  2066.02  2096.91  2091.39  2210.82 
 2129.68  2034.56  2072.35  2125.55  2034.73  2084.82  2068.81  2085.86  2253.71 
 2127.84  1998.77  2145.47  2098.50  2085.77  2081.00  2091.09  2105.48  2244.17 
 2159.11  2035.41  2124.24  2085.37  2091.59  2049.28  2099.69  2037.16  2251.10 
 2130.34  2029.12  2102.89  2094.67  2090.09  2059.35  2101.99  2076.90  2235.78 
 2112.64  2007.02  2138.73  2093.20  2019.51  2108.83  2097.37  2096.61  2210.14 
 2144.24  2021.64  2111.40  2119.93  2081.74  2059.76  2129.50  2106.13  2222.12 
 2131.09  1998.85  2146.29  2135.38  2121.99  2055.40  2074.01  2101.14  2198.35 
 2119.02  2025.04  2151.57  2078.98  2074.74  2047.32  2095.60  2115.33  2173.01 
 2113.96  2015.11  2129.64  2083.87  2101.80  2077.31  2101.50  2088.12  2224.12 
 2165.64  2050.24  2100.10  2134.13  2082.58  2074.37  2077.40  2051.30  2253.71 
 2123.88  2059.71  2123.19  2120.74  2056.77  2108.86  2099.70  2092.74  2194.58 
 2095.95  2038.93  2110.03  2136.38  2083.41  2084.29  2078.89  2080.57  2247.18 
 2103.01  2054.62  2077.16  2083.23  2050.79  2060.43  2114.31  2094.74  2221.61 
 2166.64  2043.34  2093.43  2070.57  2113.66  2092.37  2082.27  2107.77  2235.84 
 2139.49  2049.29  2104.41  2126.30  2076.34  2084.88  2101.05  2101.43  2128.07 
 2114.67  2041.79  2112.34  2111.93  2033.58  2087.90  2079.95  2052.83  2216.44 
 2132.53  1972.64  2130.53  2139.24  2098.76  2095.65  2117.38  2098.51  2231.45 
 2163.66  2052.13  2145.18  2129.00  2087.83  2077.91  2098.83  2064.09  2194.23 
 2109.43  2013.54  2143.56  2142.42  2087.06  2066.16  2096.74  2121.79  2195.20 
 2112.95  2017.63  2127.94  2150.21  2125.94  2066.48  2119.69  2094.38  2200.23 
 2090.73  2035.75  2114.52  2083.24  2084.25  2072.92  2093.85  2083.95  2220.77 
 2069.56  2060.27  2142.30  2124.64  2053.46  2034.34  2125.71  2083.23  2208.27 
 2153.36  2063.13  2091.67  2078.68  2080.08  2047.50  2096.83  2038.55  2191.64 
 2118.61  2033.01  2098.48  2127.97  2089.47  2100.21  2089.36  2074.92  2215.11 
 2149.85  2005.59  2134.32  2127.28  2125.86  2065.79  2089.20  2092.52  2202.87 
 2139.38  1958.40  2164.24  2117.49  2079.86  2058.45  2148.25  2088.81  2188.32 
 2092.32  2038.49  2100.34  2123.05  2049.07  2079.83  2091.10  2135.70  2207.41 
 2105.70  2033.27  2170.10  2096.14  2086.97  2114.68  2066.80  2075.74  2230.11 
 2103.39  2020.62  2129.30  2125.54  2027.59  2067.80  2087.38  2099.09  2191.50 
 2125.93  2015.90  2120.51  2103.55  2083.65  2019.34  2124.58  2086.47  2249.70 
 2081.82  2032.90  2123.06  2152.34  2059.71  2060.79  2118.83  2092.60  2172.62 
 2118.27  2019.91  2151.93  2100.63  2083.82  2058.86  2090.19  2065.62  2185.37 
 2090.32  2040.14  2082.48  2130.42  2062.58  2061.34  2117.00  2127.86  2206.83 
 2103.18  2021.18  2148.78  2071.47  2080.04  2048.65  2103.47  2091.97  2213.79 
 2134.95  2001.40  2132.98  2113.45  2076.04  2055.29  2091.28  2082.16  2194.69 
 2144.25  2027.01  2105.04  2137.79  2078.69  2065.99  2092.28  2109.15  2234.68 
 2137.77  2001.96  2121.95  2096.83  2047.45  2094.04  2104.15  2118.69  2186.35 
 2112.51  2027.48  2101.91  2094.84  2101.81  2046.25  2099.09  2087.53  2240.76 
 2110.52  2000.06  2143.78  2108.36  2059.08  2086.13  2071.43  2093.47  2223.91 
 2117.72  2026.33  2163.81  2081.13  2065.48  2068.12  2092.82  2107.48  2167.76 
 2108.12  2021.38  2127.57  2125.13  2093.46  2077.64  2106.71  2080.74  2238.00 
 2163.05  2030.93  2123.40  2099.78  2087.66  2041.41  2096.81  2082.38  2168.62 
 2141.96  1992.73  2131.81  2135.49  2064.76  2093.27  2099.09  2073.93  2219.61 
 2116.93  2010.73  2116.45  2088.70  2083.14  2023.93  2102.30  2080.75  2215.44 
 2150.04  1990.16  2121.06  2139.51  2055.96  2052.00  2110.66  2102.42  2227.62 
 2133.99  2022.81  2123.53  2108.96  2041.26  2074.11  2128.74  2092.70  2225.88 
 2150.35  2018.11  2115.66  2091.91  2068.01  2069.92  2117.71  2081.41  2207.82 
 2105.81  2013.92  2105.36  2064.95  2120.15  2089.49  2093.05  2105.89  2204.41 
 2153.06  1988.84  2151.70  2101.41  2121.07  2071.03  2099.22  2085.08  2188.20 
 2106.51  2066.01  2121.03  2118.91  2090.96  2103.05  2109.29  2111.04  2250.83 
 2123.80  2038.46  2107.07  2126.98  2088.42  2048.16  2100.26  2087.28  2204.06 
 2125.26  2029.96  2103.73  2109.19  2083.85  2115.28  2069.37  2096.90  2210.86 
 2101.34  2032.65  2107.67  2155.30  2095.68  2008.84  2124.70  2093.57  2201.92 
 2121.04  2042.94  2157.84  2052.61  2066.36  2018.08  2104.89  2047.88  2168.55 
 2102.57  2051.06  2116.27  2110.24  2088.64  2098.06  2128.30  2122.87  2176.08 
 2126.86  1995.87  2116.14  2114.43  2075.89  2085.59  2099.45  2085.57  2211.19 
 2122.50  1993.08  2100.72  2131.81  2092.83  2088.79  2118.97  2117.41  2225.06 
 2144.41  2040.25  2144.50  2148.14  2078.86  2084.17  2113.14  2085.55  2144.29 
 2120.94  2019.60  2110.93  2119.03  2054.07  2049.55  2093.37  2065.66  2206.79 
 2117.50  2045.24  2115.47  2091.83  2076.58  2066.79  2096.94  2112.52  2183.57 
 2142.04  1983.69  2146.36  2121.84  2075.86  2035.23  2103.00  2069.65  2204.44 
 2107.43  2022.36  2155.32  2087.93  2072.64  2033.41  2092.40  2087.58  2221.29 
 2142.42  2039.05  2114.55  2104.77  2104.72  2111.94  2124.63  2055.33  2222.32 
 2094.17  2020.89  2100.11  2094.55  2037.45  2058.43  2091.96  2085.36  2165.98 
 2138.29  1971.49  2110.41  2116.35  2066.00  2083.47  2100.49  2067.62  2197.17 
 2137.25  2057.69  2140.62  2123.19  2066.45  2036.38  2104.82  2094.60  2219.31 
 2080.80  2068.93  2084.76  2090.43  2075.44  2089.18  2116.75  2108.08  2180.24 
 2128.74  2022.31  2118.54  2108.95  2079.34  2045.08  2075.14  2080.15  2217.38 
 2116.79  2014.54  2124.80  2064.88  2062.67  2106.94  2096.37  2081.80  2189.93 
 2149.65  2048.59  2133.06  2135.51  2072.95  2055.02  2131.12  2116.85  2188.55 
 2125.33  2016.58  2120.27  2136.61  2120.79  2066.19  2118.56  2098.43  2202.28 
 2115.66  2049.25  2105.12  2091.49  2084.03  2075.44  2084.01  2104.79  2177.08 
 2132.33  2004.05  2118.50  2123.84  2119.07  2089.51  2107.11  2081.18  2198.86 
 2101.59  1999.08  2097.07  2097.34  2075.08  2056.91  2057.00  2115.22  2235.81 
 2163.18  2027.78  2122.51  2135.64  2092.57  2054.75  2079.44  2093.14  2212.58 
 2134.32  1993.94  2122.47  2111.05  2106.57  2077.34  2102.06  2095.79  2215.36 
 2092.28  2045.44  2152.74  2102.23  2095.64  2078.49  2095.31  2067.43  2182.24 
 2104.20  1988.08  2110.33  2124.92  2112.93  2091.33  2100.44  2088.52  2239.54 
 2111.45  2001.01  2077.14  2129.55  2069.73  2096.61  2088.82  2041.77  2201.10 
 2127.30  2020.22  2099.03  2114.19  2111.07  2023.32  2096.16  2023.92  2179.94 
 2088.84  1997.34  2161.86  2070.64  2077.04  2078.20  2099.41  2077.09  2166.35 
 2103.18  2062.41  2101.89  2111.97  2070.97  2058.69  2100.69  2068.32  2201.69 
 2097.25  2050.01  2105.57  2113.20  2060.13  2067.58  2056.06  2097.86  2193.26 
 2075.43  2018.64  2108.33  2095.06  2067.01  2036.75  2102.95  2054.30  2226.98 
 2156.43  2035.96  2098.28  2101.61  2075.94  2044.28  2064.40  2083.91  2189.51 
 2123.28  2036.93  2164.05  2089.18  2065.23  2041.14  2079.20  2087.10  2187.62 
 2092.35  2032.94  2104.18  2123.75  2105.77  2058.03  2097.68  2094.64  2241.52 
 2126.21  2032.40  2138.84  2092.07  2067.15  2037.00  2093.67  2100.10  2208.30 
 2104.23  2032.06  2119.80  2119.10  2083.50  1996.89  2102.43  2100.62  2212.42 
 2098.56  2079.29  2140.06  2090.03  2083.27  2080.14  2086.18  2075.46  2231.36 
 2101.13  2035.30  2095.45  2104.37  2046.41  2072.42  2081.16  2093.05  2225.55 
 2137.17  2015.44  2108.50  2090.20  2066.88  2012.38  2097.36  2058.11  2166.16 
 2102.09  2019.35  2113.51  2084.86  2113.05  2019.15  2047.13  2042.83  2226.93 
 2136.16  1999.68  2141.77  2121.43  2072.68  2046.26  2095.30  2021.66  2200.19 
