 2117.06  2199.20  2100.13  2153.53  2061.28  2102.57  2124.68  2119.80  2277.12 
 2106.67  2134.15  2079.53  2082.94  2022.04  2106.13  2095.05  2112.01  2263.05 
 2131.57  2175.41  2098.70  2108.82  2108.84  2113.58  2103.48  2165.90  2278.43 
 2049.03  2073.10  2028.42  2071.98  2060.01  2072.00  2100.61  2116.62  2227.06 
 2130.33  2178.32  2117.85  2083.24  2133.49  2135.52  2114.74  2139.95  2248.83 
 2030.84  2133.49  2067.92  2081.88  2036.96  2046.77  2092.81  2103.86  2238.44 
 2146.72  2154.26  2085.60  2137.30  2105.74  2125.42  2129.05  2144.51  2277.22 
 2073.49  2099.93  2044.38  2113.96  2047.06  2039.73  2065.31  2086.11  2260.53 
 2097.15  2152.24  2122.77  2105.28  2117.86  2141.69  2142.94  2182.81  2265.20 
 2070.66  2169.09  2083.93  2074.77  2044.73  2059.86  2058.96  2144.23  2260.44 
 2141.22  2142.93  2092.71  2106.57  2117.48  2133.89  2128.58  2170.86  2254.70 
 2073.38  2079.29  2009.92  2098.02  2043.48  2049.05  2055.85  2076.28  2230.78 
 2109.16  2133.03  2104.31  2098.04  2106.36  2085.75  2122.39  2134.57  2307.30 
 2069.66  2129.28  2055.33  2071.06  2046.18  2087.66  2096.94  2121.28  2245.06 
 2106.13  2129.89  2141.91  2146.94  2099.23  2148.79  2102.53  2188.80  2312.56 
 2102.00  2116.79  2062.72  2081.97  2046.62  2059.75  2080.93  2113.95  2223.34 
 2087.97  2171.08  2128.41  2115.74  2102.54  2149.15  2131.91  2153.23  2333.75 
 2094.11  2083.60  2066.19  2095.07  2038.72  2085.76  2120.74  2119.93  2255.25 
 2101.28  2197.17  2111.71  2127.18  2117.66  2135.80  2134.82  2125.89  2274.58 
 2041.94  2105.54  2053.61  2048.80  2051.24  2032.91  2077.45  2104.12  2253.69 
 2105.83  2158.17  2094.49  2144.92  2139.15  2153.72  2110.45  2137.51  2310.36 
 2038.94  2122.28  2081.44  2050.53  2035.57  2085.66  2062.93  2119.82  2243.73 
 2108.66  2201.71  2168.64  2123.53  2118.10  2128.33  2139.84  2138.69  2273.70 
 2089.07  2105.11  2096.38  2102.84  2034.83  2084.41  2073.28  2072.64  2232.84 
 2110.03  2202.97  2110.32  2139.20  2103.49  2116.28  2111.38  2125.60  2268.90 
 2079.86  2099.39  2055.34  2042.23  2033.55  2075.18  2090.66  2094.62  2253.72 
 2140.04  2155.91  2131.51  2135.16  2136.52  2119.49  2145.05  2176.02  2274.58 
 2059.44  2123.47  2051.02  2076.79  2018.47  2069.13  2044.61  2120.84  2208.26 
 2116.27  2147.19  2125.64  2091.51  2097.21  2151.95  2147.68  2165.99  2284.16 
 2089.82  2117.70  2086.17  2076.35  2061.40  2085.56  2054.87  2101.17  2249.86 
 2085.01  2176.97  2142.86  2128.87  2095.15  2114.75  2159.13  2142.90  2289.69 
 2072.91  2112.44  2075.41  2056.34  2055.18  2082.28  2071.04  2077.60  2261.92 
 2149.82  2174.53  2077.62  2096.40  2089.44  2113.37  2142.61  2175.66  2311.40 
 2084.05  2133.60  2067.34  2087.52  2069.53  2079.48  2096.53  2099.73  2249.82 
 2107.32  2214.14  2099.09  2122.48  2130.83  2108.73  2109.62  2148.86  2302.87 
 2073.37  2110.95  2021.66  2056.26  2002.77  2066.84  2079.55  2110.33  2221.27 
 2103.27  2200.99  2101.72  2146.44  2100.57  2101.93  2168.93  2203.57  2299.51 
 2034.17  2122.21  2044.02  2082.60  2095.27  2112.23  2103.83  2115.27  2233.90 
 2124.11  2200.85  2099.23  2137.26  2088.98  2114.39  2139.81  2141.17  2304.50 
 2061.00  2136.04  2091.44  2054.16  2050.93  2046.94  2070.57  2116.81  2277.90 
 2116.84  2187.67  2149.36  2112.84  2081.77  2126.65  2093.06  2161.66  2322.59 
 2073.81  2121.28  2034.22  2074.72  2016.83  2099.50  2080.64  2094.63  2263.78 
 2122.74  2132.22  2091.32  2132.90  2085.24  2159.12  2118.99  2161.34  2320.76 
 2053.50  2061.27  2075.56  2095.02  2078.91  2091.66  2103.73  2105.20  2247.83 
 2160.29  2152.85  2127.68  2112.56  2118.58  2104.06  2106.61  2173.96  2305.74 
 2061.43  2103.87  2075.37  2065.26  2027.60  2125.32  2087.12  2088.06  2220.15 
 2160.52  2148.29  2125.13  2153.25  2106.10  2121.66  2157.22  2186.65  2296.80 
 2051.56  2107.92  2058.90  2068.95  2087.05  2032.89  2076.65  2094.49  2243.92 
 2128.60  2206.38  2090.20  2118.08  2078.79  2120.84  2139.49  2137.30  2284.00 
 2081.62  2107.42  2074.69  2129.47  2065.83  2118.57  2063.20  2105.21  2221.87 
 2128.33  2152.11  2096.54  2132.79  2111.58  2113.58  2109.54  2225.27  2272.44 
 2052.00  2117.64  2074.91  2075.43  2012.15  2097.71  2096.52  2085.43  2215.46 
 2124.44  2161.92  2145.27  2141.88  2089.86  2112.54  2099.19  2153.17  2304.89 
 2044.81  2122.82  2106.19  2082.49  2046.54  2084.18  2112.43  2116.40  2206.35 
 2101.71  2151.12  2136.26  2110.90  2085.19  2134.99  2141.23  2162.61  2278.90 
 2067.22  2108.61  2049.94  2055.02  2027.98  2030.22  2114.13  2095.21  2301.69 
 2113.90  2146.74  2141.11  2106.49  2098.37  2101.72  2148.82  2155.54  2272.70 
 2060.14  2115.14  2045.44  2088.51  2039.10  2045.94  2056.84  2126.87  2234.83 
 2132.21  2171.53  2121.52  2121.41  2088.34  2148.33  2105.18  2195.53  2299.45 
 2057.36  2104.20  2038.40  2037.72  2066.94  2051.92  2102.18  2118.60  2231.20 
 2091.01  2179.23  2142.27  2135.90  2057.09  2135.04  2147.81  2134.60  2258.99 
 2081.03  2099.06  2084.25  2088.93  2062.86  2083.59  2054.64  2084.76  2265.59 
 2111.20  2178.14  2113.41  2145.40  2087.52  2128.14  2142.80  2160.78  2296.03 
 2055.91  2082.98  2038.43  2088.43  2049.79  2065.26  2036.39  2048.08  2229.23 
 2120.16  2165.41  2141.68  2110.53  2086.45  2069.39  2140.64  2130.70  2288.58 
 2067.89  2099.15  2070.62  2063.10  1998.83  2038.04  2084.47  2100.20  2241.40 
 2100.29  2165.02  2132.40  2108.75  2077.87  2079.15  2129.69  2148.55  2299.86 
 2062.03  2123.16  2091.48  2036.69  2051.47  2077.18  2043.87  2077.59  2222.08 
 2094.61  2155.77  2102.69  2090.63  2101.65  2106.31  2114.98  2144.03  2292.75 
 2050.31  2131.30  2095.67  2075.46  2060.71  2081.84  2081.19  2137.24  2234.28 
 2125.09  2185.41  2125.45  2128.78  2123.83  2149.44  2090.96  2205.54  2249.01 
 2060.66  2131.34  2087.94  2073.72  2019.23  2083.07  2084.99  2058.76  2279.14 
 2094.96  2141.57  2108.68  2116.36  2082.88  2110.14  2127.27  2170.50  2255.86 
 2072.66  2136.74  2036.84  2060.41  2060.58  2046.81  2066.41  2081.11  2261.49 
 2084.94  2180.33  2138.97  2133.01  2090.50  2127.26  2157.04  2148.76  2291.18 
 2066.70  2115.90  2073.53  2063.43  2059.99  2078.41  2093.22  2080.30  2242.65 
 2112.00  2195.47  2111.73  2122.48  2101.86  2131.57  2099.57  2182.72  2327.17 
 2050.45  2100.21  2074.32  2096.30  2070.31  2094.72  2042.29  2111.57  2249.43 
 2108.14  2151.94  2154.08  2163.36  2109.26  2146.47  2114.80  2161.76  2264.79 
 2046.61  2090.52  2062.36  2055.09  2071.83  2071.17  2046.10  2123.14  2271.97 
 2107.79  2187.74  2089.20  2135.02  2111.71  2115.21  2137.04  2156.94  2293.17 
 2075.27  2077.64  2074.81  2051.68  2078.53  2054.29  2089.86  2125.99  2251.84 
 2121.37  2162.97  2134.52  2128.80  2112.22  2122.89  2118.00  2178.01  2313.95 
 2062.44  2126.23  2071.47  2093.61  2007.35  2051.94  2076.94  2087.34  2211.71 
 2116.01  2157.55  2101.37  2129.04  2100.95  2097.42  2140.24  2131.18  2303.38 
 2106.92  2063.14  2070.85  2086.34  2063.51  2064.91  2105.82  2111.63  2259.90 
 2067.88  2158.05  2131.54  2173.17  2101.03  2114.25  2129.48  2151.72  2289.39 
 2084.09  2093.66  2083.68  2092.18  2058.88  2076.99  2060.68  2084.52  2230.82 
 2124.03  2184.69  2141.96  2122.71  2092.97  2142.31  2115.65  2185.23  2288.78 
 2114.16  2145.87  2070.15  2079.31  2040.24  2078.38  2098.45  2127.99  2217.74 
 2152.22  2187.11  2131.36  2119.93  2080.51  2158.53  2093.90  2189.84  2310.45 
 2019.10  2118.05  2035.12  2073.31  2022.73  2051.56  2006.14  2094.46  2210.87 
 2121.64  2173.79  2125.86  2128.86  2069.07  2105.98  2103.59  2156.33  2291.69 
 2080.88  2100.50  2070.16  2088.33  2051.47  2076.68  2055.62  2129.34  2230.99 
 2100.78  2172.80  2142.62  2092.48  2098.07  2108.26  2188.81  2190.82  2285.69 
 2041.81  2086.93  2069.33  2062.47  2031.01  2035.52  2060.08  2100.06  2206.42 
 2126.63  2163.47  2110.57  2130.96  2119.35  2134.10  2110.64  2159.99  2260.91 
 2089.34  2159.79  2054.85  2087.26  2080.29  2067.69  2098.30  2138.01  2245.83 
 2124.64  2163.37  2083.76  2129.99  2094.59  2137.63  2118.73  2188.36  2285.33 
 2100.12  2116.42  2043.54  2056.40  2041.59  2063.37  2089.15  2117.28  2266.99 
 2130.91  2159.13  2115.14  2105.95  2145.92  2131.52  2165.30  2180.79  2302.68 
 2074.01  2138.30  2048.87  2043.05  2088.69  2065.91  2087.33  2135.99  2275.73 
 2144.50  2210.71  2104.41  2152.48  2078.13  2136.87  2130.39  2179.06  2284.73 
 2063.91  2103.51  2060.74  2101.81  2053.98  2076.08  2058.26  2080.47  2205.62 
 2094.10  2207.24  2150.92  2152.65  2136.58  2105.88  2080.40  2186.24  2325.22 
 2051.18  2152.30  2076.38  2094.16  2080.45  2083.98  2089.96  2115.53  2238.76 
 2118.90  2147.30  2145.80  2127.24  2091.87  2114.26  2127.19  2144.41  2288.01 
 2093.23  2111.57  2064.68  2055.63  2050.88  2057.39  2060.02  2073.01  2237.04 
 2098.63  2104.26  2106.33  2127.26  2108.54  2135.26  2142.39  2165.62  2307.55 
 2085.21  2139.11  2034.38  2088.37  2019.70  2092.39  2090.67  2105.19  2250.96 
 2154.39  2163.99  2085.91  2128.17  2104.38  2148.45  2112.45  2206.28  2319.33 
 2040.42  2141.55  2056.94  2057.80  2062.52  2074.53  2093.24  2078.90  2255.48 
 2152.53  2113.48  2127.40  2155.43  2120.90  2106.70  2165.21  2150.81  2274.78 
 2064.95  2102.90  2092.48  2068.44  2062.60  2091.29  2071.70  2074.66  2247.52 
 2108.30  2171.71  2111.24  2128.40  2125.39  2109.45  2150.98  2173.63  2282.05 
 2045.16  2137.95  2051.31  2067.11  2010.83  2083.80  2078.13  2097.07  2229.39 
 2101.12  2165.57  2110.43  2121.93  2083.15  2113.41  2099.00  2185.18  2285.57 
 2078.70  2126.82  2089.02  2098.16  2001.29  2059.38  2119.32  2098.87  2232.24 
 2134.26  2169.79  2114.09  2151.02  2124.87  2126.03  2116.61  2156.87  2290.76 
 2073.84  2103.75  2030.63  2100.18  2046.75  2079.23  2068.34  2089.08  2251.24 
 2069.70  2145.91  2103.48  2115.00  2100.26  2133.52  2134.60  2179.98  2233.63 
 2092.24  2115.28  2123.18  2096.42  2064.55  2069.78  2086.66  2113.36  2214.30 
 2122.88  2143.18  2096.52  2126.08  2107.17  2164.28  2101.24  2188.22  2283.96 
 2083.36  2138.90  2071.60  2083.87  2019.36  2028.29  2096.68  2123.47  2240.57 
 2134.10  2131.68  2113.68  2102.89  2108.25  2132.27  2130.29  2110.15  2288.68 
 2081.61  2081.18  2065.79  2081.92  2076.92  2096.11  2060.88  2128.62  2271.58 
 2151.24  2153.07  2106.99  2163.60  2114.24  2140.33  2129.40  2129.19  2327.98 
 2067.85  2079.29  2064.48  2050.17  2060.11  2081.89  2104.95  2083.15  2227.18 
 2111.85  2155.01  2115.44  2110.35  2096.95  2155.79  2132.85  2164.17  2267.22 
 2046.71  2137.70  2081.79  2082.45  2028.15  2047.20  2100.96  2123.36  2228.73 
 2108.89  2137.37  2107.59  2139.17  2133.97  2104.60  2154.45  2148.83  2295.68 
 2100.62  2076.62  2067.55  2064.08  2031.86  2038.97  2055.23  2107.63  2260.63 
 2111.06  2147.34  2128.29  2128.54  2109.26  2146.47  2118.79  2128.22  2287.41 
 2097.39  2120.36  2068.59  2058.44  2006.46  2038.28  2112.75  2123.33  2256.43 
 2094.15  2153.32  2139.34  2131.36  2137.34  2171.95  2098.88  2160.80  2280.87 
 2106.13  2139.95  2025.15  2097.00  2037.86  2097.89  2072.71  2108.68  2230.32 
 2129.68  2137.54  2126.51  2136.05  2103.81  2118.83  2121.48  2152.75  2269.90 
 2053.61  2099.92  2070.45  2123.49  2045.32  2062.21  2073.00  2122.01  2292.85 
 2103.39  2169.20  2106.80  2123.18  2100.76  2139.03  2186.92  2170.74  2314.44 
 2060.55  2118.28  2078.10  2067.64  2049.84  2071.22  2117.46  2089.91  2218.18 
 2111.78  2177.96  2106.84  2126.10  2085.24  2117.88  2114.60  2179.85  2272.53 
 2048.33  2130.77  2053.52  2096.14  2084.24  2072.71  2084.89  2067.99  2196.28 
 2105.63  2158.34  2138.18  2115.02  2098.76  2119.17  2155.52  2182.54  2316.45 
 2090.15  2095.50  2068.73  2048.75  1997.09  2052.70  2078.68  2097.59  2238.80 
 2111.49  2184.99  2108.70  2134.29  2084.37  2120.23  2143.56  2158.54  2291.88 
 2065.32  2111.38  2090.02  2078.86  2069.03  2079.80  2077.37  2103.16  2223.38 
 2133.61  2209.04  2150.50  2139.17  2112.80  2128.21  2181.08  2187.52  2277.43 
 2078.67  2094.91  2060.79  2035.75  2022.48  2087.96  2060.55  2074.74  2232.89 
 2135.98  2160.60  2091.14  2126.59  2092.32  2139.88  2108.15  2143.20  2265.18 
 2089.43  2135.63  2026.56  2108.93  2020.59  2093.39  2103.24  2085.01  2252.73 
 2121.17  2218.30  2122.58  2169.46  2102.64  2171.88  2142.62  2135.64  2325.37 
 2088.44  2104.42  2105.20  2051.01  2029.95  2057.32  2030.57  2088.23  2210.63 
 2146.59  2184.60  2102.34  2131.53  2087.97  2144.89  2109.21  2180.12  2298.15 
 2087.95  2125.95  2068.96  2085.84  2038.84  2065.65  2060.31  2128.25  2240.61 
 2123.12  2154.70  2150.21  2171.42  2110.02  2109.34  2135.95  2155.42  2301.45 
 2099.65  2146.27  2070.93  2075.59  2037.49  2115.20  2086.05  2111.83  2206.89 
 2101.07  2172.46  2140.60  2108.28  2065.74  2145.60  2133.81  2145.91  2325.05 
 2043.53  2141.65  2077.69  2090.96  2059.66  2053.74  2101.58  2142.74  2241.99 
 2138.77  2202.18  2113.39  2142.04  2097.21  2138.76  2157.99  2169.39  2270.97 
 2047.23  2091.24  2030.78  2082.93  2054.45  2076.34  2044.87  2065.87  2224.87 
 2139.38  2164.13  2090.54  2123.77  2118.06  2113.84  2108.08  2143.26  2298.73 
 2104.03  2134.12  2071.78  2118.61  2041.52  2085.22  2059.64  2096.41  2215.63 
 2084.83  2146.34  2068.91  2126.32  2108.51  2150.20  2121.25  2192.64  2333.53 
 2039.31  2120.37  2056.45  2090.07  2052.17  2064.35  2047.42  2093.00  2262.96 
 2094.27  2173.41  2147.76  2104.85  2080.88  2113.61  2090.56  2126.33  2315.09 
 2082.82  2111.15  2058.11  2080.24  2085.83  2073.64  2075.98  2104.94  2261.51 
 2153.72  2132.13  2128.79  2096.61  2078.60  2106.30  2162.05  2165.01  2279.10 
 2095.31  2138.74  2072.04  2091.60  2036.22  2075.89  2036.17  2091.19  2215.60 
 2118.73  2171.83  2083.11  2167.26  2099.96  2116.10  2138.73  2185.62  2311.34 
 2066.16  2150.65  2093.26  2058.86  2065.44  2076.45  2105.51  2116.20  2261.92 
 2116.79  2154.14  2126.83  2132.96  2131.12  2155.86  2154.88  2182.81  2311.35 
 2082.39  2151.01  2084.31  2101.86  2031.95  2084.00  2074.67  2104.52  2254.82 
 2134.16  2176.41  2133.07  2112.62  2075.44  2138.00  2100.59  2178.06  2276.40 
 2056.70  2136.25  2047.58  2071.62  2067.68  2060.65  2085.70  2067.02  2237.38 
 2081.17  2185.62  2129.13  2129.51  2159.98  2092.16  2156.86  2173.39  2302.77 
 2045.67  2120.79  2042.10  2086.33  2029.36  2080.57  2100.53  2084.49  2259.26 
 2161.63  2168.02  2079.81  2134.30  2106.58  2071.68  2158.50  2189.32  2292.61 
 2066.68  2157.44  2052.92  2117.58  2086.28  2092.57  2099.95  2126.84  2232.00 
 2100.04  2146.56  2105.49  2142.58  2084.38  2114.62  2096.46  2155.12  2289.96 
 2074.67  2111.65  2063.63  2088.26  2074.10  2068.98  2051.30  2101.20  2212.12 
 2146.24  2185.22  2111.32  2115.47  2106.86  2143.25  2119.86  2147.22  2300.39 
 2100.90  2133.62  2061.22  2092.45  2122.95  2084.23  2090.43  2086.59  2284.04 
 2142.80  2183.27  2125.67  2126.42  2122.07  2137.90  2126.57  2171.56  2305.69 
 2095.71  2113.21  2105.77  2054.75  2011.83  2075.44  2092.08  2102.83  2251.82 
 2103.34  2147.46  2083.35  2143.95  2134.56  2089.47  2141.41  2138.91  2300.76 
 2085.64  2111.30  2063.12  2075.30  2079.01  2096.88  2062.86  2123.88  2231.16 
 2138.53  2146.70  2122.61  2125.12  2115.80  2132.01  2133.60  2182.01  2301.29 
 2110.44  2122.31  2054.13  2070.46  2030.11  2101.28  2081.39  2104.14  2268.65 
 2134.64  2178.30  2131.17  2155.35  2110.07  2123.99  2109.63  2132.55  2278.06 
 2044.51  2149.80  2026.25  2079.83  2053.21  2095.26  2076.62  2115.05  2249.81 
 2123.00  2139.20  2106.75  2120.38  2133.34  2127.91  2128.24  2110.63  2272.71 
 2073.20  2117.22  2056.80  2060.30  2064.89  2066.66  2052.95  2065.69  2257.95 
 2104.11  2163.90  2132.72  2151.24  2101.21  2173.25  2124.55  2148.66  2319.06 
 2064.86  2111.22  2047.41  2090.34  2037.87  2080.39  2067.68  2151.13  2220.03 
 2143.47  2158.55  2097.03  2184.22  2115.00  2146.38  2113.17  2194.98  2286.45 
 2013.50  2129.76  2102.97  2078.73  2037.12  2042.98  2122.97  2108.32  2243.17 
 2113.86  2137.34  2084.17  2175.53  2140.72  2105.88  2166.59  2150.84  2282.24 
 2074.91  2122.67  2098.31  2092.91  2077.16  2096.34  2052.90  2113.07  2251.35 
 2100.30  2150.91  2143.56  2128.33  2117.77  2144.76  2125.95  2139.64  2256.98 
 2054.72  2083.46  2067.23  2111.57  2072.35  2086.91  2072.03  2118.33  2191.23 
 2159.54  2159.41  2106.61  2134.67  2129.85  2131.62  2134.89  2157.07  2292.91 
 2085.77  2122.51  2074.24  2112.99  2063.58  2064.20  2092.67  2150.27  2254.10 
 2107.33  2169.92  2149.99  2150.37  2123.27  2123.12  2090.46  2112.63  2293.10 
 2076.06  2091.30  2068.85  2072.80  1989.56  2087.99  2048.99  2098.49  2294.34 
 2092.41  2197.10  2103.21  2110.63  2111.22  2110.90  2144.14  2188.48  2329.28 
 2083.33  2114.47  2088.43  2092.22  2058.94  2073.84  2085.87  2117.45  2281.67 
 2116.44  2156.70  2147.95  2126.29  2067.47  2104.77  2133.43  2160.25  2303.30 
 2063.24  2136.68  2062.83  2061.86  2032.88  2060.45  2062.28  2080.36  2279.68 
 2102.34  2188.17  2116.93  2128.76  2102.21  2146.52  2132.52  2157.63  2260.08 
 2088.11  2130.01  2037.68  2053.05  2035.12  2082.89  2094.48  2119.09  2228.94 
 2132.09  2169.65  2126.60  2146.91  2122.38  2158.07  2132.66  2162.48  2286.22 
 2104.52  2107.23  2059.39  2081.04  2062.13  2088.10  2102.67  2131.87  2211.27 
 2129.36  2119.88  2145.32  2114.63  2095.42  2136.61  2113.76  2188.74  2295.57 
 2057.64  2134.86  2033.44  2079.05  2081.03  2064.21  2106.58  2081.64  2218.22 
 2156.17  2157.48  2104.68  2173.09  2071.91  2127.29  2146.15  2194.37  2308.17 
 2077.54  2141.74  2073.02  2075.45  2077.01  2073.25  2105.26  2107.03  2239.68 
 2081.59  2176.16  2099.43  2122.22  2085.73  2116.32  2158.86  2172.02  2304.14 
 2055.66  2108.05  2051.24  2086.20  2043.11  2082.47  2032.40  2131.07  2263.27 
 2087.92  2148.53  2126.03  2160.21  2153.65  2108.14  2138.06  2168.12  2271.20 
 2047.28  2125.17  2091.22  2076.23  2032.47  2058.12  2081.00  2151.20  2248.25 
 2131.51  2167.74  2095.77  2102.06  2095.11  2120.97  2134.57  2149.83  2267.88 
 2088.24  2101.36  2042.49  2094.73  2033.66  2085.21  2057.95  2125.81  2282.69 
 2124.48  2158.06  2146.17  2146.57  2135.66  2152.42  2141.19  2179.49  2289.97 
 2052.79  2099.69  2063.47  2088.18  2070.61  2110.19  2080.67  2098.49  2300.63 
 2117.74  2157.09  2111.20  2137.76  2096.25  2084.03  2103.78  2191.09  2280.70 
 2100.76  2098.31  2081.87  2059.65  2075.38  2130.58  2073.40  2108.06  2245.78 
 2127.62  2143.66  2108.03  2132.49  2075.67  2118.63  2168.39  2188.85  2269.37 
 2050.90  2135.29  2043.38  2125.13  2074.49  2081.62  2049.99  2084.41  2239.54 
 2100.86  2165.01  2116.48  2119.84  2045.37  2128.82  2116.05  2148.39  2275.33 
 2058.76  2082.61  2076.46  2086.43  2102.50  2095.26  2118.30  2131.41  2248.11 
 2126.20  2182.38  2114.43  2109.86  2081.81  2134.85  2101.04  2181.20  2285.16 
 2072.28  2135.56  2063.18  2114.55  2097.31  2048.61  2094.99  2094.78  2243.07 
 2111.88  2201.85  2114.43  2128.42  2090.53  2099.98  2167.72  2152.52  2269.70 
 2076.82  2120.46  2079.53  2058.47  2009.80  2037.68  2083.79  2109.47  2285.00 
 2169.09  2167.87  2093.70  2113.61  2135.21  2122.35  2115.53  2178.47  2306.22 
 2073.24  2079.05  2073.13  2075.79  2044.23  2050.19  2079.95  2115.68  2210.90 
 2094.37  2138.15  2080.01  2122.87  2112.04  2125.51  2136.59  2169.04  2283.10 
 2064.97  2094.45  2093.80  2105.71  2023.26  2081.55  2071.54  2127.68  2255.93 
 2118.17  2163.85  2109.42  2109.95  2113.77  2117.40  2130.51  2149.11  2335.65 
 2100.51  2142.53  2084.52  2079.16  2071.81  2048.79  2102.28  2145.40  2257.92 
 2087.60  2135.90  2146.25  2142.85  2054.93  2128.84  2111.82  2153.77  2267.61 
 2094.16  2122.91  2077.68  2110.49  2072.84  2074.73  2077.35  2095.83  2246.03 
 2120.36  2175.26  2138.34  2163.45  2134.19  2133.86  2135.55  2166.36  2299.03 
 2085.89  2099.06  2067.58  2031.49  2032.67  2066.55  2033.24  2106.16  2240.59 
 2123.36  2189.46  2117.58  2102.40  2094.04  2118.66  2137.30  2153.32  2289.46 
 2130.97  2129.80  2101.29  2066.36  2039.46  2070.48  2098.87  2117.46  2255.72 
 2120.26  2173.59  2150.23  2159.41  2088.32  2143.25  2095.67  2171.73  2271.56 
 2091.05  2119.88  2066.34  2083.71  2057.32  2073.48  2116.99  2113.72  2220.34 
 2086.53  2142.42  2106.98  2124.89  2102.61  2133.22  2106.47  2172.07  2306.74 
 2121.04  2121.69  2040.24  2076.78  2042.11  2053.57  2088.80  2128.41  2252.26 
 2103.38  2207.73  2132.18  2098.92  2141.79  2131.25  2119.32  2149.29  2286.70 
 2037.75  2118.48  2045.79  2083.26  2046.37  2094.14  2076.26  2131.37  2251.72 
 2099.14  2183.85  2119.06  2141.09  2061.00  2140.47  2124.51  2121.25  2313.45 
 2097.02  2106.26  2076.26  2090.15  2069.29  2042.12  2063.46  2113.26  2236.15 
 2135.71  2166.00  2120.13  2155.74  2105.27  2134.37  2097.03  2155.87  2302.42 
 2047.97  2111.32  2060.13  2061.43  2058.97  2063.92  2042.96  2094.59  2233.73 
 2139.60  2169.40  2078.32  2136.98  2081.57  2155.21  2108.65  2127.30  2298.63 
 2091.85  2112.83  2082.14  2125.61  2080.07  2028.51  2103.36  2113.59  2226.53 
 2161.32  2181.07  2093.73  2105.72  2085.51  2121.64  2123.72  2184.50  2305.05 
 2068.31  2105.93  2048.45  2090.59  2076.90  2049.76  2114.51  2121.83  2204.95 
 2141.09  2161.29  2111.21  2146.15  2087.93  2135.29  2125.57  2122.27  2306.26 
 2044.99  2133.81  2088.16  2122.80  2011.98  2093.08  2056.22  2106.43  2219.78 
 2121.34  2162.15  2131.08  2109.93  2091.68  2128.77  2117.91  2129.75  2310.60 
 2077.62  2128.34  2050.37  2045.99  2033.16  2110.47  2047.24  2113.13  2254.75 
 2086.96  2145.06  2131.80  2140.12  2064.32  2110.09  2126.26  2160.91  2266.54 
 2087.31  2135.72  2077.99  2087.09  2052.50  2032.98  2057.71  2127.32  2229.59 
 2132.26  2185.15  2141.94  2100.50  2132.70  2162.15  2083.04  2171.88  2332.70 
 2063.43  2111.39  2064.52  2075.53  2039.82  2075.28  2046.15  2110.09  2247.22 
 2107.42  2156.29  2132.73  2167.11  2109.03  2150.32  2146.60  2141.70  2280.10 
 2055.61  2104.85  2020.88  2067.52  2064.54  2046.34  2064.65  2103.90  2270.04 
 2106.04  2141.76  2141.13  2097.03  2061.29  2132.00  2108.87  2166.70  2303.91 
 2073.96  2104.10  2071.39  2081.54  2060.66  2080.19  2068.36  2086.13  2234.72 
 2156.00  2133.83  2113.44  2127.36  2053.03  2143.53  2161.26  2159.89  2319.25 
 2080.79  2088.68  2082.76  2091.99  2057.44  2068.38  2017.66  2064.10  2271.58 
 2106.94  2181.30  2127.10  2099.68  2113.90  2144.22  2125.22  2163.13  2282.48 
 2097.25  2118.89  2061.67  2058.25  2091.35  2057.08  2060.41  2134.36  2253.97 
 2094.20  2157.95  2109.69  2117.47  2109.53  2144.46  2109.99  2114.89  2299.16 
 2026.92  2124.85  2067.25  2045.94  2041.15  2082.15  2041.92  2072.29  2262.85 
 2124.63  2168.99  2109.40  2099.41  2083.20  2137.86  2116.79  2204.55  2299.53 
 2043.28  2113.93  2091.76  2044.38  2011.16  2112.05  2049.47  2059.40  2254.22 
 2090.78  2141.56  2146.01  2126.10  2127.14  2115.33  2149.45  2173.35  2282.41 
 2077.46  2118.35  2069.24  2054.55  2026.83  2109.56  2048.67  2071.71  2255.43 
 2086.75  2168.42  2097.79  2141.35  2119.18  2144.27  2119.47  2196.37  2296.20 
 2037.43  2120.35  2051.04  2049.08  2055.54  2068.39  2094.45  2104.02  2241.68 
 2170.18  2176.93  2094.11  2123.26  2118.48  2113.90  2147.90  2192.03  2283.94 
 2127.50  2120.01  2077.05  2070.35  2069.41  2070.04  2086.76  2128.76  2260.34 
 2130.34  2157.77  2141.12  2159.18  2124.80  2159.07  2137.26  2152.42  2289.02 
 2034.53  2132.20  2056.62  2124.68  2070.73  2093.99  2059.31  2105.67  2264.31 
 2157.65  2181.73  2105.64  2129.92  2114.46  2153.90  2146.42  2129.96  2282.85 
 2079.77  2136.20  2086.76  2113.39  2063.80  2057.70  2087.50  2102.59  2269.15 
 2100.54  2172.76  2157.01  2124.92  2078.75  2140.30  2101.43  2143.99  2280.95 
 2071.54  2101.57  2095.31  2093.60  2025.02  2022.46  2079.54  2081.80  2216.34 
 2107.54  2172.05  2139.57  2147.42  2114.51  2109.51  2082.18  2154.99  2286.15 
 2084.14  2153.27  2042.18  2094.47  2053.16  2078.75  2090.99  2137.41  2224.11 
 2075.52  2142.45  2123.95  2175.85  2110.90  2136.07  2144.20  2146.47  2268.47 
 2065.36  2112.84  2076.71  2070.65  2055.71  2044.92  2047.47  2097.66  2276.70 
 2107.91  2181.43  2105.29  2117.17  2117.10  2128.00  2163.92  2178.92  2284.63 
 2069.55  2122.48  2046.77  2148.26  2086.34  2081.71  2120.74  2098.23  2252.47 
 2132.43  2154.31  2119.76  2137.03  2126.92  2109.93  2143.03  2145.32  2315.95 
 2071.07  2097.71  2083.26  2071.01  2046.27  2076.21  2089.82  2093.51  2269.38 
 2113.73  2176.37  2085.51  2167.29  2113.96  2156.74  2141.24  2171.96  2287.25 
 2090.88  2120.34  2063.09  2090.19  2046.77  2062.85  2068.38  2099.83  2280.13 
 2099.96  2180.27  2131.99  2165.33  2095.71  2126.43  2134.86  2182.92  2292.07 
 2092.93  2132.17  2062.31  2093.74  2064.02  2107.15  2101.57  2106.32  2251.91 
 2123.36  2166.44  2137.13  2156.31  2134.36  2133.15  2136.61  2176.05  2312.40 
 2059.34  2126.51  2085.79  2109.59  2055.14  2095.99  2083.53  2107.43  2249.13 
 2126.05  2178.39  2134.42  2144.74  2118.47  2143.48  2108.19  2190.71  2296.17 
 2092.38  2072.40  2084.90  2109.38  2064.57  2070.78  2093.22  2112.73  2218.85 
 2097.46  2167.79  2103.36  2092.03  2069.78  2137.29  2108.32  2153.10  2328.96 
 2105.43  2112.08  2084.08  2100.26  2070.32  2071.12  2104.06  2113.77  2253.63 
 2124.20  2141.78  2134.19  2114.43  2049.63  2147.08  2138.35  2188.06  2279.00 
 2032.52  2100.67  2090.95  2047.85  2039.26  2016.85  2085.60  2098.55  2245.53 
 2141.00  2162.02  2139.34  2126.63  2071.79  2165.64  2096.45  2153.96  2290.36 
 2071.05  2136.71  2095.96  2088.52  2024.79  2062.86  2072.52  2119.32  2277.31 
 2127.99  2197.05  2102.23  2143.26  2113.31  2132.48  2144.37  2182.08  2286.91 
 2096.31  2103.60  2041.26  2077.27  2038.98  2105.46  2052.61  2057.99  2232.22 
 2117.78  2150.64  2136.70  2120.86  2100.16  2116.57  2113.01  2182.66  2303.53 
 2052.61  2134.53  2062.45  2098.30  2075.74  2078.88  2081.73  2086.31  2270.33 
 2112.55  2179.11  2108.30  2130.04  2081.62  2167.83  2118.96  2136.40  2250.69 
 2052.54  2107.99  2016.27  2087.79  2050.83  2077.09  2101.08  2107.70  2192.09 
 2161.25  2180.12  2115.79  2107.03  2116.24  2134.75  2155.12  2180.50  2298.07 
 2073.80  2112.46  2073.00  2070.49  2032.74  2068.88  2037.12  2075.08  2242.30 
 2100.63  2151.44  2101.44  2123.93  2112.68  2123.58  2118.75  2168.87  2274.83 
 2086.27  2093.39  2043.80  2072.42  2039.36  2068.98  2075.66  2071.47  2199.95 
 2131.30  2176.24  2073.80  2144.09  2099.06  2160.97  2117.10  2180.15  2282.40 
 2110.22  2131.26  2075.86  2087.39  2017.75  2122.82  2079.90  2108.40  2245.48 
 2138.59  2188.99  2097.16  2155.07  2101.99  2126.91  2128.78  2150.13  2287.52 
 2076.90  2084.14  2055.11  2075.31  2038.03  2052.63  2093.71  2137.83  2277.46 
 2089.31  2154.20  2119.31  2148.85  2123.82  2103.01  2108.60  2165.64  2284.78 
 2077.49  2132.23  2053.87  2081.98  2037.34  2049.78  2096.62  2073.52  2250.97 
 2105.03  2189.87  2120.74  2210.31  2075.78  2110.57  2142.49  2169.16  2282.38 
 2072.91  2107.43  2067.18  2100.13  2062.37  2076.22  2086.62  2134.97  2255.50 
 2130.04  2153.34  2072.92  2103.73  2142.81  2154.40  2165.24  2119.38  2277.23 
 2045.87  2115.78  2054.61  2096.12  2043.03  2064.58  2098.89  2126.71  2191.17 
 2133.26  2184.01  2135.12  2144.24  2112.44  2146.67  2136.39  2178.76  2279.92 
 2037.85  2095.27  2054.92  2058.68  2051.33  2056.59  2102.39  2098.41  2236.43 
 2147.35  2190.18  2093.94  2131.11  2148.45  2106.05  2147.05  2115.38  2249.68 
 2102.84  2113.28  2081.45  2078.41  2053.70  2078.50  2088.79  2095.78  2255.97 
 2115.88  2166.67  2118.61  2122.01  2104.85  2134.24  2157.29  2148.28  2293.51 
 2047.47  2110.43  2045.86  2091.72  2048.68  2079.48  2076.55  2089.93  2246.58 
 2147.20  2127.25  2089.42  2137.90  2091.63  2124.20  2130.94  2151.29  2327.01 
 2082.72  2082.66  2048.08  2067.16  2051.60  2082.67  2084.48  2110.86  2234.29 
 2147.34  2128.16  2113.83  2112.68  2084.96  2144.75  2165.57  2167.27  2320.78 
 2062.10  2103.73  2035.10  2074.99  2076.86  2042.37  2066.42  2118.98  2279.92 
 2147.24  2179.03  2098.17  2149.35  2037.50  2107.94  2107.77  2169.58  2289.62 
 2058.32  2112.59  2057.91  2110.04  2050.34  2091.91  2094.75  2110.44  2251.18 
 2093.79  2214.30  2131.86  2159.07  2092.48  2146.76  2136.01  2187.72  2330.15 
 2092.84  2180.62  2052.35  2108.31  2066.31  2079.24  2106.66  2149.39  2266.68 
 2145.57  2153.78  2106.96  2113.45  2115.20  2129.66  2135.41  2174.32  2248.57 
 2087.13  2117.09  2048.11  2071.87  2063.41  2122.38  2091.38  2135.33  2249.08 
 2103.88  2135.46  2114.47  2101.83  2079.71  2150.49  2115.76  2152.19  2323.09 
 2072.75  2116.66  2084.06  2045.36  2054.83  2116.74  2079.44  2144.15  2265.66 
 2117.20  2165.34  2118.56  2114.82  2092.14  2123.12  2115.88  2130.49  2310.40 
 2116.35  2142.25  2061.24  2125.72  2085.51  2058.20  2093.39  2102.73  2275.18 
 2094.02  2191.12  2130.01  2188.07  2106.05  2155.16  2141.65  2158.86  2281.66 
 2083.23  2079.08  2060.71  2084.18  2085.10  2087.61  2057.08  2124.28  2217.70 
 2130.14  2202.93  2142.37  2131.20  2104.79  2160.32  2137.96  2126.56  2270.66 
 2085.88  2132.78  2064.34  2078.57  2011.54  2049.17  2114.51  2132.28  2261.27 
 2116.48  2199.22  2124.53  2129.43  2123.35  2124.84  2140.94  2129.58  2231.50 
 2094.33  2101.84  2052.11  2056.34  2028.59  2035.55  2090.94  2129.44  2219.37 
 2132.51  2186.81  2100.96  2107.19  2106.54  2145.20  2123.95  2172.80  2280.42 
 2082.88  2156.14  2054.03  2085.28  2097.22  2035.26  2076.76  2095.42  2215.53 
 2150.10  2170.94  2092.45  2121.79  2130.36  2141.72  2132.84  2169.02  2289.65 
 2084.86  2110.47  2080.47  2101.41  2088.95  2099.31  2075.07  2116.23  2255.69 
 2105.34  2173.56  2130.14  2146.41  2094.98  2121.48  2105.68  2113.07  2308.54 
 2076.06  2126.07  2068.06  2110.22  2085.03  2084.31  2070.85  2123.95  2223.79 
 2138.63  2210.86  2111.68  2139.79  2086.11  2113.51  2146.44  2177.38  2254.30 
 2038.26  2123.32  1991.55  2078.87  2026.88  2123.32  2088.61  2096.35  2243.39 
 2100.01  2121.62  2088.42  2118.70  2058.12  2151.87  2136.37  2164.38  2268.58 
 2061.27  2090.22  2027.62  2090.71  2066.07  2054.27  2082.56  2148.10  2250.09 
 2165.56  2179.90  2121.86  2160.15  2121.20  2100.26  2125.92  2143.82  2295.49 
 2085.49  2108.23  2074.56  2058.96  2091.39  2059.69  2061.01  2052.45  2234.60 
 2114.45  2179.20  2120.30  2103.37  2090.43  2134.26  2180.71  2167.24  2310.11 
 2081.25  2125.49  2051.09  2084.45  2054.68  2084.64  2069.12  2129.16  2226.90 
 2153.10  2157.03  2101.61  2137.52  2127.45  2115.08  2169.47  2164.44  2260.67 
 2050.04  2110.27  2084.35  2107.57  2055.86  2058.70  2056.43  2115.72  2260.59 
 2131.78  2165.42  2099.77  2105.39  2108.10  2117.12  2110.53  2176.99  2314.30 
 2080.74  2104.32  2029.73  2081.44  2056.64  2057.28  2052.82  2120.01  2236.95 
 2164.98  2196.58  2157.40  2148.66  2082.28  2124.42  2140.90  2192.93  2290.29 
 2087.51  2069.39  2083.24  2059.91  2031.62  2029.26  2063.09  2096.15  2241.58 
 2116.56  2186.90  2114.41  2106.57  2114.62  2113.42  2154.99  2144.49  2295.14 
 2051.99  2102.35  2096.94  2064.25  2017.45  2095.48  2059.59  2098.15  2270.36 
 2119.04  2186.31  2143.22  2158.95  2080.89  2134.63  2141.41  2153.59  2281.53 
 2024.09  2080.71  2056.62  2057.32  2039.50  2040.79  2080.06  2126.88  2248.97 
 2121.11  2144.73  2115.90  2139.92  2070.99  2152.51  2128.54  2157.69  2321.01 
 2115.19  2146.77  2096.11  2089.03  2034.31  2083.02  2050.66  2110.68  2198.96 
 2140.16  2173.85  2098.57  2156.63  2118.72  2126.51  2131.42  2142.72  2284.78 
 2065.43  2135.99  2076.07  2065.21  2050.33  2096.81  2061.48  2097.30  2240.99 
 2096.34  2127.47  2092.73  2094.85  2113.93  2113.81  2136.50  2154.60  2309.37 
 2095.51  2101.94  2061.14  2074.75  2072.52  2044.73  2099.36  2132.12  2259.69 
 2111.47  2172.79  2114.42  2143.28  2097.17  2105.15  2111.09  2189.01  2281.22 
 2089.43  2121.63  2049.08  2120.95  2072.12  2014.11  2093.22  2097.98  2256.30 
 2109.99  2166.41  2081.10  2151.74  2129.58  2096.13  2122.44  2160.28  2259.31 
 2043.13  2107.74  2027.34  2074.24  2072.35  2064.69  2083.08  2139.42  2227.57 
 2139.48  2171.59  2153.80  2113.83  2130.13  2141.84  2143.06  2175.51  2266.06 
 2042.90  2083.74  2052.69  2065.74  2079.15  2072.64  2099.16  2122.51  2248.00 
 2130.29  2159.76  2175.99  2142.80  2122.58  2140.60  2143.65  2169.82  2288.94 
 2079.47  2102.66  2094.28  2085.84  2043.08  2081.59  2046.76  2130.98  2209.55 
 2111.38  2220.54  2121.66  2142.93  2116.02  2139.01  2144.00  2192.46  2304.99 
 2095.81  2142.63  2031.69  2036.03  2053.10  2068.46  2077.65  2131.22  2269.61 
 2108.49  2187.56  2081.21  2179.36  2111.97  2134.04  2150.21  2166.89  2293.09 
 2071.97  2108.84  2057.74  2074.28  2036.91  2127.41  2116.40  2107.89  2240.64 
 2137.24  2146.84  2103.31  2137.61  2131.18  2133.48  2149.28  2156.96  2281.31 
 2088.24  2108.45  2069.22  2087.04  2060.66  2080.36  2103.81  2099.97  2201.57 
 2096.48  2199.70  2156.42  2161.56  2095.84  2128.38  2149.05  2170.84  2319.07 
 2062.58  2116.78  2097.17  2080.41  2073.93  2108.71  2083.33  2099.44  2242.30 
 2093.97  2188.04  2132.95  2112.17  2081.90  2130.77  2131.86  2163.01  2312.99 
 2072.32  2114.52  2067.78  2038.10  2040.02  2075.48  2106.95  2140.96  2280.59 
 2151.25  2177.00  2106.66  2111.27  2100.59  2157.80  2119.73  2167.20  2275.76 
 2046.73  2128.98  2081.27  2067.02  2058.06  2085.50  2072.72  2128.15  2254.02 
 2085.72  2189.69  2142.06  2131.14  2147.93  2147.36  2148.22  2140.92  2271.15 
 2078.49  2106.10  2055.01  2083.55  2078.44  2076.36  2063.30  2119.04  2238.95 
 2101.41  2192.15  2093.64  2146.82  2058.32  2116.28  2162.47  2185.62  2299.16 
 2045.24  2131.25  2046.74  2090.65  2058.03  2098.65  2094.23  2114.39  2250.36 
 2146.01  2145.36  2110.13  2168.93  2144.16  2148.52  2135.79  2150.14  2315.89 
 2057.01  2133.92  2088.02  2102.26  2045.91  2113.47  2078.53  2080.34  2232.69 
 2110.16  2148.91  2130.95  2153.59  2113.40  2100.28  2112.21  2152.41  2298.26 
 2088.49  2134.97  2042.08  2078.04  2047.04  2077.71  2084.41  2070.80  2216.83 
 2141.70  2202.29  2141.84  2157.16  2076.83  2100.09  2119.77  2145.06  2296.18 
 2068.50  2146.53  2075.28  2067.00  1996.56  2066.63  2082.76  2079.23  2211.83 
 2108.03  2221.78  2101.80  2104.26  2144.95  2126.46  2135.04  2183.15  2269.89 
 2046.56  2137.30  2081.42  2072.29  2042.99  2109.60  2058.60  2089.90  2265.30 
 2105.21  2158.91  2132.86  2129.81  2147.41  2124.86  2161.28  2185.10  2273.74 
 2071.36  2126.58  2054.94  2065.10  2065.48  2082.35  2096.22  2131.42  2231.91 
 2122.93  2186.23  2115.77  2157.31  2132.95  2113.96  2151.47  2157.85  2297.09 
 2110.82  2126.65  2076.57  2061.88  2037.00  2077.68  2054.94  2080.70  2223.40 
 2128.97  2196.78  2139.29  2114.49  2113.19  2158.61  2173.21  2207.07  2302.39 
 2082.71  2134.82  2065.26  2071.92  2019.92  2082.84  2058.03  2120.86  2196.74 
 2115.66  2181.57  2105.67  2141.70  2093.60  2167.46  2136.12  2152.43  2282.45 
 2079.44  2121.86  2095.89  2080.07  2083.21  2084.80  2083.52  2091.69  2275.47 
 2134.26  2180.49  2101.70  2139.56  2081.86  2151.33  2158.29  2146.20  2315.22 
 2077.67  2103.87  2064.05  2085.46  2035.87  2091.96  2131.54  2153.17  2218.82 
 2115.05  2149.55  2111.01  2124.28  2111.53  2157.15  2161.36  2168.70  2307.21 
 2107.01  2141.78  2051.64  2047.01  2048.63  2076.82  2070.03  2104.59  2282.96 
 2104.46  2172.96  2103.26  2163.58  2104.96  2144.13  2120.20  2157.51  2315.62 
 2046.80  2070.10  2060.37  2058.41  2030.37  2048.69  2065.77  2104.01  2247.12 
 2123.77  2169.17  2099.96  2124.30  2098.74  2112.17  2114.47  2161.04  2278.09 
 2066.15  2130.06  2045.29  2080.91  2047.53  2049.71  2071.18  2134.30  2271.47 
 2111.45  2196.35  2121.83  2148.16  2092.78  2114.25  2126.85  2149.63  2259.06 
 2068.77  2085.89  2067.22  2052.96  2054.98  2090.18  2099.71  2101.86  2241.66 
 2105.24  2176.46  2091.65  2156.78  2095.03  2163.71  2100.41  2196.02  2307.10 
 2089.26  2122.01  2075.28  2108.41  2096.14  2092.21  2097.69  2142.01  2255.19 
 2110.69  2196.14  2083.86  2137.70  2090.25  2135.90  2116.77  2168.18  2284.78 
 2046.71  2128.81  2072.83  2075.36  2015.55  2073.29  2074.63  2118.49  2222.46 
 2108.12  2175.14  2086.18  2107.88  2151.69  2111.54  2118.30  2170.09  2254.33 
 2079.05  2116.69  2021.55  2094.20  2082.84  2125.54  2080.85  2083.90  2198.11 
 2107.21  2199.15  2130.75  2114.04  2075.96  2106.17  2160.01  2164.22  2283.16 
 2042.37  2140.66  2066.99  2068.41  2035.91  2061.20  2051.60  2100.11  2195.81 
 2084.57  2171.88  2113.83  2140.23  2073.44  2129.85  2141.87  2164.41  2286.46 
 2069.90  2118.38  2057.10  2043.25  2058.94  2060.09  2075.87  2105.34  2219.36 
 2113.67  2174.86  2074.43  2128.37  2080.49  2120.53  2141.75  2195.77  2288.07 
 2081.97  2082.86  2055.64  2063.18  2019.81  2053.78  2085.71  2101.65  2241.59 
 2125.75  2174.93  2084.45  2123.28  2094.79  2145.66  2086.86  2160.72  2284.00 
 2084.46  2132.04  2059.68  2061.37  2056.72  2056.77  2066.08  2089.82  2264.36 
 2177.25  2162.74  2133.34  2130.55  2103.83  2137.24  2108.87  2131.53  2297.74 
 2064.88  2127.44  2063.82  2074.61  2028.60  2071.07  2046.81  2123.69  2245.85 
 2118.28  2179.80  2105.11  2123.26  2096.09  2157.51  2144.76  2184.13  2301.89 
 2062.62  2098.46  2046.92  2083.43  2039.98  2080.63  2094.52  2134.96  2243.28 
 2148.66  2185.35  2072.08  2133.49  2120.08  2186.07  2132.72  2172.03  2262.14 
 2075.45  2112.44  2030.45  2070.31  2076.52  2110.88  2053.25  2109.93  2244.86 
 2123.93  2179.73  2121.14  2116.00  2103.60  2173.27  2100.80  2157.64  2255.24 
 2068.11  2094.02  2038.28  2104.32  2058.81  2080.99  2106.23  2116.44  2240.28 
 2151.48  2159.75  2117.27  2156.65  2105.51  2150.01  2170.80  2165.05  2300.89 
 2063.58  2151.88  2104.47  2078.28  2073.30  2070.81  2036.41  2087.77  2244.83 
 2149.79  2185.45  2145.31  2126.86  2125.03  2129.76  2146.15  2116.80  2272.82 
 2064.53  2110.68  2054.19  2086.67  2048.66  2110.18  2062.17  2144.79  2234.21 
 2116.69  2209.90  2122.27  2163.51  2097.38  2133.88  2120.14  2171.38  2284.38 
 2071.99  2103.53  2102.93  2094.93  2031.07  2062.81  2103.89  2169.41  2227.00 
 2095.77  2160.14  2095.48  2138.90  2094.54  2144.51  2132.57  2155.72  2258.12 
 2053.29  2150.50  2081.07  2086.19  2041.95  2083.50  2077.85  2079.99  2265.22 
 2141.09  2195.42  2094.29  2118.13  2096.68  2135.11  2109.94  2147.89  2301.21 
 2100.62  2148.87  2063.51  2086.50  2056.51  2087.38  2039.38  2121.26  2229.03 
 2122.48  2176.13  2107.54  2132.44  2081.49  2138.71  2148.32  2159.31  2282.28 
 2080.79  2107.91  2037.05  2086.08  2067.41  2052.12  2079.42  2124.79  2243.66 
 2145.14  2173.74  2153.09  2129.82  2117.46  2104.34  2187.09  2191.21  2298.44 
 2067.96  2118.53  2089.02  2082.77  2021.83  2083.03  2084.61  2113.46  2250.33 
 2104.19  2171.28  2088.82  2122.56  2111.68  2096.08  2133.58  2181.45  2272.54 
 2077.76  2124.66  2018.46  2111.97  2056.04  2110.08  2094.32  2097.04  2252.95 
 2145.30  2182.52  2115.19  2132.16  2115.31  2136.24  2117.89  2181.17  2295.22 
 2073.25  2090.33  2085.24  2076.32  2051.41  2025.80  2091.98  2097.93  2242.85 
 2134.89  2203.60  2093.98  2100.07  2126.41  2087.03  2099.18  2171.30  2290.11 
 2121.92  2111.80  2082.13  2078.89  2019.46  2081.25  2103.43  2071.42  2237.53 
 2110.34  2189.02  2130.16  2121.36  2106.60  2113.13  2131.70  2214.72  2289.52 
 2101.99  2141.70  2089.20  2129.28  2018.52  2028.96  2094.46  2108.43  2252.25 
 2104.94  2201.20  2104.73  2104.15  2106.57  2101.77  2138.24  2152.59  2275.38 
 2065.10  2127.30  2058.30  2100.05  2061.08  2030.36  2116.86  2105.04  2251.18 
 2118.14  2193.16  2154.23  2139.85  2085.76  2103.31  2162.00  2146.48  2288.52 
 2097.84  2094.08  2060.38  2073.87  2016.86  2040.67  2069.43  2077.76  2260.88 
 2130.84  2157.52  2090.51  2146.61  2085.48  2110.59  2120.68  2162.30  2319.81 
 2077.77  2099.45  2084.83  2076.35  2067.59  2078.17  2082.79  2123.66  2244.21 
 2111.71  2166.74  2118.97  2148.86  2120.50  2112.87  2142.21  2138.37  2304.20 
 2064.58  2135.69  2051.15  2073.39  2043.43  2107.94  2075.21  2103.73  2251.42 
 2108.57  2190.48  2119.07  2139.98  2091.31  2117.45  2161.48  2211.31  2263.64 
 2069.55  2121.61  2074.18  2092.22  2039.44  2063.63  2076.42  2106.03  2232.54 
 2146.62  2154.02  2134.95  2124.90  2124.43  2156.11  2139.53  2185.44  2303.85 
 2064.04  2122.96  2082.40  2063.81  2066.23  2083.10  2094.59  2126.58  2206.21 
 2089.79  2194.45  2097.52  2139.11  2106.20  2172.03  2105.89  2160.16  2295.01 
 2086.77  2125.60  2073.07  2086.75  2078.41  2082.43  2108.17  2079.75  2236.94 
 2078.63  2107.30  2058.29  2027.86  2027.32  2033.83  2068.99  2072.03  2208.45 
 1988.66  2024.34  2015.74  1992.92  1931.81  1981.83  1981.10  2056.85  2158.11 
 2050.15  2084.23  2017.97  2050.08  2026.70  2051.93  2103.16  2088.09  2234.80 
 1984.68  2078.74  2009.46  2019.75  1966.76  2018.76  1979.32  2051.47  2147.60 
 2021.35  2111.56  2061.08  2049.90  2055.93  2080.55  2052.74  2096.39  2238.79 
 1959.81  2025.22  2009.87  2051.53  1993.12  1996.08  2005.48  2050.80  2173.71 
 2132.53  2154.76  2115.78  2135.39  2119.63  2134.88  2151.24  2141.04  2319.91 
 2079.45  2127.73  2067.61  2093.60  2050.18  2099.76  2096.13  2125.78  2233.24 
 2128.09  2192.79  2108.82  2153.15  2117.39  2120.03  2173.59  2158.34  2293.09 
 2070.19  2133.76  2054.00  2082.85  2042.35  2083.03  2095.16  2109.18  2229.02 
 2103.57  2134.93  2119.85  2077.33  2073.69  2111.08  2129.45  2180.50  2246.45 
 2065.39  2110.39  2051.40  2054.06  2062.20  2058.56  2057.95  2088.55  2233.39 
 2117.79  2133.24  2113.06  2114.64  2061.60  2103.88  2098.78  2146.97  2307.79 
 2062.36  2116.95  2058.90  2068.88  2046.88  2043.15  2059.81  2100.59  2246.17 
 2071.42  2109.54  2066.09  2069.58  2047.22  2080.75  2096.22  2122.25  2249.58 
 2087.12  2109.47  2074.93  2083.74  2077.50  2085.04  2079.98  2112.68  2189.59 
 2034.71  2114.52  2048.57  2045.75  2042.93  2013.47  2056.77  2109.04  2220.31 
 2076.13  2089.10  2046.65  2078.18  2040.97  2056.75  2065.80  2139.07  2208.32 
 2049.91  2107.37  2034.35  2049.21  1994.33  2099.00  2045.76  2071.49  2203.84 
 2036.30  2107.86  2033.41  2051.89  1995.60  2039.31  2031.85  2094.22  2218.32 
 2075.94  2099.79  2062.74  2077.44  2038.06  2087.52  2066.97  2078.34  2195.40 
 2077.97  2091.82  2062.78  2077.64  2070.34  2060.61  2088.17  2099.35  2250.54 
 2042.69  2077.80  2037.03  2057.90  2037.31  2095.14  2102.73  2061.57  2228.74 
 2070.85  2118.07  2005.05  2040.59  2049.86  2027.48  2055.72  2126.54  2199.40 
 2074.95  2126.84  2014.27  2078.33  2032.98  2070.66  2069.60  2078.93  2232.23 
 2040.64  2109.95  2085.45  2056.07  2093.03  2065.70  2068.21  2094.22  2209.26 
 2026.85  2096.37  2042.88  2064.05  2048.32  2052.66  2089.04  2124.32  2219.84 
 2071.85  2050.76  2054.83  2047.10  2012.62  2027.70  2052.20  2117.67  2229.38 
 2064.20  2052.58  2060.47  2067.69  2049.38  2083.29  2089.40  2126.28  2216.02 
 2050.69  2095.28  2052.14  2087.88  2047.14  2108.56  2091.07  2072.11  2221.97 
 2062.46  2113.76  2059.83  2059.77  2034.90  2079.01  2089.81  2084.61  2225.50 
 2055.31  2140.23  2043.62  2034.74  2046.50  2069.73  2047.13  2089.59  2189.98 
 2068.91  2123.56  2014.70  2047.38  2047.35  2078.47  2064.34  2079.91  2232.72 
 2060.27  2067.86  2043.62  2130.22  2040.08  2076.19  2120.13  2131.27  2213.06 
 2080.26  2137.84  2077.60  2089.24  2030.67  2067.45  2073.91  2107.01  2201.64 
 2071.69  2116.07  2080.84  2044.77  2033.31  2040.51  2088.77  2117.52  2260.74 
 2014.23  2102.92  2055.19  2070.58  2033.88  2113.33  2120.14  2120.06  2185.95 
 2070.46  2123.25  2063.27  2060.27  2073.57  2067.15  2065.55  2150.16  2214.70 
 2062.56  2129.89  2080.53  2090.19  2058.65  2054.65  2112.52  2120.12  2243.85 
 2085.40  2121.03  2051.03  2070.91  2037.41  2043.90  2106.73  2104.80  2231.27 
 2036.11  2091.89  2055.59  2083.13  2022.69  2044.34  2083.95  2097.54  2235.41 
 2057.40  2105.19  2106.93  2100.31  2037.64  2076.93  2085.30  2063.32  2208.95 
 2073.58  2101.17  2094.10  2047.55  2019.92  2071.29  2095.21  2112.81  2253.39 
 2072.69  2084.14  2058.91  2077.09  2003.80  2082.06  2083.00  2062.22  2214.74 
 2089.00  2054.30  2062.75  2060.76  2047.45  2077.76  2044.59  2091.49  2215.52 
 2055.58  2070.16  2069.39  2092.34  2080.22  2072.72  2062.73  2126.01  2268.01 
 2072.53  2107.72  2051.49  2064.02  2036.44  2042.35  2059.70  2106.34  2213.65 
 2061.09  2107.13  2066.98  2087.47  2052.62  2021.90  2075.20  2100.97  2230.12 
 2073.71  2069.61  2102.82  2076.07  2068.11  2068.77  2073.78  2123.38  2270.38 
 2066.25  2083.23  2086.24  2080.63  2067.74  2077.23  2053.43  2122.77  2209.33 
 2077.69  2128.16  2043.30  2063.83  2036.73  2065.87  2098.92  2087.86  2185.03 
 2016.52  2098.07  2020.56  2057.46  2011.91  2032.21  2078.92  2076.14  2223.60 
 2071.60  2067.80  2078.89  2056.27  2057.10  2049.99  2083.46  2099.47  2234.25 
 2067.87  2119.49  2055.36  2072.56  2066.79  2095.53  2091.62  2103.75  2249.78 
 2055.80  2138.45  2077.86  2086.44  2032.64  2075.47  2109.42  2118.90  2201.95 
 2087.80  2088.97  2017.83  2071.82  2043.01  2031.61  2127.06  2068.28  2217.99 
 2052.19  2107.58  2000.99  2049.16  2050.32  2085.23  2060.19  2103.63  2231.31 
 2090.57  2083.57  2085.72  2093.72  2058.72  2109.86  2120.20  2087.06  2204.38 
 2083.74  2097.67  2033.98  2104.52  2088.41  2091.20  2087.46  2114.84  2229.34 
 2052.60  2112.06  2066.29  2050.65  2040.80  2088.22  2049.70  2082.70  2243.99 
 2057.76  2084.78  2064.46  2048.18  2051.56  2077.03  2054.96  2069.53  2212.95 
 2043.09  2083.13  2103.24  2068.16  2026.10  2081.18  2065.90  2104.63  2200.22 
 1982.21  2127.72  2056.19  2091.27  2054.72  2080.33  2107.37  2108.45  2245.66 
 2054.37  2114.32  2032.92  2086.32  2008.90  2080.57  2096.72  2135.26  2245.00 
 2028.24  2086.72  2059.16  2024.05  2005.26  2064.13  2042.65  2129.24  2226.72 
 2086.13  2095.65  2063.22  2048.41  2029.91  2068.23  2075.81  2121.64  2209.48 
 2048.21  2084.21  2072.04  2070.50  2036.13  2044.33  2067.14  2100.47  2240.96 
 2052.42  2121.31  2023.66  2068.61  2032.06  2029.64  2065.07  2087.97  2248.44 
 2064.24  2134.71  2027.40  2042.56  2052.72  2054.41  2064.66  2078.81  2248.83 
 2058.07  2115.24  2033.06  2069.57  2043.06  2061.54  2087.20  2100.54  2275.23 
 2073.38  2105.32  2071.78  2096.69  2068.91  2045.61  2044.17  2128.56  2273.79 
 2038.64  2108.68  2053.95  2084.95  2049.42  2065.52  2050.49  2089.63  2235.22 
 2079.99  2084.32  2066.42  2077.07  2034.38  2099.47  2051.31  2104.99  2209.36 
 2072.56  2102.93  2077.57  2079.20  2052.08  2058.58  2074.68  2070.60  2240.47 
 2079.11  2110.64  2052.63  2021.19  2032.35  2086.12  2045.81  2082.76  2216.11 
 2029.43  2090.11  2051.18  2033.15  2020.45  2039.25  2089.70  2165.48  2202.10 
 2046.88  2094.66  2042.30  2074.69  2067.87  2062.89  2076.69  2109.76  2208.61 
 2075.77  2096.12  2032.24  2072.09  2048.37  2087.67  2041.83  2097.40  2218.01 
 2050.02  2101.03  2067.24  2112.99  2022.65  2043.74  2068.96  2094.19  2234.04 
 2071.76  2103.58  2033.19  2046.91  2025.99  2040.38  2077.30  2099.20  2223.63 
 2041.10  2129.89  2047.31  2056.45  2036.93  2063.33  2054.06  2144.75  2245.12 
 2050.32  2120.59  2051.70  2100.82  2045.56  2080.79  2025.94  2080.44  2204.24 
 2065.84  2116.80  2052.56  2081.79  2011.11  2040.34  2077.34  2073.54  2216.94 
 2054.41  2135.76  2029.09  2100.25  2027.47  2001.00  2117.57  2118.16  2226.85 
 2040.85  2135.72  2109.39  2083.18  2034.35  2079.94  2035.38  2088.19  2216.46 
 2078.84  2098.74  2053.51  2059.68  2041.46  2069.96  2026.73  2091.58  2228.63 
 2067.39  2073.85  2063.74  2071.79  2033.15  2080.41  2078.24  2159.62  2244.32 
 2071.56  2101.58  2036.08  2077.97  2001.97  2078.24  2061.15  2082.47  2205.70 
 2031.58  2131.50  2051.83  2035.84  2058.99  2054.77  2072.60  2095.26  2194.97 
 2089.24  2098.12  2075.33  2054.01  2101.52  2097.29  2078.20  2056.72  2224.22 
 2075.84  2101.66  2081.61  2089.50  2053.52  2089.39  2069.11  2085.99  2219.23 
 2027.96  2099.79  2038.26  2096.50  2041.68  2053.99  2048.19  2105.16  2218.66 
 2059.72  2109.07  2058.81  2051.21  2059.32  2063.26  2126.74  2127.11  2152.72 
 2074.33  2074.09  2059.57  2064.39  2021.31  2081.58  2081.02  2108.94  2230.00 
 2042.09  2096.44  2044.12  2082.74  2024.47  2111.81  2043.96  2104.33  2228.50 
 2065.07  2113.59  2081.29  2055.75  2013.79  2036.38  2085.32  2059.80  2196.63 
 2037.09  2068.50  2073.80  2085.89  2014.53  2052.31  2122.65  2117.67  2205.66 
 2073.76  2129.53  2043.31  2114.36  2079.89  2060.39  2092.65  2080.64  2233.75 
 2047.90  2070.19  2036.69  2067.25  2024.40  2053.34  2066.58  2131.10  2198.18 
 2052.02  2096.48  2028.48  2066.11  2046.15  2039.51  2075.00  2109.15  2213.33 
 2048.78  2084.80  2085.14  2094.81  2052.21  2065.35  2063.94  2107.25  2196.02 
 2063.93  2095.87  2077.10  2039.75  2048.88  2056.38  2081.36  2118.80  2216.22 
 2108.48  2096.89  2062.17  2069.68  2043.90  2073.28  2079.77  2108.20  2228.56 
 2105.27  2105.56  2058.95  2090.04  2058.52  2082.42  2094.09  2135.77  2199.02 
 2108.27  2087.04  2065.64  2046.80  2057.42  2119.76  2100.62  2111.24  2197.89 
 2048.16  2135.50  2071.47  2054.45  2052.96  2035.58  2081.69  2126.77  2257.20 
 2045.73  2152.41  2060.49  2031.76  2050.39  2069.89  2110.81  2123.09  2199.73 
 2041.39  2083.25  2023.31  2056.20  2064.59  2085.99  2057.72  2038.03  2239.64 
 2080.75  2124.15  2083.80  2059.62  2011.25  2039.49  2090.06  2087.91  2254.44 
 2077.82  2110.84  2068.04  2057.49  2067.08  2078.13  2133.80  2112.86  2233.74 
 2064.85  2105.96  2074.60  2079.59  2070.24  2059.59  2099.27  2078.37  2235.42 
 2048.46  2064.59  2065.14  2040.60  2065.47  2076.77  2047.04  2093.50  2246.34 
 2062.46  2106.73  2082.34  2049.49  2012.13  2066.63  2058.57  2104.22  2196.36 
 2063.97  2111.41  2033.24  2059.98  2041.30  2062.93  2097.25  2065.91  2206.40 
 2056.50  2115.80  2077.55  2029.04  2061.14  2100.48  2040.81  2143.51  2236.21 
 2056.46  2126.49  2054.89  2043.11  2038.05  2034.42  2081.58  2102.20  2214.94 
 2058.37  2093.61  2068.39  2057.76  2062.29  2059.24  2071.00  2106.71  2227.59 
 2032.17  2177.06  2095.57  2101.84  2042.62  2079.08  2076.65  2123.08  2207.14 
 2087.39  2134.86  2058.35  2064.15  2084.23  2082.11  2080.43  2116.05  2255.10 
 2051.35  2092.97  2057.63  2128.07  1999.93  2025.29  2061.05  2069.11  2252.05 
 2028.92  2072.97  2054.22  2092.01  2072.87  2061.55  2096.11  2117.15  2213.82 
 2071.26  2122.83  2079.45  2056.34  2049.00  2076.68  2098.83  2114.77  2282.59 
 2020.41  2104.91  2029.31  2099.34  2066.71  2074.67  2054.10  2108.48  2240.09 
 2095.83  2123.83  2061.38  2067.54  2032.62  2033.32  2047.93  2082.20  2216.34 
 2066.18  2098.32  2039.23  2121.04  2026.98  2027.16  2066.39  2107.97  2210.34 
 2057.03  2085.70  2058.58  2037.26  2040.72  2062.56  2081.19  2101.63  2230.58 
 2090.87  2121.41  2064.12  2107.28  2051.29  2094.14  2116.23  2107.70  2215.10 
 2041.62  2098.35  2044.51  2079.22  2059.33  2058.00  2094.86  2111.56  2207.37 
 2060.90  2082.94  2062.00  2067.43  2065.87  2072.68  2075.96  2134.78  2212.57 
 2031.78  2071.53  2071.57  2095.20  2014.42  2063.07  2028.54  2110.05  2225.66 
 2058.66  2136.31  2094.71  2084.06  2038.72  2060.95  2077.89  2102.27  2243.79 
 2052.18  2118.77  2046.92  2053.67  2041.47  2085.09  2075.59  2111.72  2239.72 
 2020.98  2123.86  2049.13  2083.46  2029.68  2068.82  2062.85  2103.03  2262.84 
 2074.70  2070.86  2045.89  2064.42  2060.87  2093.46  2056.07  2115.09  2222.38 
 2051.16  2110.00  2039.76  2084.51  2037.75  2048.13  2103.69  2090.71  2242.36 
 2050.78  2113.49  2036.91  2100.04  2013.93  2071.64  2073.88  2072.55  2238.44 
 2080.27  2104.06  2047.81  2082.45  2074.58  2070.42  2061.86  2106.87  2231.15 
 2038.36  2103.82  2093.11  2075.71  2036.87  2042.34  2066.22  2078.52  2239.47 
 2057.64  2140.93  2063.12  2046.37  2039.91  2116.18  2080.00  2095.71  2240.12 
 2105.82  2101.66  2059.33  2069.92  2027.13  2050.95  2124.92  2111.47  2231.05 
 2086.76  2150.01  2030.10  2081.60  2090.84  2074.45  2047.20  2126.73  2178.22 
 2072.79  2124.51  2065.39  2086.48  2031.53  2079.63  2085.27  2098.22  2228.95 
 2083.96  2116.41  2045.96  2094.62  2035.38  2098.13  2086.34  2101.89  2217.81 
 2057.24  2132.10  2055.79  2061.13  2032.63  2034.88  2065.80  2097.07  2184.86 
 2058.56  2081.74  2027.59  2033.39  2006.00  2098.70  2085.70  2097.59  2198.57 
 2063.47  2121.34  2054.59  2034.08  2033.18  2083.72  2013.90  2073.39  2211.12 
 2045.38  2136.52  2052.47  2060.93  2020.02  2103.45  2042.14  2092.41  2230.94 
 2081.36  2078.44  2058.24  2047.17  2021.99  2068.51  2071.00  2119.25  2213.31 
 2052.23  2129.09  2035.66  2078.36  2078.65  2070.88  2074.59  2101.00  2239.73 
 2044.57  2084.01  2022.06  2074.14  2078.28  2060.45  2079.70  2112.14  2245.15 
 2101.79  2075.47  2063.86  2045.41  2032.99  2064.74  2074.25  2127.32  2183.84 
 2051.39  2117.63  2063.41  2066.61  1993.79  2039.72  2074.27  2099.16  2218.84 
 2045.05  2101.95  2071.88  2098.84  1997.20  2094.21  2048.10  2076.21  2218.88 
 2061.76  2080.91  2061.56  2066.15  2008.70  2072.66  2088.05  2113.01  2238.93 
 2063.14  2083.63  2041.19  2094.24  2037.16  2059.53  2100.87  2099.00  2224.34 
 2076.16  2074.57  2060.68  2045.07  2031.76  2086.51  2079.95  2101.92  2255.00 
 2047.57  2070.53  2027.69  2056.49  2026.14  2042.62  2055.22  2113.95  2194.82 
 2047.32  2120.21  2027.66  2081.87  2039.84  2078.27  2095.58  2111.31  2236.87 
 2055.43  2124.82  2032.69  2098.44  2029.92  2076.07  2105.99  2091.89  2257.52 
 2049.77  2144.00  2069.04  2055.20  2028.90  2076.51  2074.64  2116.82  2216.46 
 2070.76  2098.20  2067.64  2051.97  2018.51  2043.02  2105.03  2100.01  2214.01 
 2052.56  2082.02  2028.32  2088.18  2069.71  2076.32  2078.43  2115.51  2206.52 
 2063.25  2126.48  2067.12  2090.12  2041.17  2032.90  2050.84  2127.57  2246.81 
 2070.63  2073.96  2039.79  2064.84  2019.77  2066.46  2089.73  2115.86  2225.71 
 2029.38  2116.37  2105.21  2064.99  2016.85  2065.82  2053.66  2109.47  2223.73 
 2023.94  2116.07  2041.61  2066.76  2038.31  2096.41  2085.77  2098.78  2205.07 
 2036.46  2124.64  2071.13  2103.78  2032.35  2081.50  2056.41  2090.67  2250.28 
 2067.54  2101.09  2026.23  2036.70  1986.87  2038.51  2040.24  2104.15  2237.39 
 2042.81  2061.76  2070.64  2035.87  2078.18  2071.44  2051.42  2132.95  2199.09 
 2033.26  2102.81  2077.36  2065.54  2069.49  2078.02  2109.71  2096.33  2250.62 
 2051.72  2126.63  2063.76  2059.58  2044.61  2059.62  2049.57  2141.59  2220.40 
 2063.94  2112.26  2039.94  2029.26  2045.94  2028.57  2089.74  2104.06  2181.29 
 2047.38  2100.60  2095.04  2094.43  2015.50  2045.95  2080.80  2127.33  2205.92 
 2071.59  2121.55  2042.64  2057.30  2043.99  2105.17  2108.70  2075.83  2244.39 
 2076.21  2118.10  2073.39  2043.48  2090.44  2081.36  2081.89  2104.49  2241.82 
 2073.47  2136.46  2052.31  2068.96  2043.98  2024.73  2064.66  2133.16  2263.06 
 2052.72  2118.00  2040.42  2072.20  2038.90  2066.88  2055.25  2084.59  2197.63 
 2048.22  2083.37  2074.99  2059.68  2072.80  2058.39  2064.42  2081.41  2209.42 
 2061.55  2098.43  2071.54  2054.72  2033.16  2108.61  2048.29  2095.21  2238.33 
 2066.76  2105.62  2062.76  2079.47  2034.65  2035.12  2042.22  2120.57  2262.86 
 2053.89  2087.85  2065.40  2105.29  2053.42  2067.11  2093.61  2090.46  2221.95 
 2079.57  2087.08  2044.02  2080.03  1998.30  2044.91  2058.17  2120.17  2216.57 
 2102.36  2087.36  2060.53  2095.51  2079.83  2063.69  2080.22  2122.23  2207.55 
 2098.03  2104.66  2043.44  2088.96  2007.62  2088.91  2080.70  2096.27  2241.29 
 2078.57  2094.58  2087.52  2079.13  2016.01  2058.08  2090.47  2097.78  2245.28 
 2047.48  2113.45  2079.69  2086.91  2069.68  2098.79  2090.36  2114.55  2203.18 
 2090.19  2132.61  2060.36  2065.28  2054.10  2043.90  2121.87  2078.92  2269.76 
 2053.52  2102.41  2011.79  2074.75  2070.53  2080.74  2086.66  2104.87  2244.80 
 2019.12  2099.41  2060.06  2066.62  2042.79  2040.50  2061.56  2095.18  2253.59 
 2077.30  2116.79  2044.22  2090.08  2075.52  2082.76  2089.26  2111.72  2236.96 
 2065.61  2079.47  2059.70  2079.63  2013.10  2082.76  2053.78  2099.07  2273.91 
 2102.62  2120.91  2058.43  2086.32  2019.99  2061.40  2067.57  2102.01  2227.54 
 2072.44  2085.30  2066.18  2043.25  2071.10  2082.54  2065.06  2058.26  2235.24 
 2052.63  2064.19  2082.80  2051.92  2049.78  2042.59  2092.21  2129.41  2286.41 
 2068.87  2116.72  2094.52  2080.52  2042.41  2081.44  2058.98  2125.83  2224.31 
 2049.12  2047.23  2062.72  2064.16  2010.32  2093.60  2049.97  2100.45  2221.00 
 2032.02  2111.57  2058.83  2048.19  2015.46  2077.69  2034.05  2101.63  2263.67 
 2068.49  2074.21  2079.33  2084.40  2076.25  2086.76  2066.16  2098.66  2234.07 
 2032.33  2099.38  2025.28  2100.01  2030.99  2072.45  2075.74  2133.08  2231.54 
 2079.65  2131.94  2068.53  2082.14  2049.58  2078.65  2077.78  2083.71  2211.32 
 2090.88  2115.95  2071.74  2094.47  2039.56  2066.52  2082.36  2138.05  2261.33 
 2073.19  2096.46  2043.06  2072.47  2049.59  2068.59  2066.24  2089.56  2242.63 
 2063.67  2104.97  2069.48  2073.41  2042.53  2063.64  2086.59  2126.73  2216.61 
 2042.08  2083.68  2039.51  2048.29  2045.82  2057.50  2047.60  2091.95  2227.11 
 2053.97  2111.41  2058.87  2096.37  2040.56  2056.74  2029.22  2138.68  2244.33 
 2071.37  2122.64  2037.40  2067.96  2056.58  2057.40  2072.41  2116.43  2246.14 
 2053.69  2114.39  2049.76  2059.78  2042.59  2077.40  2068.45  2078.83  2246.48 
 2017.74  2078.21  2038.07  2095.80  2039.98  2076.73  2088.21  2080.62  2196.47 
 2017.55  2065.87  2072.94  2047.23  2049.68  2067.98  2053.20  2060.80  2221.03 
 2018.39  2074.45  2072.21  2076.22  2076.22  2038.42  2083.24  2110.56  2202.08 
 2015.63  2101.28  2050.20  2087.69  2011.72  2058.78  2066.97  2120.55  2233.44 
 2088.58  2110.08  2037.13  2062.28  2022.16  2052.18  2092.68  2107.51  2209.07 
 2053.41  2071.76  2056.22  2063.99  2073.66  2070.65  2057.74  2131.82  2186.35 
 2046.94  2084.49  2064.53  2071.01  2044.18  2065.11  2076.73  2071.28  2240.86 
 2097.98  2078.37  2053.02  2074.81  2044.52  2033.69  2087.87  2120.09  2257.93 
 2056.82  2127.75  2030.45  2089.90  2073.24  2059.75  2052.68  2113.36  2200.39 
 2022.96  2083.58  2058.08  2096.76  2001.88  2060.04  2078.72  2111.94  2270.30 
 2100.48  2094.65  2051.12  2081.93  2038.08  2093.76  2112.62  2086.91  2233.12 
 2067.85  2104.49  2059.07  2085.14  2084.86  2058.35  2070.26  2099.91  2214.89 
 2069.19  2115.25  2048.58  2067.05  2049.41  2098.01  2065.42  2062.10  2225.35 
 2041.66  2098.51  2081.92  2071.27  2058.74  2072.99  2080.25  2066.61  2163.43 
 2110.47  2090.65  2030.17  2099.27  2064.73  2069.69  2060.10  2111.63  2207.49 
 2050.74  2087.30  2070.00  2092.44  2037.18  2070.32  2126.76  2141.97  2228.84 
 2043.44  2100.15  2044.23  2087.21  1996.62  2081.71  2090.35  2106.26  2227.96 
 2050.08  2120.61  2025.61  2036.60  2061.99  2034.62  2090.93  2117.22  2238.59 
 2066.05  2111.98  2039.89  2104.30  2047.89  2107.25  2085.16  2109.77  2266.63 
 2065.23  2124.06  2021.63  2094.66  2041.34  2059.65  2093.56  2111.41  2215.82 
 2044.32  2117.20  2003.33  2086.44  2032.73  2059.32  2072.55  2065.62  2209.33 
 2076.39  2101.74  2069.24  2080.74  2016.49  2046.33  2089.43  2081.74  2205.75 
 2070.79  2139.40  2102.57  2092.59  2051.49  2069.55  2072.95  2101.90  2211.62 
 2067.30  2099.74  2063.36  2085.14  2023.55  2084.87  2060.91  2120.94  2190.60 
 2071.11  2117.39  2043.12  2078.49  2070.16  2062.96  2081.12  2114.82  2220.07 
 2047.93  2116.53  2043.06  2074.66  2038.29  2063.45  2043.87  2093.53  2208.82 
 2065.71  2123.12  2059.04  2048.05  2036.78  2065.38  2083.53  2133.03  2209.09 
 2045.70  2078.95  2052.44  2039.09  2043.38  2099.68  2048.51  2130.64  2247.73 
 2048.88  2106.44  2045.65  2082.77  2053.47  2027.51  2075.16  2125.66  2227.46 
 2047.23  2094.45  2041.22  2029.47  1998.51  2042.74  2067.23  2132.37  2197.77 
 2080.36  2141.73  2067.39  2083.47  2051.58  2072.85  2063.23  2112.81  2255.30 
 2061.39  2117.52  2059.10  2094.22  2062.06  2082.81  2047.85  2098.43  2226.81 
 2081.53  2091.61  2042.00  2075.53  2060.90  2049.46  2097.17  2076.92  2226.07 
 2071.40  2110.02  2043.63  2087.41  2064.05  2113.72  2052.07  2105.18  2232.92 
 2042.91  2150.82  2089.74  2069.72  2010.31  2065.61  2053.53  2113.58  2224.41 
 2072.98  2063.74  2025.98  2070.66  2071.56  2050.65  2087.78  2084.04  2236.35 
 2036.18  2101.43  2072.03  2065.71  2021.49  2058.28  2066.94  2092.86  2233.34 
 2038.11  2069.11  2080.84  2062.98  2021.48  2094.01  2061.14  2068.02  2238.84 
 2044.26  2105.71  2075.91  2056.44  2009.63  2078.80  2046.99  2095.01  2235.02 
 2012.90  2098.81  2057.87  2041.62  2040.02  2069.67  2073.76  2094.17  2264.75 
 2065.31  2136.98  2044.89  2068.23  1990.83  2031.57  2048.83  2093.61  2198.07 
 2041.41  2076.09  2053.57  2083.43  2051.29  2046.37  2047.88  2095.07  2209.83 
 2041.91  2093.64  2095.10  2087.91  2055.69  2066.35  2127.67  2103.77  2240.59 
 2069.18  2119.89  2068.54  2084.33  2084.90  2081.17  2093.19  2084.26  2244.46 
 2057.25  2115.79  2058.47  2057.17  2038.84  2047.98  2059.39  2101.08  2192.45 
 2041.03  2091.29  2036.92  2093.65  2024.84  2050.78  2085.49  2150.04  2224.36 
 2046.07  2127.80  2017.09  2075.15  2062.62  2096.50  2049.44  2099.27  2223.11 
 1998.56  2120.65  2011.47  2072.75  2038.05  2096.11  2059.48  2073.78  2249.48 
 2055.67  2094.47  2021.71  2084.44  2044.99  2070.21  2084.47  2117.98  2233.33 
 2032.09  2118.09  2090.91  2062.24  2048.74  2082.95  2066.19  2078.97  2204.35 
 2057.03  2103.85  2063.72  2089.99  2050.41  2100.02  2071.30  2148.89  2217.83 
 2072.99  2096.23  2048.31  2072.88  2034.36  2083.98  2056.94  2070.48  2226.43 
 2018.58  2152.88  2030.68  2057.31  2053.15  2022.75  2084.29  2121.16  2250.54 
 2090.86  2118.93  2063.62  2093.60  2054.29  2051.17  2027.32  2102.11  2216.32 
 2087.98  2079.84  2014.82  2061.17  2038.86  2078.60  2091.15  2104.07  2255.78 
 2070.58  2081.17  2055.36  2049.77  2063.10  2055.30  2076.67  2074.16  2167.82 
 2053.17  2117.82  2007.12  2073.47  1981.85  2065.85  2045.88  2098.72  2244.88 
 2075.05  2105.51  2059.16  2068.57  2010.13  2108.79  2068.88  2114.34  2203.26 
 2052.48  2090.60  2073.85  2053.97  2080.68  2098.64  2024.28  2105.73  2224.61 
 2063.02  2097.38  2048.90  2097.50  2032.46  2101.01  2058.49  2117.39  2237.64 
 2060.43  2065.80  2055.97  2028.14  2026.40  2025.51  2068.91  2085.52  2225.09 
 2051.36  2133.94  2085.27  2084.25  2074.29  2043.44  2096.90  2086.92  2210.51 
 2089.25  2109.73  2009.61  2107.76  2036.40  2121.89  2041.49  2138.63  2211.69 
 2096.76  2149.09  2022.20  2084.44  2044.47  2042.89  2099.68  2135.15  2197.30 
 2078.76  2096.24  2078.09  2044.30  2065.84  2041.79  2092.12  2104.36  2263.51 
 2047.33  2078.07  2017.53  2037.25  2051.09  2044.20  2034.40  2117.85  2236.47 
 2058.18  2090.60  2063.49  2037.20  2034.93  2090.71  2067.28  2049.25  2213.38 
 2078.19  2080.73  2070.28  2071.97  2030.12  2040.45  2054.25  2091.75  2212.83 
 2041.43  2091.67  2055.28  2041.34  2024.16  2060.26  2077.48  2104.15  2216.54 
 2045.62  2094.13  2019.92  2098.39  2007.34  2044.96  2067.38  2103.71  2196.02 
 2073.36  2122.65  2033.58  2082.77  2028.15  2092.62  2060.60  2109.50  2188.15 
 2033.16  2118.92  2051.51  2087.34  2047.64  2081.25  2070.71  2117.51  2235.55 
 2068.49  2105.03  2055.07  2050.83  2046.87  2047.85  2056.34  2090.07  2227.21 
 2105.11  2116.79  2054.84  2073.87  2030.54  2084.65  2093.25  2073.06  2205.85 
 2053.74  2098.53  2059.62  2070.33  2029.61  2085.16  2073.55  2122.63  2217.03 
 2066.91  2113.18  2040.46  2066.70  2064.28  2070.44  2046.47  2137.22  2205.49 
 2075.32  2118.75  2027.25  2085.26  2030.87  2054.88  2061.31  2075.94  2218.10 
 2061.15  2112.27  2040.20  2093.19  2024.47  2076.70  2067.74  2098.87  2238.46 
 2074.98  2119.02  2063.59  2049.17  2023.14  2048.88  2097.04  2110.42  2211.81 
 2063.58  2086.00  2081.09  2039.28  2008.30  2093.15  2069.37  2113.28  2226.16 
 2045.51  2124.49  2021.81  2042.70  2072.75  2037.67  2063.03  2135.82  2207.41 
 2035.36  2090.01  2055.62  2055.53  2045.04  2083.96  2075.73  2075.49  2240.08 
 2072.14  2124.10  2049.72  2081.59  2043.14  2067.68  2097.95  2082.91  2226.12 
 2067.23  2134.18  2086.72  2045.53  2071.58  2094.61  2081.47  2119.62  2219.06 
 2066.21  2113.26  2064.49  2072.59  2064.41  2092.53  2055.19  2096.19  2240.05 
 2020.80  2122.96  2062.63  2058.24  2032.13  2070.18  2034.70  2081.94  2234.69 
 2063.61  2138.96  2041.83  2058.39  2067.24  2086.39  2059.82  2076.16  2253.19 
 2052.33  2105.19  2071.54  2074.41  2055.05  2055.49  2046.87  2108.71  2254.68 
 2061.98  2070.80  2031.80  2053.73  2013.43  2046.95  2083.10  2099.01  2210.59 
 2034.18  2090.37  2083.52  2075.21  2054.24  2058.25  2020.32  2072.93  2269.49 
 2091.22  2113.40  2106.53  2093.68  2066.30  2041.30  2054.70  2084.52  2218.96 
 2075.71  2106.63  2049.97  2082.46  2048.08  2089.45  2071.20  2117.29  2191.03 
 2056.55  2113.09  2050.68  2093.03  2070.22  2042.03  2067.22  2049.61  2253.59 
 2036.23  2134.39  2091.60  2048.56  2054.80  2070.38  2082.02  2085.27  2232.09 
 2078.08  2126.87  2097.89  2085.18  2035.94  2071.48  2051.60  2101.31  2241.37 
 2056.69  2140.22  2067.96  2096.79  2018.91  2073.52  2051.13  2123.91  2223.60 
 2044.94  2076.46  2042.69  2051.21  2006.28  2063.72  2050.93  2086.78  2219.19 
 2096.17  2105.00  2101.02  2059.28  2032.80  2029.76  2094.54  2112.93  2239.77 
 2037.99  2125.83  2019.93  2088.47  2032.27  2117.05  2051.95  2095.41  2208.84 
 2020.23  2097.76  2081.56  2066.88  2067.90  2032.98  2052.64  2127.63  2242.19 
 2011.76  2093.23  2062.41  2078.70  2040.24  2096.34  2062.08  2073.87  2276.95 
 2049.21  2131.90  2068.55  2061.56  2046.55  2037.09  2048.44  2098.57  2259.88 
 2059.18  2127.13  2040.58  2061.55  2042.89  2054.59  2060.95  2077.51  2232.97 
 2051.92  2111.53  2114.70  2066.38  2053.35  2032.70  2099.53  2086.14  2222.17 
 2084.37  2083.14  2078.15  2058.05  2086.05  2056.59  2040.70  2053.86  2219.41 
 2053.15  2100.57  2077.38  2107.85  2030.43  2101.67  2024.42  2106.24  2228.39 
 2089.28  2096.51  2042.25  2113.53  2071.47  2092.90  2059.24  2103.89  2244.65 
 2099.62  2108.06  2091.94  2085.43  2034.44  2074.34  2107.95  2084.19  2207.35 
 2073.19  2114.91  2108.27  2073.65  2047.83  2070.00  2064.43  2119.90  2209.77 
 2025.31  2127.52  2058.70  2121.38  2014.05  2089.73  2038.69  2104.28  2204.82 
 2050.80  2123.80  2076.26  2092.91  2035.30  2107.85  2094.35  2116.34  2195.10 
 2062.58  2106.24  2073.01  2050.19  2030.30  2121.34  2110.99  2145.84  2208.15 
 2033.47  2121.41  2060.85  2064.98  2059.96  2067.26  2055.76  2099.82  2253.01 
 2011.52  2099.49  2025.46  2075.25  2040.86  2085.28  2040.62  2123.22  2218.10 
 2061.24  2108.82  2067.53  2098.50  2053.08  2059.66  2059.79  2104.35  2238.33 
 2070.75  2107.19  2064.37  2064.17  2066.60  2083.83  2096.92  2106.71  2176.36 
 2060.93  2137.36  2077.16  2053.18  2038.36  2049.87  2031.70  2087.29  2259.75 
 2091.05  2090.01  2083.33  2006.58  2026.79  2058.89  2085.37  2109.38  2216.52 
 2071.22  2104.88  2074.86  2076.90  2021.82  2055.75  2055.38  2082.64  2228.16 
 2076.95  2095.14  2065.21  2037.11  2032.66  2071.26  2088.75  2104.23  2211.68 
 2064.68  2080.71  2067.89  2094.95  2087.16  2052.17  2068.26  2108.25  2239.71 
 2027.42  2099.96  2065.26  2074.14  2036.93  2045.78  2070.51  2037.48  2217.65 
 2076.15  2089.82  2104.34  2094.22  2031.67  2069.66  2089.54  2126.75  2229.48 
 2039.98  2076.88  2088.60  2042.75  2017.68  2024.27  2075.48  2115.22  2234.21 
 2045.50  2116.74  2072.76  2053.37  2025.09  2078.10  2080.34  2089.21  2247.79 
 2056.70  2124.53  2047.84  2062.68  2054.26  2081.85  2045.14  2082.53  2228.22 
 2058.23  2087.00  2047.69  2091.28  2065.85  2104.53  2072.97  2086.23  2226.29 
 2048.68  2080.59  2083.35  2075.89  2047.26  2069.38  2071.16  2086.53  2248.59 
 2072.56  2074.17  2044.93  2038.74  2051.38  2093.26  2050.53  2109.74  2205.00 
 2045.40  2069.84  2093.40  2087.62  2051.17  2045.36  2056.13  2108.16  2253.62 
 2065.20  2105.94  2059.52  2041.46  2030.88  2119.48  2049.65  2098.67  2207.41 
 2064.23  2132.58  2030.54  2092.03  2070.48  2072.61  2075.13  2068.99  2241.77 
 2034.44  2129.64  2060.36  2075.90  2037.72  2078.70  2089.54  2114.25  2207.06 
 2061.02  2121.41  2048.28  2078.06  2045.26  2074.11  2006.66  2081.07  2201.19 
 2034.59  2131.90  2063.37  2041.68  2033.28  2063.29  2089.56  2090.96  2254.87 
 2063.21  2091.62  2060.61  2100.86  2057.53  2069.48  2064.79  2103.31  2178.30 
 2029.01  2113.36  2069.85  2012.09  2029.11  2084.28  2084.53  2057.25  2237.49 
 2070.16  2111.43  2063.91  2071.81  2025.94  2062.41  2105.79  2062.75  2234.64 
 2039.26  2113.04  2059.10  2075.62  2062.60  2101.00  2058.49  2120.37  2237.25 
 2063.59  2103.49  2067.48  2056.41  2031.25  2080.22  2056.56  2111.85  2205.18 
 2037.81  2109.19  2026.58  2087.52  2012.13  2083.61  2066.94  2146.47  2182.67 
 2074.27  2109.18  2082.28  2075.64  2050.54  2077.79  2026.99  2063.86  2189.90 
 2085.47  2134.50  2051.02  2085.57  2061.65  2154.32  2071.49  2110.38  2243.87 
 2045.15  2064.97  2081.09  2035.54  2067.01  2061.86  2071.86  2100.95  2246.11 
 2056.83  2105.04  2074.47  2059.50  2030.90  2046.17  2051.68  2116.47  2176.74 
 2060.98  2059.35  2036.05  2065.73  2032.42  2044.97  2054.85  2106.94  2242.90 
 2061.43  2114.66  2048.10  2090.78  2067.12  2067.47  2065.29  2135.04  2193.80 
 2042.71  2135.95  2049.67  2082.66  2075.01  2066.56  2081.23  2110.76  2204.82 
 2065.45  2125.75  2050.02  2088.84  2062.62  2092.25  2026.77  2093.51  2219.34 
 2066.32  2126.98  2034.05  2116.49  2012.72  2104.51  2057.41  2096.22  2250.13 
 2063.60  2134.96  2054.22  2055.50  2022.22  2050.81  2124.36  2110.91  2230.98 
 2066.98  2087.72  2041.60  2126.32  2060.38  2062.23  2090.25  2096.84  2253.57 
 2042.35  2120.65  2065.09  2080.09  2048.55  2049.00  2060.03  2124.26  2271.43 
 2029.07  2100.31  2055.57  2044.98  2048.31  2087.44  2084.47  2095.99  2199.85 
 2046.31  2124.52  2021.90  2086.14  2041.31  2045.63  2061.99  2079.45  2215.99 
 2053.61  2094.75  2050.41  2073.90  2056.82  2089.28  2078.04  2099.36  2216.49 
 2048.20  2092.20  2060.34  2104.45  2009.12  2028.79  2071.76  2037.18  2249.89 
 2062.46  2098.33  2032.40  2032.20  2016.58  2039.32  2074.93  2103.68  2221.20 
 2086.46  2113.30  2096.87  2109.25  2027.06  2098.39  2086.11  2086.98  2194.54 
 2042.98  2114.67  2028.55  2110.41  2064.86  2091.28  2108.39  2090.12  2153.80 
 2067.82  2131.77  2049.22  2036.87  2003.11  2060.23  2003.49  2061.18  2228.71 
 2064.72  2088.69  2083.49  2059.62  2047.19  2064.73  2110.24  2118.14  2239.42 
 2089.03  2100.92  2068.31  2065.06  2053.29  2084.88  2105.96  2054.18  2255.55 
 2086.71  2105.50  2052.57  2111.94  2047.57  2098.93  2061.82  2098.89  2246.52 
 2037.72  2112.13  2048.99  2043.33  2029.12  2012.41  2064.70  2081.89  2216.84 
 2087.25  2108.31  2050.62  2065.45  2029.35  2056.97  2114.67  2084.64  2212.34 
 2034.26  2094.49  2068.47  2111.47  2064.26  2054.37  2071.27  2065.06  2206.13 
 2064.07  2118.04  2071.46  2095.85  2045.63  2052.67  2047.92  2108.21  2250.88 
 2070.30  2071.36  2047.29  2055.52  2040.38  2053.71  2057.50  2104.93  2236.04 
 2048.82  2083.02  2033.94  2068.39  2025.28  2076.58  2056.31  2107.58  2214.83 
 2114.34  2101.07  2082.24  2023.35  2078.08  2080.15  2071.10  2088.19  2230.52 
 2069.66  2100.81  2019.02  2094.91  2087.76  2075.93  2076.62  2083.50  2240.38 
 2057.43  2120.57  2060.16  2044.21  2038.92  2091.35  2071.85  2116.88  2198.88 
 2081.77  2082.10  2043.08  2071.76  2010.03  2049.28  2065.07  2105.11  2239.78 
 2072.86  2136.97  2092.84  2073.92  2037.07  2066.82  2075.09  2144.36  2235.33 
 2056.53  2093.86  2056.02  2082.91  2040.86  2075.71  2065.65  2080.78  2228.38 
 2132.38  2146.91  2060.86  2116.20  2002.88  2078.76  2044.94  2055.26  2265.91 
 2083.33  2118.83  2061.76  2063.93  2056.07  2048.74  2064.56  2102.96  2222.50 
 2047.85  2149.82  2051.22  2072.80  2038.80  2053.44  2088.36  2123.82  2203.40 
 2031.52  2091.04  2050.44  2085.72  2060.12  2103.09  2071.07  2082.91  2207.24 
 2013.15  2074.09  2048.20  2079.58  2004.99  2088.76  2051.38  2071.05  2229.53 
 2088.80  2111.74  2040.21  2060.61  1995.77  2062.53  2096.41  2068.63  2226.16 
 2065.00  2107.67  2073.21  2094.77  2016.07  2101.14  2094.24  2129.68  2245.67 
 2056.15  2129.49  2041.47  2096.72  2049.62  2069.48  2062.67  2096.48  2208.05 
 2050.43  2094.18  2042.07  2069.63  2048.16  2067.61  2046.96  2115.05  2246.77 
 2047.09  2124.79  2041.94  2049.58  2049.46  2058.09  2062.89  2076.31  2195.28 
 2037.93  2106.03  2085.89  2006.83  2042.69  2068.52  2078.59  2101.07  2238.74 
 2047.78  2079.73  2030.54  2104.34  2028.17  2068.46  2076.13  2091.77  2236.83 
 2069.07  2135.59  2073.20  2067.03  2019.94  2078.33  2054.29  2112.01  2217.32 
 2095.09  2098.63  2034.64  2099.46  2045.30  2068.82  2057.44  2047.07  2274.68 
 2041.70  2112.67  2073.08  2073.21  2009.41  2083.03  2095.11  2082.81  2234.79 
 2059.30  2062.96  2100.31  2078.90  2041.21  2061.98  2056.48  2071.78  2251.61 
 2092.28  2108.80  2065.99  2038.18  2025.72  2045.57  2074.19  2105.75  2204.16 
 2030.82  2129.18  2026.89  2115.45  2024.07  2113.32  2081.21  2098.45  2195.65 
 2071.33  2083.02  2075.11  2089.81  2053.25  2073.88  2079.76  2066.05  2244.47 
 2028.55  2127.69  2073.96  2056.77  2042.36  2065.04  2057.52  2108.11  2250.87 
 2056.56  2116.23  2048.22  2042.75  2017.28  2087.45  2069.58  2082.12  2199.77 
 2066.60  2108.37  2092.63  2058.80  2033.87  2059.58  2063.07  2090.62  2237.05 
 2048.09  2093.81  2058.54  2030.44  2053.47  2072.62  2070.21  2132.63  2249.24 
 2066.65  2091.83  2100.14  2095.72  2066.06  2077.84  2065.03  2088.01  2226.32 
 2028.97  2102.82  2045.57  2082.17  2050.83  2044.91  2071.62  2127.77  2213.94 
 2052.91  2096.80  2058.95  2027.51  2045.79  2040.05  2061.52  2103.51  2201.45 
 2068.62  2138.59  2053.91  2044.62  2031.46  2078.78  2082.44  2082.74  2215.15 
 2055.33  2097.08  2051.04  2050.42  2085.02  2063.57  2093.78  2072.92  2221.29 
 2010.55  2080.81  2062.22  2057.78  2007.96  2037.37  2088.83  2105.87  2210.94 
 2071.99  2103.74  2075.66  2064.31  2052.92  2090.54  2095.59  2096.30  2238.24 
 2110.22  2105.67  2078.80  2054.30  2030.38  2079.18  2050.34  2094.68  2230.39 
 2030.23  2134.86  2076.16  2082.73  2068.88  2046.92  2006.81  2053.63  2262.56 
 2062.40  2086.70  2059.80  2088.20  2069.56  2030.29  2055.05  2075.45  2215.29 
 2056.97  2141.18  2055.13  2063.99  2039.01  2044.12  2097.84  2096.72  2231.05 
 2036.81  2117.33  2059.80  2078.17  2055.32  2077.62  2084.26  2098.50  2194.32 
 2052.43  2113.73  2048.05  2089.89  2026.27  2074.11  2094.94  2055.07  2215.69 
 2031.32  2138.59  2077.05  2059.30  2053.69  2102.86  2115.71  2100.78  2241.63 
 2068.14  2095.62  2037.78  2066.25  2009.86  2059.30  2020.27  2085.66  2250.17 
 2047.20  2087.43  2051.38  2108.01  2079.70  2082.51  2084.53  2114.76  2226.66 
 2078.69  2104.86  2057.48  2019.49  2039.00  2097.78  2071.29  2078.96  2195.19 
 2065.25  2104.42  2041.11  2065.89  2013.89  2083.99  2107.16  2095.75  2207.29 
 2058.11  2061.09  2013.87  2072.38  2027.13  2070.11  2119.58  2092.60  2200.94 
 2069.07  2117.66  2061.41  2105.00  2045.61  2086.65  2078.20  2112.64  2261.59 
 2071.84  2095.37  2040.99  2094.00  2028.53  2098.35  2096.70  2077.61  2216.45 
 2050.11  2088.05  2094.47  2066.93  1995.87  2072.98  2062.24  2111.17  2249.54 
 2035.78  2108.70  2059.75  2100.43  2012.44  2064.89  2090.32  2092.21  2223.86 
 2037.97  2084.81  2037.37  2030.24  2051.14  2042.34  2083.86  2077.83  2215.85 
 2087.01  2121.09  2059.53  2042.44  2025.39  2088.81  2056.33  2127.53  2238.33 
 2088.31  2071.17  2093.36  2119.31  2027.93  2033.88  2048.39  2062.19  2220.10 
 2066.76  2091.50  2054.61  2084.56  2033.95  2058.71  2053.83  2131.01  2253.75 
 2075.39  2128.32  1989.91  2087.03  2054.68  2077.17  2066.97  2095.55  2187.31 
 2090.00  2104.05  2073.25  2079.91  2003.18  2113.62  2019.62  2114.08  2199.78 
 2071.62  2118.40  2030.97  2060.62  2003.16  2086.28  2096.91  2118.35  2220.30 
 2032.56  2074.74  2038.31  2029.08  2015.84  2045.03  2076.01  2080.03  2226.06 
 2086.44  2092.13  2057.04  2074.91  2030.30  2091.40  2071.95  2105.45  2279.37 
 2058.16  2113.26  2030.04  2079.81  2071.84  2049.81  2080.05  2039.31  2201.34 
 2088.11  2094.09  2073.06  2078.76  2010.83  2051.75  2077.75  2072.70  2231.14 
 2029.83  2087.80  2037.73  2107.50  2036.64  2038.38  2066.93  2123.72  2211.43 
 2047.82  2106.03  2058.78  2069.35  2030.59  2066.20  2056.53  2086.07  2252.18 
 2069.44  2115.38  2039.18  2085.45  2036.52  2064.71  2136.22  2107.52  2209.25 
 2053.05  2112.31  2071.20  2094.27  2058.28  2083.86  2075.53  2084.53  2257.09 
 2071.05  2119.66  2059.67  2089.54  2020.99  2082.29  2075.49  2094.24  2242.07 
 2065.64  2077.65  2030.04  2099.68  2050.59  2055.28  2051.60  2092.56  2215.67 
 2039.62  2103.39  2085.07  2101.58  2039.95  2036.75  2098.11  2109.84  2239.98 
 2093.65  2092.18  2041.34  2097.33  2086.94  2075.78  2076.54  2110.30  2232.29 
 2053.10  2082.40  2082.00  2072.57  2068.99  2060.66  2111.06  2103.37  2243.65 
 2069.23  2096.42  2089.45  2088.55  2078.09  2074.84  2101.64  2070.90  2285.46 
 2059.80  2131.49  2034.91  2085.35  2046.16  2091.90  2049.06  2124.21  2231.16 
 2104.68  2098.18  2060.37  2102.42  2043.54  2058.54  2071.84  2108.68  2206.94 
 2036.26  2100.72  2055.54  2052.33  2054.97  2093.73  2100.18  2089.18  2235.53 
 2044.00  2088.45  2081.46  2073.93  2090.76  2080.83  2090.31  2062.84  2253.80 
 2053.45  2098.57  2062.74  2095.69  2032.31  2038.22  2073.86  2112.97  2213.28 
 2025.06  2064.10  2033.85  2042.28  2061.81  2038.83  2062.58  2057.42  2212.97 
 2031.29  2108.48  2031.89  2045.39  2007.71  2047.22  2086.95  2079.77  2256.68 
 2047.99  2056.65  2075.98  2065.96  2027.08  2101.67  2063.86  2108.95  2226.64 
 2054.49  2155.19  2019.90  2045.17  2056.71  2070.27  2049.03  2088.96  2188.67 
 2033.58  2058.54  2077.44  2091.89  2028.36  2020.81  2042.83  2078.18  2223.51 
 2045.36  2066.05  2038.07  2036.59  1981.84  2018.48  2075.80  2094.93  2244.78 
 2055.59  2101.01  2052.68  2047.54  2015.94  2079.19  2095.58  2110.75  2202.16 
 2060.51  2102.91  2022.60  2057.18  2058.41  2092.43  2099.27  2118.27  2198.63 
 2038.22  2079.62  2117.82  2074.88  2028.75  2063.82  2052.06  2085.29  2259.09 
 2064.30  2082.35  2017.98  2024.08  2039.12  2041.89  2035.26  2066.50  2215.28 
 2046.22  2102.41  2086.23  2079.14  2040.29  2051.05  2047.28  2095.29  2242.91 
 2052.55  2111.75  2059.56  2055.10  2039.74  2077.96  2067.88  2081.37  2191.16 
 2061.93  2110.97  2064.40  2034.57  2012.71  2092.04  2010.53  2080.80  2190.16 
 2052.86  2089.02  2064.53  2078.98  2055.05  2031.33  2068.30  2102.12  2213.03 
 2077.68  2118.11  2047.80  2107.71  2077.72  2051.53  2030.52  2107.40  2256.38 
 2081.88  2103.76  2050.93  2052.26  2037.96  2049.27  2053.89  2105.96  2238.77 
 2042.85  2084.93  2045.44  2092.91  2063.33  2064.51  2038.42  2092.46  2230.26 
 2042.06  2063.36  2063.65  2037.42  2050.97  2121.94  2032.68  2097.39  2243.97 
 2079.64  2108.11  2047.31  2072.88  2052.57  2105.81  2070.84  2095.93  2257.54 
 2045.75  2077.69  2107.08  2049.03  2067.31  2068.97  2091.82  2067.97  2244.36 
 2064.93  2097.55  2052.14  2048.86  2030.53  2067.20  2060.79  2090.37  2197.27 
 2095.87  2082.98  2077.83  2052.61  2016.04  2085.62  2024.73  2090.84  2209.97 
 2051.92  2077.41  2096.45  2081.00  2054.94  2084.22  2066.57  2114.47  2242.92 
 2058.61  2145.02  2079.24  2067.23  2049.03  2039.90  2112.61  2071.31  2206.56 
 2056.21  2106.67  2076.19  2063.52  2011.14  2013.35  2055.84  2056.18  2246.09 
 2061.67  2094.46  2035.07  2044.82  2038.25  2106.98  2068.23  2116.52  2220.29 
 2100.73  2112.38  2078.02  2106.77  2074.41  2114.88  2094.68  2094.96  2213.10 
 2053.01  2085.77  2030.54  2081.28  2047.63  2103.43  2055.29  2092.09  2213.73 
 2071.91  2052.07  2082.11  2051.39  2075.83  2034.76  2043.28  2062.30  2214.38 
 2056.25  2099.25  2059.88  2037.32  2073.32  2068.25  2071.02  2068.30  2203.87 
 2084.10  2119.56  2082.50  2062.14  2058.88  2097.86  2055.14  2095.00  2190.77 
 2048.21  2106.66  2041.24  2087.60  2086.32  2049.26  2064.90  2083.25  2249.66 
 2038.52  2082.74  2078.57  2013.12  2002.82  2029.12  2033.41  2113.08  2194.81 
 2047.25  2103.29  2061.80  2069.27  2091.84  2022.89  2071.70  2068.47  2196.85 
 2109.08  2103.55  2049.64  2130.64  2048.76  2057.04  2094.77  2083.50  2214.43 
 2045.44  2093.50  2047.15  2068.69  2068.64  2112.84  2064.25  2125.31  2273.89 
 2051.63  2078.83  2057.81  2082.45  2019.39  2054.43  2061.19  2072.33  2225.44 
 2037.41  2085.31  2054.78  2075.96  2034.28  2067.88  2036.40  2062.33  2196.91 
 2071.03  2134.26  2060.45  2089.19  2039.21  2093.48  2071.25  2152.96  2246.56 
 2038.25  2108.97  2057.80  2045.05  2027.24  2075.71  2096.12  2094.68  2234.69 
 2071.80  2112.97  2039.97  2013.37  2013.63  2077.94  2050.91  2061.89  2232.49 
 2046.08  2067.54  2065.76  2032.23  2032.37  2052.92  2081.72  2117.08  2217.25 
 2081.30  2074.50  2020.07  2055.24  2016.52  2022.09  2039.57  2116.86  2231.36 
 2087.41  2114.77  2094.56  2074.10  2060.84  2057.49  2058.45  2077.81  2247.72 
 2074.43  2085.52  2042.03  2061.04  2011.23  2082.12  2053.98  2111.03  2244.35 
 2043.19  2139.11  2067.63  2043.85  2026.49  2063.44  2078.09  2073.64  2210.63 
 2068.39  2094.22  2042.40  2070.05  2006.53  2034.49  2042.45  2112.00  2215.27 
 2050.68  2138.57  2055.40  2094.85  2047.63  2075.38  2039.99  2086.81  2214.69 
 2064.24  2103.20  2014.79  2054.84  2012.23  2074.77  2086.65  2059.87  2218.37 
 2059.28  2084.61  2073.68  2069.57  2029.94  2048.14  2049.39  2087.56  2186.03 
 2039.04  2119.64  2015.48  2085.49  1991.49  2068.18  2048.05  2129.45  2231.44 
 2094.57  2065.72  2058.62  2040.90  2059.48  2086.39  2082.80  2088.93  2188.17 
 2030.21  2107.26  2050.64  2067.01  2036.68  2057.54  2086.65  2070.38  2202.33 
 2052.49  2102.92  2075.06  2031.69  2029.69  2059.90  2031.84  2104.61  2219.97 
 2089.49  2092.23  2021.61  2062.39  2046.91  2053.69  2054.83  2098.80  2225.45 
 2085.51  2112.36  2050.65  2095.08  2084.14  2084.22  2107.78  2099.09  2237.36 
 2073.18  2082.82  2057.71  2065.18  2032.42  2074.62  2060.14  2127.04  2214.66 
 2041.16  2078.41  2028.78  2045.17  2030.46  2050.90  2039.82  2002.37  2219.93 
 2097.81  2058.69  2019.87  2041.16  2024.91  2095.40  2059.04  2097.57  2228.07 
 2046.01  2107.62  2055.90  2082.53  2050.47  2074.69  2027.06  2057.01  2211.07 
 2001.93  2052.72  2035.18  2060.98  2062.21  2075.79  2056.16  2075.02  2214.31 
 2089.33  2068.75  2064.14  2048.51  2027.92  2020.00  2087.90  2065.35  2160.27 
 2027.68  2128.55  2062.12  2025.13  2098.72  2033.58  2097.95  2100.59  2198.65 
 2054.24  2117.58  2109.03  2115.86  2063.62  2044.47  2059.89  2074.35  2211.57 
 2059.61  2079.32  2047.64  2050.21  2004.00  1997.67  2085.72  2105.91  2228.51 
 2026.75  2064.82  2043.27  2081.93  2003.62  2039.76  2061.38  2119.82  2226.96 
 2070.08  2119.32  2045.00  2052.34  2027.37  2041.30  2061.48  2073.09  2225.23 
 2093.45  2104.29  2071.27  2071.19  2091.49  2057.57  2033.07  2092.13  2196.12 
 2068.35  2129.08  2040.20  2050.72  2038.96  2060.45  2043.66  2067.64  2232.57 
 2027.49  2070.46  2012.87  2071.46  2050.90  2080.77  2095.93  2106.54  2193.29 
 2078.04  2089.69  2032.81  2066.74  2027.65  2103.50  2071.99  2046.44  2235.46 
