   53.55      1.23     56.87      1.90     55.21
   93.77      1.64     88.19      1.42     90.98
   64.18      1.64     63.04      1.94     63.61
  116.13      1.83    114.19      1.61    115.16
   68.40      1.54     69.04      1.74     68.72
   88.46      1.54     87.44      1.64     87.95
   67.46      1.31     66.75      1.49     67.10
  105.41      1.60    103.39      1.41    104.40
   74.63      1.35     74.69      1.72     74.66
  100.04      1.71     97.58      1.46     98.81
   55.71      1.93     54.26      1.63     54.98
  102.57      1.89    103.78      1.55    103.17
   80.96      1.65     78.34      1.72     79.65
   99.49      1.55     98.43      1.61     98.96
   66.69      1.38     64.48      1.54     65.59
   99.06      1.59    102.31      1.84    100.69
   71.81      1.69     69.83      1.67     70.82
  101.25      1.56    100.33      1.55    100.79
   50.06      1.79     50.72      1.01     50.39
  122.39      1.36    118.96      1.72    120.68
   58.11      1.81     57.54      1.47     57.82
  104.57      1.36    103.75      1.61    104.16
   57.19      1.43     59.04      1.36     58.12
  109.32      1.59    103.55      1.53    106.43
   75.14      1.48     74.42      1.53     74.78
   91.07      1.67     91.65      1.94     91.36
   62.48      1.35     54.72      1.59     58.60
  111.54      1.60    114.68      1.71    113.11
   74.54      1.74     71.09      1.45     72.81
   95.30      1.42     95.84      1.54     95.57
   70.18      1.75     68.14      1.46     69.16
   98.80      1.59     98.48      1.74     98.64
   63.42      1.35     63.14      1.68     63.28
  108.94      1.56    108.98      1.49    108.96
   58.57      1.55     54.37      1.28     56.47
  104.22      1.53    102.96      1.34    103.59
   73.25      1.30     73.29      1.48     73.27
   91.12      1.87     90.20      1.62     90.66
   73.00      1.38     74.21      1.67     73.61
  113.14      1.60    110.39      1.62    111.77
   69.75      1.54     68.34      1.65     69.05
   90.72      1.51     88.24      1.60     89.48
   66.15      1.73     66.03      1.45     66.09
  103.13      1.62    100.12      1.37    101.63
   81.92      1.60     82.53      1.43     82.22
  113.76      1.61    109.63      1.69    111.69
   55.75      1.57     57.24      1.63     56.50
   95.94      1.74     94.75      1.56     95.35
   66.44      1.31     65.38      1.41     65.91
  109.63      1.86    111.61      1.57    110.62
   56.11      1.55     58.69      1.47     57.40
  114.07      1.79    111.21      1.55    112.64
   67.29      1.41     65.54      1.56     66.41
  113.98      1.72    112.09      1.63    113.03
   53.72      1.32     55.34      1.44     54.53
  114.60      1.53    112.03      1.63    113.31
   83.65      1.70     82.72      1.52     83.19
   94.71      1.61     94.98      1.53     94.84
   45.68      1.32     42.62      1.83     44.15
  112.92      1.46    113.23      1.63    113.08
   69.25      1.59     69.34      1.48     69.30
  101.74      1.66     99.38      1.61    100.56
   64.84      1.43     63.31      1.78     64.07
  109.91      1.65    108.06      1.61    108.98
   66.63      1.52     65.61      1.59     66.12
   98.34      1.59    100.21      1.43     99.27
   57.55      1.44     58.17      1.34     57.86
  108.76      1.76    106.96      1.55    107.86
   81.08      1.64     77.82      1.34     79.45
  103.83      1.60    104.33      1.53    104.08
   60.56      1.56     59.89      1.49     60.22
  104.31      1.55    101.70      1.56    103.00
   63.27      1.73     62.61      1.53     62.94
  112.81      1.61    108.76      1.60    110.78
   61.70      1.58     62.63      1.65     62.17
   96.73      1.48     97.99      1.40     97.36
   73.56      1.81     70.77      1.79     72.16
   94.87      1.74     93.62      1.45     94.24
   62.07      1.46     59.45      1.42     60.76
  107.50      1.52    109.10      1.73    108.30
   63.24      1.43     60.27      1.46     61.76
  107.77      1.38    106.98      1.55    107.38
   66.70      1.67     65.45      1.44     66.07
  106.26      1.62    103.89      1.29    105.08
   72.04      1.56     75.06      1.45     73.55
   97.64      1.47     93.46      1.39     95.55
   57.22      1.74     59.25      1.56     58.23
  114.40      1.67    111.67      1.56    113.03
   67.55      1.73     67.69      1.46     67.62
   94.78      1.58     92.72      1.58     93.75
   73.39      1.55     69.97      1.57     71.68
   96.26      1.49     96.74      1.82     96.50
   74.03      1.62     72.67      1.74     73.35
   99.35      1.57     95.78      1.54     97.56
   67.50      1.77     66.12      1.80     66.81
   98.50      1.77     97.08      1.60     97.79
   59.25      1.87     57.84      1.51     58.55
  111.21      1.65    111.55      1.45    111.38
   58.40      1.54     55.39      1.75     56.90
  104.32      1.73    102.88      1.82    103.60
   81.00      1.64     81.16      1.43     81.08
  105.40      1.59    103.80      1.60    104.60
   55.84      1.60     55.35      1.71     55.60
  109.73      1.70    106.89      1.74    108.31
   70.75      1.49     69.97      1.34     70.36
   90.12      1.60     87.75      1.71     88.94
   71.41      1.51     72.63      1.44     72.02
   98.49      1.28    102.78      1.56    100.64
   72.25      1.66     68.00      1.44     70.12
  103.41      1.59    100.89      1.63    102.15
   76.46      1.55     78.27      1.47     77.36
  106.61      1.40    106.67      1.80    106.64
   69.32      1.58     64.84      1.51     67.08
   92.05      1.58     93.27      1.95     92.66
   67.70      1.64     69.19      1.47     68.45
  103.92      1.65    103.00      1.44    103.46
   69.84      1.49     65.19      1.57     67.52
  106.66      1.44    108.15      1.41    107.40
   63.89      1.79     63.88      1.35     63.88
   91.93      1.51     91.43      1.55     91.68
   73.91      1.66     72.78      1.51     73.34
  102.46      1.59    103.53      1.52    103.00
   71.58      1.60     69.39      1.72     70.49
  108.83      1.46    107.46      1.64    108.15
   67.77      1.67     65.85      1.34     66.81
   97.51      1.70     98.84      1.51     98.18
   74.08      1.58     73.65      1.40     73.87
  100.85      1.86     98.66      1.58     99.75
   68.34      1.70     67.46      1.64     67.90
  108.22      1.60    105.87      1.71    107.05
   62.47      1.48     62.00      1.51     62.24
   99.40      1.62    101.40      1.67    100.40
   77.00      1.71     73.54      1.59     75.27
  103.72      1.66    105.60      1.65    104.66
   65.66      1.54     65.48      1.47     65.57
  109.82      1.65    105.92      1.43    107.87
   65.36      1.54     64.81      1.45     65.08
  109.61      1.73    105.65      1.82    107.63
   72.19      1.61     69.82      1.35     71.00
   97.88      1.74     98.73      1.75     98.31
   63.63      1.65     58.77      1.26     61.20
   98.67      1.61    101.83      1.39    100.25
   68.07      1.76     67.20      1.57     67.64
  107.04      1.35    106.06      1.48    106.55
   59.67      1.57     58.02      1.45     58.84
  119.04      1.41    118.59      1.83    118.82
   53.25      1.66     50.24      1.26     51.75
  108.92      1.88    107.26      1.62    108.09
   63.30      1.56     63.51      1.44     63.41
  105.84      1.88    104.64      1.48    105.24
   53.12      1.59     52.57      1.39     52.84
  109.45      1.73    106.53      1.85    107.99
   71.79      1.72     73.95      1.46     72.87
   98.05      1.38     97.97      1.43     98.01
   75.14      1.58     71.17      1.50     73.16
  103.66      1.62    106.21      1.57    104.93
   49.39      1.48     48.33      1.41     48.86
  111.93      1.64    109.93      1.52    110.93
   68.60      1.34     66.44      1.62     67.52
  111.39      2.00    108.18      1.70    109.79
   63.03      1.85     64.71      1.87     63.87
  111.80      1.95    109.04      1.66    110.42
   61.68      1.90     62.47      1.42     62.07
  100.54      1.62    101.15      1.47    100.85
   69.89      1.73     64.96      1.56     67.43
  104.26      1.60    107.13      1.53    105.70
   59.73      1.65     56.45      1.78     58.09
  122.83      1.55    119.34      1.52    121.08
   68.50      1.48     70.31      1.41     69.40
   99.97      1.73    100.57      1.36    100.27
   58.40      1.46     57.81      1.48     58.10
  122.03      1.80    118.33      1.39    120.18
   56.27      1.50     57.44      1.21     56.85
  110.49      1.53    110.19      1.64    110.34
   69.40      1.44     68.11      1.71     68.76
   95.24      1.64     95.10      1.46     95.17
   83.27      1.69     82.79      1.60     83.03
   95.19      1.70     94.32      1.42     94.75
   57.27      1.62     56.17      1.62     56.72
  125.81      1.45    122.94      1.67    124.38
   56.37      1.49     55.86      1.55     56.12
  109.83      1.80    109.38      1.70    109.61
   67.36      1.79     65.39      1.58     66.38
   93.61      1.61     92.58      1.70     93.09
   76.59      1.69     77.26      1.70     76.93
   95.13      1.42     93.30      1.42     94.21
   57.09      1.37     54.90      1.67     55.99
  117.69     16.77    119.02     21.22    118.35
   74.86      1.57     73.97      1.37     74.42
  102.84     21.28    105.79      6.18    104.31
   64.25      1.47     63.07      1.26     63.66
  109.75      1.69    107.98      1.40    108.86
   69.53      1.48     70.52      1.54     70.02
  107.94      1.48    105.91      1.62    106.92
   52.50      1.46     50.28      1.54     51.39
  117.47      1.79    116.40      1.66    116.94
   67.37      1.25     67.97      1.40     67.67
  108.27      1.61    108.18      1.64    108.22
   55.76      1.32     52.22      1.56     53.99
  110.84      1.67    111.24      1.55    111.04
   65.63      1.68     62.93      1.74     64.28
  118.55      1.58    117.98      1.58    118.27
   56.29      1.18     56.82      1.72     56.56
  106.10      1.76    103.23      1.50    104.67
   71.11      1.48     72.03      1.47     71.57
   97.26      1.57     96.89      1.84     97.07
   63.12      1.47     62.73      1.43     62.92
  115.64      1.62    113.18      1.64    114.41
   76.14      1.71     73.46      1.60     74.80
  105.61      1.69    105.41      1.70    105.51
   58.34      1.44     56.92      1.45     57.63
  111.10      1.46    110.77      1.61    110.93
   59.57      1.83     58.02      1.49     58.79
  106.86      1.66    106.02      1.63    106.44
   57.26      1.45     54.00      1.44     55.63
  110.35      1.53    111.89      1.60    111.12
   71.66      1.66     67.23      1.68     69.45
  111.82      1.45    112.81      1.53    112.31
   57.21      1.65     55.00      1.22     56.10
  109.12      1.55    105.40      1.76    107.26
   69.75      1.63     69.50      1.66     69.63
  109.73      1.58    106.95      1.66    108.34
   56.42      1.58     55.27      1.53     55.85
  114.53      1.54    115.57      1.50    115.05
   70.77      1.45     66.84      1.54     68.80
  110.57      1.46    112.45      1.84    111.51
   49.24      1.24     45.30      2.02     47.27
  112.69      1.58    114.95      1.58    113.82
   61.74      1.43     59.42      1.68     60.58
  115.02      1.54    115.82      1.56    115.42
   58.68      1.50     58.90      1.40     58.79
  107.89      1.69    106.25      1.69    107.07
   68.97      1.31     63.88      1.54     66.43
  112.44      1.40    111.30      1.76    111.87
   61.75      1.52     61.58      1.60     61.67
  100.39      1.68    101.81      1.38    101.10
   74.00      1.59     71.73      1.50     72.87
  111.04      1.58    108.48      1.74    109.76
   59.71      1.55     61.32      1.53     60.52
  103.69      1.77    102.29      1.67    102.99
   58.25      1.61     54.60      1.50     56.42
  116.31      1.40    116.23      1.48    116.27
   54.12      1.41     52.47      1.56     53.30
  114.56      1.62    115.60      1.45    115.08
   69.91      1.45     64.93      1.69     67.42
  107.40      1.75    109.39      1.55    108.39
   41.82      1.46     43.24      1.71     42.53
  119.32      1.75    116.42      1.75    117.87
   66.83      1.74     64.43      1.53     65.63
  113.16      1.66    115.11      1.72    114.13
   60.17      1.31     55.84      1.46     58.00
  118.51      1.52    116.03      1.65    117.27
   71.61      1.46     71.05      1.60     71.33
   99.85      1.47    101.99      1.65    100.92
   61.07      1.45     55.66      1.48     58.36
  108.31      1.56    109.00      1.51    108.65
   67.38      1.68     68.27      1.73     67.83
  100.77      1.55     97.65      1.77     99.21
   60.02      1.42     58.17      1.52     59.09
  116.39      1.68    118.02      1.53    117.20
   74.66      1.58     72.69      1.55     73.67
   95.05      1.50     95.62      1.85     95.33
   68.45      1.65     68.06      1.58     68.26
  101.15      1.79     99.15      1.52    100.15
   86.48      1.69     84.77      1.53     85.63
   95.57      1.73     94.80      1.68     95.19
   60.00      1.78     58.30      1.38     59.15
  102.07      1.48     98.22      1.57    100.15
   75.87      1.79     79.92      1.43     77.89
   95.43      1.58     92.04      1.53     93.73
   72.11      1.17     72.88      1.62     72.50
  112.82      1.52    111.14      1.70    111.98
   70.34      1.66     68.01      1.59     69.18
   98.48      1.71     97.67      1.45     98.08
   55.93      1.65     57.00      1.29     56.46
  116.25      1.85    115.35      1.55    115.80
   70.23      1.53     67.20      1.54     68.71
  104.40      1.47    100.64      1.56    102.52
   65.95      1.41     65.77      1.58     65.86
  101.49      1.52    100.84      1.59    101.17
   67.37      1.56     64.73      1.37     66.05
  116.67      1.44    116.32      1.70    116.49
   62.25      1.58     64.52      1.57     63.39
  116.55      1.45    113.97      1.55    115.26
   69.67      1.45     67.37      1.79     68.52
   93.97      1.52     92.41      1.73     93.19
   71.67      1.66     70.11      1.52     70.89
  115.34      1.61    112.98      1.46    114.16
   59.68      1.54     61.45      1.36     60.57
  107.77      1.68    105.05      1.78    106.41
   62.76      1.48     61.65      1.83     62.21
  106.08      1.72    108.00      1.55    107.04
   64.38      1.69     62.94      1.69     63.66
   98.03      1.63     95.88      1.77     96.96
   77.97      1.54     75.32      1.43     76.64
  111.22      1.63    111.69      1.22    111.46
   69.62      1.64     69.90      1.64     69.76
  105.12      1.49    101.16      1.73    103.14
   74.54      1.52     75.83      1.58     75.18
   96.30      1.63     91.38      1.46     93.84
   75.33      1.41     77.09      1.56     76.21
  113.55      1.67    110.92      1.68    112.24
   64.75      1.55     64.00      1.47     64.38
  103.43      1.85    104.67      1.75    104.05
   78.54      1.80     77.53      1.73     78.04
  104.90      1.48    106.94      1.57    105.92
   65.81      1.47     60.29      1.53     63.05
  103.33      1.66    105.97      1.56    104.65
   59.14      1.49     57.38      1.58     58.26
  119.50      1.61    117.83      1.44    118.66
   65.09      1.47     64.68      1.62     64.89
  103.85      1.31    100.78      1.73    102.31
   77.16      1.42     77.34      1.62     77.25
  100.25      1.67    101.09      1.51    100.67
   69.85      1.75     70.09      1.61     69.97
  111.93      1.50    110.46      1.64    111.20
   47.74      1.56     46.57      1.61     47.15
  122.29      1.53    118.30      1.50    120.29
   60.21      1.59     60.31      1.60     60.26
  103.55      1.64    103.04      1.66    103.29
   77.93      1.75     75.82      1.63     76.88
  101.23      1.70    100.78      1.59    101.00
   68.71      1.37     69.92      1.63     69.32
  101.64      1.76    100.82      1.53    101.23
   78.49      1.52     75.83      1.59     77.16
   99.18      1.70     98.44      1.85     98.81
   60.36      1.56     58.60      1.70     59.48
  105.36      1.55    104.17      1.58    104.76
   78.45      1.70     77.29      1.56     77.87
  111.64      1.70    110.32      1.45    110.98
   58.21      1.53     57.37      1.35     57.79
  118.92      1.88    117.80      1.50    118.36
   59.94      1.57     58.85      1.61     59.40
   93.27      1.62     91.00      1.64     92.13
   76.78      1.59     76.74      1.53     76.76
  113.72      1.69    112.15      1.52    112.94
   68.41      1.62     68.54      1.68     68.48
  106.07      1.52    103.81      1.53    104.94
   73.00      1.68     73.42      1.60     73.21
  102.49      1.67    100.97      1.39    101.73
   54.57      1.48     54.58      1.66     54.58
  124.77      1.62    125.66      1.53    125.21
   62.11      1.57     56.88      1.52     59.49
   90.72      1.51     89.93      1.41     90.32
   80.11      1.37     80.68      1.40     80.39
  116.96      1.60    115.56      1.46    116.26
   56.77      1.57     54.33      1.23     55.55
  117.72      1.78    117.21      1.53    117.46
   62.00      1.70     61.64      1.75     61.82
  110.16      1.75    108.20      1.66    109.18
   63.68      1.68     61.95      1.64     62.81
  111.59      1.63    111.41      1.64    111.50
   63.35      1.68     60.56      1.51     61.96
  112.32      1.52    112.24      1.48    112.28
   65.34      1.86     65.07      1.37     65.21
  109.38      1.75    110.15      1.68    109.77
   67.75      1.82     67.16      1.52     67.46
  108.86      1.70    106.55      1.69    107.71
   59.40      1.61     59.22      1.65     59.31
  104.58      1.50    101.19      6.33    102.88
   65.64      1.67     67.42      1.49     66.53
  116.80      1.62    112.30      5.84    114.55
   74.68      1.48     72.93      1.44     73.80
  100.54      1.51    102.24      1.67    101.39
   65.57      1.52     62.49      1.67     64.03
  101.71      1.39    102.11      1.64    101.91
   78.90      1.65     74.97      1.58     76.93
   99.04      1.95    103.67      1.62    101.36
   57.09      1.43     51.78      1.61     54.43
  113.28      1.79    113.32      1.59    113.30
   79.54      1.37     78.42      1.77     78.98
   93.98      1.58     93.13      1.70     93.55
   81.06      1.68     78.25      1.69     79.66
  120.12      1.52    122.12      1.53    121.12
   37.89      1.57     38.68      1.49     38.29
  116.98      1.57    116.28      1.70    116.63
   67.15      1.63     68.21      1.39     67.68
  115.65      1.62    113.09      1.43    114.37
   63.71      1.67     63.25      1.51     63.48
  111.51      1.64    111.45      1.58    111.48
   64.57      1.68     60.88      1.51     62.73
  107.02      1.63    106.57      1.54    106.80
   61.97      1.33     59.79      1.42     60.88
  127.45      1.47    128.26      1.49    127.86
   72.43      1.44     69.92      1.68     71.17
   95.94      1.54     95.15      1.62     95.54
   58.36      1.65     58.08      1.56     58.22
  121.40      1.54    121.06      1.58    121.23
   60.16      1.60     56.52      1.33     58.34
  104.98      1.70    103.35      1.82    104.17
   73.85      1.67     77.18      1.59     75.51
  106.74      1.78    104.76      1.59    105.75
   70.10      1.59     67.06      1.53     68.58
  104.60      1.50    105.26      1.67    104.93
   69.66      1.39     65.63      1.34     67.64
  104.61      1.63    103.18      1.45    103.90
   79.97      1.63     78.84      1.44     79.41
  113.31      1.59    113.26      1.68    113.28
   76.73      1.47     73.75      1.50     75.24
   99.52      1.80     98.77      1.74     99.14
   80.13      1.60     76.47      1.67     78.30
  108.18      1.46    107.88      1.38    108.03
   61.13      1.71     59.22      1.75     60.18
   98.13      1.74     97.93      1.55     98.03
   73.79      1.69     72.01      1.63     72.90
  102.93      1.42    102.02      1.49    102.48
   72.50      1.27     75.70      1.67     74.10
  117.27      1.54    113.59      1.54    115.43
   59.75      1.56     56.74      1.63     58.25
  115.43      1.49    115.66      1.58    115.54
   57.13      1.56     53.93      1.83     55.53
  105.52      1.60    106.38      1.29    105.95
   77.54      1.37     74.43      1.51     75.98
  111.84      1.87    111.63      1.61    111.74
   55.86      1.56     54.67      1.49     55.27
  120.41      1.65    119.80      1.64    120.10
   68.67      1.67     65.97      1.54     67.32
  112.71      1.58    110.38      1.58    111.55
   57.44      1.52     61.61      1.77     59.52
  109.08      1.58    107.85      1.46    108.47
   76.16      1.59     74.53      1.68     75.35
  105.39      1.81    101.49      1.65    103.44
   66.05      1.42     66.91      1.49     66.48
  113.71      1.70    112.46      1.51    113.08
   63.46      1.86     62.05      1.59     62.75
  115.19      1.59    114.01      1.69    114.60
   53.17      1.55     51.21      1.49     52.19
  108.70      1.40    107.56      1.56    108.13
   79.70      1.61     75.43      1.59     77.56
   99.28      1.55    103.09      1.68    101.18
   64.00      1.67     59.28      1.36     61.64
  113.26      1.60    112.25      1.49    112.76
   62.85      6.21     81.07      5.53     71.96
  109.64      5.87     92.33      5.12    100.99
   63.44      1.69     64.62      1.80     64.03
  125.58      1.70    122.37      1.74    123.98
   62.49      1.42     60.67      1.53     61.58
  109.07      1.75    107.83      1.59    108.45
   59.43      1.37     59.37      1.68     59.40
  114.00      1.62    115.63      1.61    114.82
   64.34      1.81     61.21      1.60     62.78
  116.33      1.66    115.00      1.73    115.67
   51.00      1.71     50.81      1.60     50.91
  128.74      1.51    126.53      1.67    127.64
   64.93      1.50     65.59      1.37     65.26
  106.55      1.89    105.64      1.48    106.10
   62.96      1.41     59.00      1.55     60.98
  112.91      1.44    114.21      1.80    113.56
   76.15      1.62     70.11      1.70     73.13
   95.44      1.56     96.00      1.46     95.72
   72.71      1.13     69.18      1.56     70.94
  107.23      1.55    107.24      1.60    107.24
   71.78      1.43     71.74      1.73     71.76
  107.50      1.78    107.16      1.57    107.33
   52.24      1.45     53.36      1.95     52.80
  124.78      1.50    122.26      1.52    123.52
   60.36      1.54     60.88      1.52     60.62
  115.56      1.58    113.67      1.53    114.61
   57.42      1.68     54.15      1.37     55.79
  107.75      1.57    108.76      1.63    108.25
   66.35      1.50     65.38      1.53     65.86
  113.93      1.57    114.47      1.67    114.20
   70.91      1.55     69.78      1.65     70.34
  112.96      1.66    109.81      1.55    111.38
   77.12      1.44     73.81      1.71     75.47
  105.95      1.61    106.03      1.65    105.99
   68.53      1.56     66.47      1.63     67.50
  107.24      1.68    104.47      1.54    105.85
   68.87      1.93     68.14      1.90     68.50
  105.82      1.56    103.02      1.51    104.42
   64.49      1.67     63.00      1.65     63.74
  116.00      1.66    116.38      1.63    116.19
   69.28      1.75     64.28      1.48     66.78
  108.91      1.52    104.77      1.53    106.84
   71.99      1.47     75.36      1.68     73.67
   98.93      1.29    100.93      1.49     99.93
   60.46      1.72     55.18      1.43     57.82
  113.10      1.71    117.10      1.59    115.10
   60.71      1.63     61.24      1.75     60.98
  123.35      1.69    121.85      1.42    122.60
   64.72      1.72     61.51      1.77     63.12
   99.09      1.67    100.67      1.67     99.88
   67.61      1.29     62.53      1.53     65.07
  104.67      1.81    105.69      1.63    105.18
   73.45      1.71     69.75      1.68     71.60
  115.34      1.49    116.21      1.51    115.78
   60.57      1.41     59.86      1.42     60.22
  107.30      1.60    107.30      1.53    107.30
  112.23      1.58    110.72      1.78    111.47
   87.74      1.85     83.50      1.69     85.62
   57.64      1.73     57.84      1.66     57.74
  101.06      1.58     99.62      1.50    100.34
   75.37      1.62     73.03      1.71     74.20
  103.26      1.53    101.30      1.41    102.28
   66.69      1.48     66.16      1.68     66.42
  119.60      1.68    119.23      2.02    119.42
   57.47      1.52     56.67      1.56     57.07
  172.82      1.81    166.29      1.56    169.56
   10.71      1.55     11.00      0.94     10.86
  119.62      2.24    122.09      1.91    120.86
   76.94      1.63     78.88      1.24     77.91
  106.81      1.65    106.40      1.59    106.61
   44.13      1.61     41.84      1.50     42.99
  103.44      1.50    104.28      1.46    103.86
   60.33      1.81     60.49      1.72     60.41
  127.37      1.75    121.12      1.63    124.24
   67.37      1.38     68.47      1.59     67.92
   82.84      1.51     80.48      1.64     81.66
   84.72      1.60     82.72      1.38     83.72
  101.67      1.65    102.85      1.55    102.26
   63.42      1.43     60.95      1.64     62.19
   94.08      1.79     95.10      1.61     94.59
   37.65      1.56     38.00      1.39     37.82
  134.71      1.71    132.15      1.49    133.43
   62.77      1.61     64.17      1.62     63.47
   99.65      1.44     96.18      1.54     97.91
   60.94      1.31     59.52      1.58     60.23
  122.92      1.60    122.93      1.68    122.92
   63.29      1.35     61.42      1.85     62.36
  117.43      1.62    113.78      1.59    115.60
   41.93      1.77     38.62      1.54     40.28
  119.93      1.69    122.31      1.61    121.12
   65.24      1.72     60.24      1.69     62.74
  125.44      1.59    125.08      1.69    125.26
   45.00      1.52     42.41      1.65     43.71
  107.76      1.50    110.22      1.59    108.99
   80.62      1.72     77.72      1.52     79.17
  128.14      1.50    126.88      1.72    127.51
   38.90      1.34     36.87      1.36     37.88
  123.73      1.73    120.19      1.65    121.96
   49.41      1.57     48.30      1.63     48.85
  138.66      1.54    139.04      1.58    138.85
   38.04      1.26     38.56      1.39     38.30
  123.26      1.57    120.00      1.57    121.63
   76.32      1.51     75.31      1.32     75.81
  108.55      1.71    105.68      1.62    107.11
   47.57      1.47     49.60      1.71     48.59
  112.51      1.31    108.72      1.53    110.62
   83.36      1.79     80.85      1.49     82.10
   87.86      1.63     89.58      1.50     88.72
   53.17      2.41     56.75      1.83     54.96
  116.49      2.24    109.00      2.20    112.75
   81.15      1.43     78.03      1.68     79.59
  113.38      1.43    112.03      1.60    112.71
   51.63      1.49     55.25      1.66     53.44
  100.46      1.65     97.39      1.54     98.93
   82.53      1.52     81.08      1.42     81.80
  115.02      1.66    113.44      1.80    114.23
   40.15      1.56     36.42      1.29     38.29
  116.91      1.81    114.77      1.72    115.84
   80.82      1.41     82.11      1.37     81.47
  105.59      1.60    105.04      1.55    105.31
   45.69      1.49     43.29      1.23     44.49
  109.53      1.62    110.10      1.52    109.82
   74.53      1.54     72.92      1.55     73.73
  110.77      1.36    110.98      1.54    110.87
   70.94      1.49     69.08      1.40     70.01
  106.51      1.56    103.41      1.55    104.96
   79.87      1.58     81.21      1.48     80.54
  104.64      1.43    100.13      1.42    102.38
   66.64      1.87     64.85      1.62     65.75
  112.68      1.67    112.76      1.57    112.72
   69.09      1.78     68.33      1.56     68.71
  105.67      1.53    102.29      1.51    103.98
   52.62      1.46     54.61      1.75     53.62
  104.67      1.79    100.55      1.58    102.61
   81.36      1.42     80.22      1.69     80.79
  111.78      1.57    111.66      1.51    111.72
   43.78      1.65     42.20      1.42     42.99
  108.94      1.76    108.39      1.64    108.67
   80.84      1.53     77.24      1.47     79.04
  118.41      1.59    120.11      1.55    119.26
   39.69      1.26     39.10      1.46     39.39
  128.23      1.59    127.77      1.50    128.00
   57.82      1.51     57.85      1.58     57.83
  116.13      1.46    116.49      1.56    116.31
   38.50      1.80     37.14      1.28     37.82
  114.01      1.63    110.71      1.65    112.36
   74.59      1.72     74.07      1.48     74.33
  121.86      1.50    121.57      1.54    121.72
   36.47      1.78     36.52      1.53     36.49
  116.27      1.52    112.22      1.61    114.25
   80.46      1.47     81.93      1.79     81.19
  113.85      1.58    113.05      1.65    113.45
   37.19      1.76     34.52      1.30     35.85
  120.09      1.72    117.97      1.70    119.03
   65.00      1.46     63.74      1.63     64.37
  110.23      1.67    108.44      1.45    109.34
   48.58      1.34     46.43      1.02     47.50
  115.42      1.46    115.57      1.54    115.50
   79.29      1.73     78.25      1.76     78.77
  120.49      1.67    116.66      1.63    118.57
   39.80      1.45     40.43      1.42     40.12
  122.96      1.53    122.38      1.77    122.67
   77.31      1.55     76.13      1.64     76.72
  104.09      1.56    104.06      1.70    104.08
   46.42      1.45     45.09      1.52     45.75
  121.73      1.61    118.62      1.47    120.17
   80.47      1.63     79.54      1.52     80.00
  101.19      1.40    102.74      1.86    101.96
   42.39      1.69     38.29      1.53     40.34
  118.05      1.66    115.55      1.71    116.80
   67.09      1.52     68.31      1.63     67.70
  122.08      1.61    118.63      1.71    120.35
   47.10      1.61     43.37      1.51     45.24
  122.63      1.66    126.01      1.70    124.32
   58.17      1.68     57.36      1.72     57.77
  126.14      1.60    124.84      1.62    125.49
   29.00      1.47     29.67      1.49     29.33
  114.19      1.70    113.33      1.76    113.76
   69.55      1.49     68.76      1.49     69.15
  124.63      1.58    121.48      1.52    123.06
   49.19      1.50     47.28      1.40     48.23
  108.49      1.65    107.51      1.51    108.00
   74.74      1.52     73.73      1.44     74.23
  113.02      1.50    111.10      1.57    112.06
   55.93      1.40     55.38      1.40     55.65
  104.31      1.48    102.91      1.71    103.61
   68.12      1.54     65.03      1.76     66.58
  111.74      1.47    112.43      1.62    112.09
   36.35      1.14     32.61      1.64     34.48
  132.45      1.61    132.81      1.76    132.63
   71.85      1.75     71.57      1.37     71.71
  118.03      1.59    114.46      1.59    116.25
   39.06      1.43     38.38      1.51     38.72
  113.15      1.73    110.88      1.59    112.01
   61.16      1.76     63.45      1.68     62.30
  126.46      1.54    124.56      1.57    125.51
   45.53      1.50     44.23      1.40     44.88
  129.25      1.59    131.00      1.65    130.12
   56.27      1.54     54.20      1.70     55.24
  112.23      1.61    110.42      1.81    111.32
   62.40      1.30     62.67      1.58     62.54
  107.20      1.49    105.88      1.61    106.54
   72.64      1.76     74.57      1.55     73.61
  112.49      1.39    113.54      1.57    113.02
   53.76      1.50     49.97      1.75     51.87
  108.36      1.58    107.17      1.59    107.77
   75.47      1.72     74.29      1.59     74.88
  105.49      1.79    103.97      1.57    104.73
   45.22      1.60     42.52      1.30     43.87
  116.21      1.43    114.03      1.68    115.12
   74.68      1.53     75.13      1.43     74.90
  114.40      1.72    110.20      1.60    112.30
   41.70      1.52     38.65      1.49     40.17
  113.57      1.73    116.67      1.41    115.12
   74.97      1.86     74.86      1.62     74.92
  123.64      1.69    121.30      1.67    122.47
   48.41      1.30     47.16      1.50     47.78
  121.98      1.70    121.60      1.69    121.79
   64.16      1.61     64.12      1.39     64.14
  109.29      1.73    109.02      1.33    109.15
   43.75      1.56     41.43      1.07     42.59
  127.85      1.64    126.55      1.52    127.20
   64.00      1.67     65.61      1.74     64.81
  125.74      1.85    120.62      1.98    123.18
   44.92      1.47     44.33      1.37     44.62
  120.03      1.66    118.68      1.44    119.36
   75.20      1.25     72.57      1.45     73.88
  102.15      1.60    100.19      1.26    101.17
   51.09      1.35     47.53      1.43     49.31
  116.26      1.67    114.38      1.54    115.32
   78.12      1.44     80.19      1.59     79.16
  114.18      1.93    115.19      2.10    114.68
   46.12      1.58     42.15      1.61     44.14
  114.18      2.11    114.88      1.86    114.53
   66.90      1.50     65.62      1.61     66.26
   96.64      1.67     95.07      1.81     95.86
   57.46      1.41     58.90      1.24     58.18
  118.91      1.64    117.09      1.51    118.00
   69.36      1.63     65.68      1.62     67.52
  113.82      1.46    115.99      1.42    114.91
   44.41      1.46     45.44      1.64     44.92
  116.45      1.61    114.66      1.59    115.56
   71.43      1.65     70.07      1.48     70.75
  119.50      1.65    121.10      1.50    120.30
   51.05      1.43     48.14      1.52     49.60
  108.42      1.52    104.71      1.41    106.56
   82.29      1.57     81.75      1.58     82.02
  111.33      1.77    109.63      1.71    110.48
   45.19      1.79     45.52      1.60     45.35
  109.15      1.65    107.67      1.74    108.41
   74.96      1.56     74.93      1.57     74.94
  113.89      1.43    113.09      1.57    113.49
   48.53      1.09     49.63      1.53     49.08
  103.30      1.53    100.59      1.73    101.95
   73.93      1.75     71.44      1.52     72.69
  106.19      1.46    105.57      1.84    105.88
   49.49      1.64     49.00      1.87     49.24
  118.07      1.41    114.20      1.46    116.13
   62.62      1.72     62.10      1.60     62.36
  110.15      1.56    111.47      1.35    110.81
   41.67      1.72     39.97      1.87     40.82
  125.40      1.70    123.84      1.87    124.62
   62.56      1.75     69.17      1.54     65.87
  135.08      1.63    129.07      1.95    132.08
   39.48      1.63     35.15      1.92     37.32
  115.84      1.61    114.68      1.79    115.26
   56.60      1.55     54.62      1.46     55.61
  118.88      1.57    119.00      1.54    118.94
   35.09      1.76     36.50      0.87     35.80
  125.55      1.70    124.03      1.51    124.79
   63.39      1.57     63.70      1.43     63.55
  113.81      1.48    113.34      1.58    113.57
   51.82      1.56     48.95      1.51     50.38
  115.20      1.56    112.36      1.84    113.78
   56.02      1.62     58.69      1.74     57.35
  119.21      1.63    116.36      1.49    117.78
   41.56      1.45     40.60      1.42     41.08
  113.60      1.60    112.30      1.52    112.95
   77.79      1.78     73.52      1.54     75.66
  110.21      1.54    111.32      1.83    110.77
   35.87      1.36     34.45      1.62     35.16
  126.87      1.66    127.57      1.55    127.22
   54.63      1.65     56.23      1.58     55.43
  107.06      1.61    105.42      1.51    106.24
   54.02      1.37     49.44      1.50     51.73
  122.82      1.89    123.00      1.65    122.91
   68.87      1.20     64.58      1.81     66.72
  113.62      1.73    115.15      1.57    114.39
   49.12      1.65     45.41      1.57     47.27
  101.70      1.49    102.88      1.49    102.29
   63.92      1.49     61.91      1.64     62.91
  132.76      1.73    130.88      1.57    131.82
   54.45      1.35     51.31      1.51     52.88
   90.98      1.67     90.19      1.61     90.58
   70.82      1.65     71.75      1.47     71.29
  124.70      1.69    122.91      1.42    123.81
   36.10      1.79     37.00      1.49     36.55
  116.05      1.65    113.74      1.52    114.89
   78.01      1.47     78.68      1.34     78.35
  102.03      1.56     99.02      1.46    100.53
   49.96      1.58     50.52      1.57     50.24
  129.21      1.65    131.02      1.35    130.11
   61.89      1.56     58.65      1.56     60.27
  103.36      1.65    104.28      1.73    103.82
   39.98      1.52     37.19      1.79     38.59
  116.78      1.34    116.90      1.51    116.84
   62.32      1.58     61.35      1.32     61.84
  125.07      1.64    121.57      1.59    123.32
   49.10      1.61     49.12      1.82     49.11
  119.94      1.59    115.19      1.59    117.56
   63.84      1.56     64.35      1.70     64.09
  109.75      1.58    107.76      1.65    108.76
   45.33      1.43     45.76      1.57     45.54
  123.22      1.64    124.77      1.55    123.99
   66.22      1.48     61.78      1.98     64.00
   98.39      1.46     99.02      1.57     98.71
   50.60      1.57     47.83      1.29     49.21
  117.20      1.52    115.04      1.44    116.12
   70.38      1.53     69.08      1.64     69.73
   99.60      1.71    100.33      1.55     99.96
   55.71      1.44     55.69      1.64     55.70
  109.88      1.87    107.72      1.74    108.80
   72.22      1.52     71.40      1.59     71.81
  115.37      1.51    111.84      1.57    113.60
   37.75      1.64     35.73      1.29     36.74
  117.67      1.55    117.10      1.55    117.39
   73.81      1.66     72.01      1.64     72.91
  118.43      1.62    116.79      1.46    117.61
   46.53      1.43     47.77      1.48     47.15
  113.07      1.48    112.15      1.82    112.61
   72.91      1.31     73.14      1.64     73.03
  109.13      1.75    107.63      1.42    108.38
   52.92      1.29     50.43      1.48     51.67
  104.92      1.59    101.76      1.53    103.34
   60.58      1.66     61.23      1.60     60.90
  133.86      1.56    132.92      1.61    133.39
   43.20      1.60     41.23      1.49     42.21
  110.79      1.43    108.48      1.75    109.63
   60.76      1.55     59.27      1.57     60.02
  110.57      1.80    111.21      1.42    110.89
   57.13      1.62     55.85      1.70     56.49
  109.74      1.60    109.08      1.65    109.41
   66.30      1.43     67.17      1.71     66.73
  110.20      1.77    107.74      1.42    108.97
   44.95      1.64     44.17      1.59     44.56
  124.65      1.81    122.87      1.65    123.76
   62.83      1.77     61.23      1.57     62.03
  110.54      1.55    109.35      1.60    109.94
   51.55      1.52     49.89      1.74     50.72
  109.15      1.58    106.95      1.78    108.05
   69.19      1.42     69.56      1.43     69.38
  117.29      1.46    115.99      1.61    116.64
   48.61      1.69     52.48      1.64     50.55
  121.24      1.85    114.86      2.07    118.05
   59.89      1.76     60.62      1.80     60.26
  108.53      1.79    105.30      1.70    106.91
   49.00      1.35     47.76      1.14     48.38
  105.42      1.61    108.06      1.61    106.74
   59.03      1.66     57.94      1.55     58.48
  122.50      1.52    121.52      1.57    122.01
   56.55      1.63     55.13      1.53     55.84
  105.48      1.53    101.30      1.73    103.39
   62.28      1.78     62.11      1.72     62.20
  110.78      1.90    109.46      1.58    110.12
   59.04      1.57     58.22      1.24     58.63
  114.07      1.33    109.27      1.61    111.67
   80.79      1.74     82.59      1.52     81.69
  100.06      1.49    100.94      1.77    100.50
   43.35      1.64     41.19      1.26     42.27
  117.72      1.70    117.03      1.58    117.37
   62.10      1.59     61.17      1.33     61.63
  116.65      1.54    116.68      1.59    116.66
   41.39      1.14     40.08      1.51     40.73
  126.77      1.71    124.71      1.51    125.74
   62.15      1.91     62.22      1.45     62.19
  117.75      1.57    116.81      1.63    117.28
   49.09      1.26     47.76      1.44     48.43
  112.71      1.64    109.49      1.74    111.10
   66.75      1.65     68.07      1.65     67.41
  106.56      1.51    106.00      1.66    106.28
   43.26      1.60     40.75      1.48     42.01
  110.06      1.38    110.57      1.61    110.31
   66.64      1.65     68.31      1.51     67.48
  120.97      1.70    117.90      1.73    119.43
   56.17      1.57     55.74      1.74     55.95
  119.08      1.74    116.61      1.45    117.85
   59.14      1.54     59.65      1.83     59.39
   97.98      1.63     97.10      1.66     97.54
   41.46      1.70     42.05      1.50     41.76
  124.65      1.64    123.24      1.62    123.95
   62.22      1.32     60.00      1.67     61.11
  119.64      1.57    117.77      1.50    118.71
   42.21      1.49     43.69      1.35     42.95
  111.64      1.67    110.12      1.55    110.88
   64.02      1.53     61.71      1.61     62.86
  121.63      1.43    123.35      1.26    122.49
   42.37      1.56     41.05      1.43     41.71
  108.83      1.84    105.61      1.70    107.22
   63.77      1.37     62.31      1.17     63.04
  119.07      1.75    118.50      1.72    118.78
   41.80      1.74     43.97      1.68     42.89
  117.69     13.11    113.22     21.39    115.45
   67.64      1.68     66.69      1.24     67.16
  119.23     23.01    112.94     11.23    116.09
   49.48      1.63     50.65      1.20     50.07
  113.93      1.95    113.30      1.49    113.62
   63.34      1.87     58.14      1.46     60.74
  112.27      1.65    113.53      1.47    112.90
   48.23      1.68     46.05      1.96     47.14
  117.85      1.66    113.87      1.37    115.86
   65.71      1.76     63.91      1.73     64.81
  104.52      1.36    105.18      1.45    104.85
   46.07      1.69     48.46      1.44     47.26
  122.29      1.82    119.44      1.45    120.87
   56.14      1.67     55.20      1.64     55.67
  121.94      1.59    121.22      1.77    121.58
   32.68      1.67     30.93      1.27     31.80
  122.86      1.37    124.58      1.61    123.72
   65.70      1.68     63.92      1.45     64.81
  113.74      1.46    112.44      1.56    113.09
   39.56      1.61     38.12      1.22     38.84
  112.44      1.60    117.00      1.59    114.72
   78.28      1.54     74.92      1.55     76.60
   95.75      1.52     94.09      1.37     94.92
   66.56      1.60     66.75      1.71     66.65
  102.27      1.64    100.53      1.88    101.40
   62.90      1.35     61.19      1.83     62.04
  104.44      1.49    103.00      1.62    103.72
   56.21      1.50     59.05      1.43     57.63
  102.64      1.56     97.61      1.84    100.13
   72.96      1.57     70.50      1.66     71.73
  121.38      1.67    123.76      1.55    122.57
   39.81      1.57     37.91      1.81     38.86
  106.40      1.65    102.45      1.45    104.43
   80.14      1.46     80.12      1.39     80.13
  103.21      1.60    103.66      1.87    103.43
   60.20      1.45     58.80      1.38     59.50
   98.08      1.63     96.64      1.82     97.36
   58.20      1.42     58.33      1.63     58.27
  113.63      1.65    109.82      1.55    111.73
   54.49      1.62     53.70      1.40     54.09
  116.13      1.51    117.04      1.49    116.59
   66.58      1.69     61.99      1.50     64.28
  110.39      1.63    111.74      1.40    111.06
   49.68      1.71     48.73      1.39     49.20
  109.69      1.35    106.52      1.74    108.10
   63.00      1.65     64.88      1.27     63.94
  124.96      1.56    120.77      1.64    122.87
   49.26      1.46     50.95      1.68     50.11
  102.04      1.53     99.69      1.82    100.86
   73.64      1.52     73.76      1.55     73.70
  110.22      1.75    109.76      1.55    109.99
   43.47      1.32     44.46      1.51     43.96
  117.84      1.64    113.22      1.52    115.53
   75.81      1.58     76.43      1.68     76.12
  104.62      1.53    103.76      1.54    104.19
   38.95      1.35     38.79      1.42     38.87
  118.45      1.56    119.35      1.53    118.90
   56.59      1.79     53.57      1.46     55.08
  113.30      1.61    110.20      1.49    111.75
   50.02      1.46     49.28      1.53     49.65
  120.05      1.68    118.62      1.69    119.33
   67.52      1.66     67.33      1.67     67.42
  114.63      1.69    114.46      1.71    114.55
   40.17      1.44     39.15      1.42     39.66
  114.73      1.63    114.69      1.51    114.71
   58.96      1.78     56.17      1.59     57.57
  118.69      1.71    116.60      1.55    117.64
   46.76      1.69     46.92      1.49     46.84
  123.75      1.42    118.88      1.67    121.31
   57.19      1.36     58.35      1.58     57.77
  115.89      1.44    113.51      1.48    114.70
   45.85      1.47     43.44      1.56     44.65
  116.26      1.68    115.32      1.50    115.79
   71.58      1.77     71.14      1.50     71.36
  106.78      1.47    105.67      1.51    106.22
   42.54      1.84     40.12      1.47     41.33
  108.09      1.67    104.64      1.56    106.37
   68.17      1.72     68.80      1.54     68.48
  107.36      1.64    105.68      1.55    106.52
   40.85      1.44     40.65      1.23     40.75
  130.03      1.70    126.85      1.47    128.44
   61.85      1.31     62.76      1.41     62.31
  120.90      1.61    120.11      1.38    120.50
   32.05      1.33     33.67      1.36     32.86
  110.37      1.71    107.58      1.60    108.97
   69.91      1.78     70.93      1.76     70.42
  117.16      1.55    114.38      1.81    115.77
   49.67      1.43     48.89      1.71     49.28
  112.05      1.50    110.23      1.55    111.14
   59.07      1.31     59.20      1.62     59.14
  110.57      1.63    109.02      1.61    109.80
   45.40      1.69     42.26      1.52     43.83
  113.20      1.54    112.66      1.61    112.93
   69.54      1.40     67.61      1.20     68.57
  115.55      1.58    116.19      1.74    115.87
   37.76      1.50     37.88      1.35     37.82
  103.78      1.75    102.54      1.55    103.16
   66.10      1.82     69.30      1.94     67.70
  106.70      1.73    101.09      1.91    103.89
   35.57      1.92     34.23      1.48     34.90
  126.34      1.59    125.00      1.54    125.67
   60.02      1.59     58.96      1.30     59.49
  116.92      1.48    116.22      1.55    116.57
   38.91      1.58     38.74      1.59     38.83
  123.66      1.37    122.21      1.63    122.94
   71.71      1.91     70.50      1.59     71.11
  108.66      1.66    109.58      1.73    109.12
   39.70      1.49     35.90      1.64     37.80
  108.46      1.61    106.58      1.60    107.52
   72.94      1.58     71.88      1.71     72.41
  118.82      1.55    118.57      1.40    118.69
   47.80      1.74     46.06      1.86     46.93
  106.54      1.52    105.94      1.67    106.24
   62.29      1.53     61.89      1.50     62.09
  112.57      1.53    109.10      1.46    110.83
   52.11      1.70     54.19      1.40     53.15
  100.81      1.56     99.31      1.58    100.06
   60.74      1.52     58.02      1.52     59.38
  125.32      1.49    122.59      1.49    123.95
   39.86      1.51     38.85      1.39     39.35
  111.85      1.53    110.36      1.54    111.10
   60.19      1.69     61.34      1.51     60.76
  120.58      1.58    118.03      1.73    119.30
   41.59      1.74     41.28      1.65     41.43
  110.68      1.66    109.82      1.43    110.25
   62.31      1.76     59.94      1.55     61.13
  122.33      1.55    122.55      1.53    122.44
   41.18      1.57     36.50      1.40     38.84
  107.74      1.80    112.21      1.37    109.97
   78.74      1.59     74.38      1.54     76.56
   91.34      1.62     91.21      1.45     91.27
   56.27      1.50     53.12      1.80     54.70
  106.67      1.48    107.70      1.76    107.18
   64.43      1.49     63.17      1.60     63.80
  109.84      1.57    111.04      1.41    110.44
   44.53      1.55     41.56      1.51     43.05
  115.35      1.67    114.64      1.59    115.00
   63.68      1.31     61.61      1.69     62.64
  115.51      1.75    111.36      1.71    113.44
   36.59      1.61     38.62      1.36     37.61
  115.32      1.46    111.43      1.50    113.37
   67.00      1.63     69.66      1.67     68.33
  113.96      1.54    111.09      1.76    112.52
   52.05      1.65     53.12      1.44     52.58
   98.40      1.71     95.87      1.62     97.14
   61.94      1.55     61.23      1.46     61.59
  125.20      1.67    122.09      1.61    123.64
   55.74      1.28     54.67      1.68     55.20
  112.34      1.75    113.58      1.63    112.96
   66.12      1.68     63.15      1.39     64.63
  103.59      1.59    102.32      1.74    102.95
   42.95      1.47     40.40      1.28     41.67
  112.02      1.58    113.11      1.70    112.56
   68.55      1.41     66.52      1.78     67.53
  108.30      1.65    107.25      1.39    107.78
   43.55      1.23     44.19      1.56     43.87
  127.47      1.46    123.24      1.69    125.36
   61.89      1.42     64.25      1.66     63.07
  105.59      1.58    105.00      1.62    105.30
   42.57      1.55     39.52      1.41     41.05
  110.40      1.62    109.73      1.73    110.07
   73.86      1.62     73.44      1.86     73.65
  112.43      1.53    112.81      1.71    112.62
   58.27      1.51     57.79      1.36     58.03
   80.97      1.77     79.91      1.72     80.44
   65.70      1.70     62.88      1.49     64.29
  118.56      1.66    114.58      1.55    116.57
   69.74      1.57     70.79      1.33     70.26
  101.39      1.48     98.70      1.61    100.05
   49.67      1.55     47.48      1.88     48.57
  114.70      1.50    113.50      1.45    114.10
  105.08      3.31    107.33      2.69    106.20
   66.75      2.19     65.38      2.83     66.07
   60.08      1.58     59.19      1.71     59.64
  121.33      1.87    118.27      4.88    119.80
   58.19      1.41     58.92      1.51     58.55
  125.25      5.13    122.62      1.73    123.93
   39.04      2.10     34.27      1.41     36.65
  106.79      1.95    104.44      1.94    105.62
   70.71      1.84     75.63      1.60     73.17
  120.15      2.07    117.34      1.72    118.75
   46.48      1.64     45.43      1.35     45.95
   98.71      1.59     98.46      1.50     98.59
   64.56      1.31     62.83      1.53     63.69
  117.82      1.59    121.00      1.46    119.41
   37.00      1.41     34.22      1.41     35.61
   94.53      1.51     95.09      1.83     94.81
   77.38      1.76     82.28      1.79     79.83
  105.54      1.94     99.92      1.69    102.73
   69.36      1.67     67.69      1.61     68.53
   96.76      1.78     96.38      1.52     96.57
