   56.36      1.64     56.28      1.43     56.32
  121.80      1.43    118.33      1.64    120.07
   43.46      1.59     43.00      1.26     43.23
  121.92      1.88    119.40      1.72    120.66
   69.64      2.07     68.13      1.92     68.89
   99.85      1.81     96.55      1.78     98.20
   75.00      1.44     75.70      1.72     75.35
  119.23      1.50    118.67      1.37    118.95
   68.46      1.63     67.88      1.60     68.17
   97.17      1.77     94.63      1.77     95.90
   71.86      1.75     67.61      1.71     69.73
   99.89      2.04     96.22      7.04     98.06
   67.05      2.24     66.38      1.73     66.72
   90.88      1.68     90.94      1.57     90.91
   64.64      1.59     65.53      1.83     65.09
  114.34      1.58    111.31      1.55    112.83
   77.81      1.69     78.80      1.48     78.31
  101.00      1.78    100.28      1.71    100.64
   68.74      1.39     65.76      1.57     67.25
  104.29      1.45    101.91      1.54    103.10
   79.74      1.43     80.77      1.72     80.25
   98.83      1.65     96.36      1.77     97.60
   61.57      1.87     60.96      1.81     61.27
  120.82      1.71    117.95      1.75    119.38
   64.15      1.56     64.45      1.55     64.30
  104.26      1.51    100.39      1.39    102.33
   64.80      1.62     64.45      1.55     64.62
   97.73      1.44     97.91      1.81     97.82
   65.46      1.56     65.57      1.60     65.51
  102.15      1.83     98.94      1.59    100.54
   73.10      1.83     70.28      1.80     71.69
  110.25      1.64    110.16      1.53    110.20
   70.85      1.41     69.71      1.57     70.28
   92.32      1.69     90.03      1.59     91.17
   70.27      1.58     70.18      1.62     70.22
  112.11      1.48    110.19      1.63    111.15
   70.15      1.79     72.03      1.68     71.09
   94.51      1.65     92.47      1.71     93.49
   80.27      1.54     80.03      1.40     80.15
  104.20      1.64    100.96      1.69    102.58
   75.27      1.74     73.03      1.44     74.15
   86.49      1.76     83.88      1.54     85.18
   66.85      1.47     67.25      1.68     67.05
  107.43      1.47    104.88      1.54    106.15
   73.39      1.86     73.91      1.62     73.65
  109.22      1.66    107.08      1.63    108.15
   69.12      1.40     69.40      1.64     69.26
  109.24      1.72    108.63      1.49    108.94
   63.31      1.47     61.72      1.81     62.52
  106.00      1.55    104.11      1.73    105.05
   55.93      1.91     56.29      1.99     56.11
  117.49      2.25    112.86      2.30    115.17
   58.00      1.54     58.66      1.61     58.33
  110.67      1.71    108.90      1.62    109.79
   63.24      1.54     62.34      1.38     62.79
  108.74      1.57    108.15      1.53    108.45
   71.89      1.48     72.36      1.52     72.13
   95.34      1.71     92.27      1.63     93.81
   73.73      1.53     73.67      1.71     73.70
  100.11      1.61     98.72      1.67     99.42
   69.79      1.67     70.66      1.68     70.22
  114.11      1.58    110.11      1.79    112.11
   65.03      1.41     65.77      1.39     65.40
   96.35      1.69     93.95      1.46     95.15
   62.44      1.83     60.88      1.30     61.66
  114.89      1.77    114.03      1.69    114.46
   64.25      1.34     63.94      1.73     64.09
  106.23      1.69    102.26      1.92    104.24
   69.23      1.62     68.83      1.70     69.03
  102.27      1.59    102.04      1.63    102.15
   57.69      1.54     54.44      1.61     56.07
  109.90      1.86    110.19      2.01    110.04
   69.66      1.66     66.37      1.48     68.01
  115.29      1.47    117.04      1.71    116.16
   62.77      2.02     59.30      1.62     61.04
  109.19      1.72    108.42      1.82    108.81
   72.40      1.66     71.24      1.54     71.82
   95.73      1.61     95.66      1.50     95.69
   68.66      1.81     65.42      1.57     67.04
  113.58      1.72    114.52      1.65    114.05
   60.53      1.41     56.08      1.86     58.30
  105.14      1.61    104.94      1.58    105.04
   65.00      1.57     66.71      1.43     65.85
  103.28      1.71     99.91      1.58    101.59
   77.23      1.71     77.65      1.44     77.44
  105.08      1.66    101.04      1.56    103.06
   65.24      1.44     63.64      1.69     64.44
  110.47      1.58    108.91      1.43    109.69
   66.51      1.87     66.25      1.80     66.38
   94.01      1.79     92.87      1.72     93.44
   74.49      1.54     74.35      1.33     74.42
  104.74      1.83    104.83      1.60    104.78
   70.15      1.83     68.36      1.50     69.25
   99.45      1.58     98.68      1.70     99.07
   61.57      1.80     59.74      1.58     60.65
  116.36      2.10    116.20      1.69    116.28
   62.97      1.65     63.98      1.67     63.48
  109.81      1.68    106.90      1.73    108.35
   56.89      1.79     59.07      1.65     57.98
  105.23      1.78    100.28      1.59    102.76
   90.02      1.73     90.80      1.50     90.41
   92.08      1.69     89.13      1.56     90.60
   68.06      1.51     68.96      1.57     68.51
   93.25      1.70     90.27      1.56     91.76
   82.43      1.59     83.25      1.57     82.84
  107.16      1.79    106.54      1.60    106.85
   53.92      1.56     53.12      1.55     53.52
  105.71      1.58    105.66      1.58    105.68
   65.00      1.74     63.54      1.75     64.27
  117.54      1.72    117.59      1.78    117.56
   62.89      1.42     61.60      1.67     62.24
  116.70      1.79    114.32      1.62    115.51
   74.50      1.66     72.95      1.58     73.72
   86.06      1.71     84.95      1.56     85.51
   67.41      1.35     65.75      1.36     66.58
  109.95      1.69    108.33      1.71    109.14
   63.97      1.78     63.60      1.48     63.79
  111.43      1.86    107.90      1.49    109.66
   57.03      1.41     58.21      1.71     57.62
  106.11      1.79    104.56      1.52    105.33
   77.00      1.52     74.61      1.51     75.81
  102.88      1.76    103.78      1.93    103.33
   62.08      1.87     62.91      1.78     62.49
  107.68      1.78    105.54      1.74    106.61
   84.31      1.48     83.50      1.82     83.91
   83.21      1.70     82.12      1.49     82.66
   73.16      1.33     72.06      1.54     72.61
  109.14      1.58    109.02      1.55    109.08
   71.27      1.62     70.70      1.56     70.99
  103.78      1.60    102.19      1.70    102.99
   59.77      1.60     57.54      1.52     58.65
  101.85      1.90    101.79      1.79    101.82
   81.56      1.67     79.81      1.54     80.68
   95.86      1.75     93.39      1.57     94.63
   59.76      1.49     61.29      1.73     60.53
  116.76      1.68    113.79      1.75    115.28
   68.22      1.61     68.22      1.68     68.22
  107.80      1.50    106.42      1.61    107.11
   61.67      1.20     60.86      1.66     61.26
  102.97      1.68    103.63      1.80    103.30
   66.47      1.52     66.76      1.46     66.61
  108.70      1.59    106.05      1.52    107.37
   63.07      1.70     64.14      1.51     63.61
  113.05      1.62    111.57      1.83    112.31
   65.25      1.68     64.93      1.70     65.09
  104.78      1.60    105.98      1.59    105.38
   60.02      2.10     59.40      1.68     59.71
  107.02      1.74    104.51      1.45    105.76
   70.43      1.35     70.27      1.66     70.35
  101.35      1.50     99.54      1.64    100.45
   70.63      1.40     72.24      1.59     71.43
   91.75      1.53     87.03      1.57     89.39
   68.97      1.78     70.00      1.78     69.49
  116.02      1.48    113.79      1.66    114.90
   54.70      1.61     54.97      1.48     54.84
  110.23      1.63    108.61      1.50    109.42
   88.92      1.77     88.82      1.75     88.87
   99.00      1.79     97.75      1.80     98.38
   58.85      1.45     58.05      1.53     58.45
  123.21      1.77    121.51      1.61    122.36
   63.27      1.79     64.67      1.54     63.97
   91.30      1.67     89.78      1.59     90.54
   80.88      1.65     78.55      1.59     79.71
  106.15      1.47    104.70      1.57    105.43
   75.21      1.63     74.66      1.84     74.94
   87.94      1.79     85.53      1.59     86.73
   74.19      1.54     73.44      1.76     73.82
  113.67      1.54    112.39      1.65    113.03
   71.32      1.80     72.47      1.81     71.89
  106.89      1.81    107.37      1.71    107.13
   54.38      1.77     53.89      1.73     54.13
   97.71      1.74     95.89      1.56     96.80
   65.39      1.61     65.44      1.46     65.41
  116.68      1.81    115.86      1.95    116.27
   58.13      1.30     56.19      1.72     57.16
  121.39      1.72    119.26      1.37    120.33
   70.97      1.55     71.80      1.33     71.38
  101.77      1.67     99.25      1.84    100.51
   60.00      1.22     57.27      1.69     58.63
  107.49      1.52    103.46      1.44    105.48
   69.46      1.68     67.80      1.33     68.63
  108.03      1.63    108.14      1.74    108.09
   61.87      1.61     62.96      1.62     62.41
  112.13      2.15    111.87      1.97    112.00
   70.86      1.92     74.89      2.05     72.88
  107.78      1.94    104.37      1.59    106.08
   56.55      1.63     55.67      1.60     56.11
  112.93      1.71    112.16      1.68    112.55
   79.35      1.87     79.20      1.61     79.28
   90.19      1.53     86.97      1.40     88.58
   69.55      1.61     69.20      1.62     69.38
  101.34      1.66    100.79      1.50    101.06
   62.43      1.69     62.06      1.64     62.25
  112.76      1.66    109.22      1.87    110.99
   64.50      1.41     64.74      1.38     64.62
  106.84      1.71    106.23      1.72    106.54
   70.07      1.56     69.58      1.65     69.83
  109.49      1.80    105.91      1.58    107.70
   63.41      1.69     64.73      1.48     64.07
  106.60      1.65    104.46      1.51    105.53
   58.42      1.63     58.31      1.79     58.36
  119.78      1.68    115.62      1.72    117.70
   55.73      1.88     57.39      1.69     56.56
  111.91      1.46    109.91      1.86    110.91
   67.64      1.73     65.37      1.40     66.51
  102.64      1.73    102.08      1.56    102.36
   53.00      1.35     52.28      1.56     52.64
  121.24      1.66    119.80      1.59    120.52
   65.97      2.01     65.93      1.53     65.95
   98.29      1.80     97.72      1.42     98.00
   78.32      1.90     78.01      1.72     78.17
  106.61      1.51    105.80      1.80    106.20
   69.94      1.66     68.67      1.73     69.30
  115.84      1.63    113.89      1.66    114.86
   57.98      1.74     54.82      1.51     56.40
  108.69      1.54    108.25      1.60    108.47
   61.69      1.74     59.15      1.28     60.42
  105.13      1.79    103.79      1.78    104.46
   65.98      1.72     68.37      1.50     67.17
  107.59      1.58    105.10      1.64    106.34
   78.34      1.63     77.78      1.84     78.06
   95.82      1.45     94.91      1.70     95.37
   66.62      1.51     65.97      1.64     66.29
  117.80      1.50    116.32      1.85    117.06
   76.54      1.55     73.23      1.64     74.88
  100.34      1.77     98.62      1.73     99.48
   76.41      1.71     76.61      1.80     76.51
   92.39      1.79     90.47      1.68     91.43
   87.38      1.71     89.40      1.76     88.39
   78.14      1.75     75.00      1.70     76.57
   77.49      1.54     79.93      1.45     78.71
  105.25      1.67    101.49      1.54    103.37
   67.55      1.82     68.59      1.65     68.07
  116.13      1.79    112.23      1.92    114.18
   52.81      1.58     51.55      1.61     52.18
  112.85      1.51    115.00      1.60    113.93
   75.62      1.63     72.15      1.62     73.89
  105.18      1.64    105.65      1.64    105.42
   60.69      1.60     58.09      1.64     59.39
   98.43      1.50     98.21      1.46     98.32
   68.48      1.75     66.14      1.68     67.31
  121.33      1.70    118.84      1.78    120.08
   57.82      1.59     56.39      1.63     57.10
  101.06      1.64     99.02      1.72    100.04
   80.38      1.73     81.81      1.94     81.09
  102.40      1.90     99.51      2.04    100.95
   61.89      1.68     61.15      1.52     61.52
  107.85      1.86    104.54      1.69    106.20
   60.65      1.59     60.35      1.61     60.50
  128.32      1.63    128.11      1.74    128.22
   58.83      1.62     58.64      2.02     58.73
  104.73      1.56    102.79      1.87    103.76
   74.63      1.68     73.19      1.54     73.91
   91.06      1.82     91.46      1.63     91.26
   63.31      1.55     62.66      1.60     62.98
  114.25      1.69    113.97      1.75    114.11
   67.69      1.71     68.44      1.65     68.07
  111.08      1.65    109.96      1.46    110.52
   56.55      1.58     55.62      1.71     56.09
  109.53      1.75    107.58      1.57    108.56
   73.59      1.82     72.00      1.68     72.79
   89.21      1.62     87.98      1.73     88.59
   70.51      1.60     70.63      1.64     70.57
  104.25      1.79    101.48      1.55    102.86
   75.15      1.72     75.45      1.55     75.30
  107.29      1.54    107.17      1.55    107.23
   61.52      1.51     60.16      1.33     60.84
  109.56      1.45    107.36      1.63    108.46
   61.34      1.77     59.57      1.76     60.46
  100.71      1.65    100.89      1.58    100.80
   66.10      1.73     64.38      1.61     65.24
  115.22      1.78    112.52      1.89    113.87
   72.86      1.43     73.62      1.49     73.24
  101.10      1.63    100.00      1.42    100.55
   65.76      1.38     66.25      1.44     66.00
  105.30      1.66    103.60      1.34    104.45
   59.00      1.58     56.18      1.68     57.59
  106.96      1.58    107.22      1.55    107.09
   56.84      1.71     57.35      1.50     57.10
  107.80      1.69    106.09      1.69    106.95
   77.43      1.29     75.73      1.83     76.58
   94.97      1.56     96.86      1.61     95.91
   61.29      1.51     61.40      1.58     61.34
  111.52      1.61    111.16      1.53    111.34
   72.98      1.55     71.50      1.59     72.24
   93.74      1.59     93.59      1.50     93.67
   75.24      1.44     73.99      1.72     74.61
  113.24      1.37    113.02      1.58    113.13
   53.96      1.58     53.50      1.43     53.73
  110.71      1.52    108.86      1.70    109.79
   58.00      1.34     56.48      1.53     57.24
  104.64      1.58    101.90      1.54    103.27
   83.65      1.37     81.75      1.69     82.70
  102.39      1.66     99.25      1.43    100.82
   68.79      1.75     65.71      1.53     67.25
  103.41      1.65    106.08      1.81    104.74
   62.56      1.80     61.32      1.59     61.94
  110.69      1.55    108.75      1.70    109.72
   53.73      1.54     51.72      1.32     52.72
  119.74      1.43    119.58      1.61    119.66
   59.83      1.58     58.34      1.50     59.09
  111.99      1.57    111.16      1.58    111.57
   51.81      2.51     50.96      2.11     51.39
  127.31      2.14    125.69      2.36    126.50
   57.22      1.86     56.92      1.50     57.07
  112.73      1.64    113.00      1.69    112.86
   58.43      1.28     55.97      1.54     57.20
  109.21      1.41    107.56      1.48    108.39
   72.43      1.44     72.39      1.78     72.41
  106.90      1.56    103.16      1.62    105.03
   70.37      1.72     69.93      1.51     70.15
   83.88      1.69     84.18      1.55     84.03
   81.83      1.62     79.98      1.81     80.91
  118.19      1.64    116.67      1.62    117.43
   64.16      1.61     65.71      1.24     64.93
  101.25      1.43     98.28      1.72     99.77
   60.40      1.61     58.85      1.84     59.62
  103.75      1.41    101.96      1.58    102.86
   61.08      1.57     58.38      1.39     59.73
  113.72      1.65    113.76      1.55    113.74
   71.59      1.72     70.15      1.75     70.87
   99.19      1.90     98.57      1.72     98.88
   66.42      1.50     65.69      1.79     66.06
  104.58      1.78    101.60      1.92    103.09
   72.64      1.43     69.55      1.57     71.09
  102.14      1.78    102.49      1.58    102.32
   69.76      1.49     68.62      1.51     69.19
   98.95      1.91     99.73      2.08     99.34
   76.31      1.91     73.18      1.81     74.74
  106.37      2.06    107.71      1.70    107.04
   68.10      1.55     67.39      1.29     67.74
   91.61      1.47     90.57      1.48     91.09
   89.05      1.58     89.60      1.68     89.33
  100.39      1.57     97.74      1.86     99.06
   53.00      1.40     50.58      1.18     51.79
  120.95      1.41    119.86      1.61    120.40
   62.62      1.33     62.00      1.22     62.31
  105.19      1.58    104.33      1.66    104.76
   60.79      1.65     58.76      1.66     59.78
  106.37      1.59    107.80      1.63    107.08
   61.40      1.55     62.57      1.75     61.98
  108.24      2.04    104.57      1.73    106.41
   61.32      1.17     61.25      1.39     61.28
  109.74      1.59    108.61      1.54    109.17
   67.23      1.77     67.43      1.69     67.33
  109.13      1.53    105.66      1.62    107.40
   62.76      1.76     63.39      1.63     63.08
  105.26      1.54    104.12      1.70    104.69
   67.54      1.67     64.82      1.46     66.18
  101.51      1.61     99.84      1.56    100.68
   70.06      1.35     66.92      1.60     68.49
  116.09      1.51    115.80      1.53    115.95
   72.57      1.80     69.57      1.52     71.07
  103.47      1.90    105.36      1.60    104.41
   50.72      1.59     50.00      1.73     50.36
  102.11      5.80    101.73      7.11    101.92
   73.31      1.59     71.31      1.54     72.31
  115.45      8.23    113.69      1.44    114.57
   57.89      1.66     55.59      1.41     56.74
  109.02      1.74    108.93      1.57    108.98
   70.42      1.58     68.65      1.60     69.54
  100.91      1.68    100.06      1.64    100.48
   56.87      1.89     55.90      1.48     56.38
   89.02      1.54     88.36      1.55     88.69
   82.42      1.62     79.64      1.85     81.03
  105.69      1.53    104.63      1.62    105.16
   58.56      1.65     58.47      1.39     58.52
  103.12      1.77    102.12      1.77    102.62
   82.06      1.57     80.16      1.57     81.11
  101.14      1.90    101.18      1.67    101.16
   55.96      2.13     56.05      2.50     56.01
  113.49      2.04    110.91      1.86    112.20
   71.34      1.62     70.53      1.61     70.94
   99.26      1.64     94.43      1.66     96.84
   70.57      1.34     70.67      1.28     70.62
  102.44      2.48    105.19      2.18    103.81
   69.19      2.15     65.75      2.30     67.47
   97.98      1.62     95.59      1.60     96.79
   65.81      1.57     66.07      1.50     65.94
  108.21      1.74    107.33      1.44    107.77
   65.26      1.93     65.48      1.90     65.37
  104.40      1.78    101.29      1.65    102.84
   64.12      1.66     64.02      1.64     64.07
  112.96      1.70    109.43      1.81    111.19
   57.38      1.76     57.28      1.42     57.33
  105.66      1.51    101.65      1.47    103.65
   71.51      1.67     72.02      1.60     71.77
  100.18      1.70     98.16      1.54     99.17
   74.30      1.54     73.51      1.58     73.91
   86.37      1.62     86.11      1.50     86.24
   57.18      1.83     55.82      1.56     56.50
  116.21      1.51    116.07      1.53    116.14
   70.88      1.83     69.99      1.60     70.43
  100.49      1.68    100.73      1.53    100.61
   65.80      1.44     64.44      1.70     65.12
  106.40      1.75    106.29      1.38    106.35
   74.56      1.57     70.97      1.62     72.76
   94.41      1.50     91.07      1.78     92.74
   74.43      1.55     73.63      1.61     74.03
  113.84      1.56    113.73      1.65    113.79
   55.20      1.63     53.00      1.51     54.10
  115.93      1.77    115.13      1.71    115.53
   55.00      1.65     54.55      1.43     54.77
  103.35      1.58    101.00      1.59    102.18
   83.25      1.92     83.32      1.88     83.28
  104.31      1.49    101.84      1.69    103.07
   66.05      1.70     64.06      1.67     65.06
   97.09      1.59     93.33      1.81     95.21
   76.78      1.72     77.43      1.58     77.10
  107.35      1.63    106.68      1.56    107.01
   62.61      2.10     60.53      1.52     61.57
  111.65      1.46    110.48      1.74    111.06
   66.57      1.68     66.87      1.33     66.72
   94.82      1.68     91.87      1.88     93.34
   69.18      1.75     69.75      1.66     69.46
  109.18      1.59    105.37      1.95    107.27
   66.36      1.66     68.08      2.00     67.22
   93.04      1.61     87.13      1.55     90.09
   72.07      1.69     72.70      1.67     72.39
  106.46      1.61    104.51      1.83    105.48
   71.19      1.47     69.35      1.65     70.27
  104.55      1.63    102.26      1.50    103.40
   64.77      1.49     65.45      1.54     65.11
  100.79      1.84    100.48      1.38    100.64
   67.73      2.10     66.66      1.65     67.19
   98.79      1.58     97.78      1.78     98.28
   61.84      1.50     61.10      1.40     61.47
  108.15      1.65    108.01      1.66    108.08
   65.27      1.53     62.93      1.70     64.10
  108.43      1.60    107.57      1.53    108.00
   70.04      1.82     67.35      1.75     68.70
  103.97      1.47    104.90      1.58    104.43
   57.13      1.68     54.96      2.04     56.04
  114.97      1.67    113.72      1.93    114.34
   61.80      1.55     60.73      1.42     61.27
  112.29      1.74    111.25      1.53    111.77
   55.27      1.89     55.84      1.69     55.55
  120.41      1.78    117.46      1.73    118.94
   67.96      2.10     67.00      1.67     67.48
  111.31      1.63    108.96      1.65    110.14
   59.44      1.78     59.06      1.67     59.25
  108.43      1.75    107.50      1.55    107.97
   49.84      1.76     47.48      1.63     48.66
  107.86      1.61    106.52      1.55    107.19
   67.76      1.90     65.74      1.84     66.75
   99.17      1.71     98.36      1.66     98.76
   72.08      1.55     68.24      1.85     70.16
  102.01      1.66    100.76      1.58    101.38
   78.80      1.86     79.20      1.46     79.00
  109.35      1.50    107.82      1.81    108.58
   47.50      1.50     45.13      1.81     46.32
  106.13      1.62    105.65      1.45    105.89
   65.67      1.55     64.55      1.77     65.11
  105.82      1.59    106.87      1.53    106.34
   54.93      1.87     53.00      1.57     53.96
  111.30      1.74    111.14      1.54    111.22
   77.79      1.36     76.97      1.30     77.38
  102.09      1.84    101.11      1.61    101.60
   57.60      1.43     54.64      1.37     56.12
  111.09      1.75    108.74      1.53    109.92
   76.25      1.92     74.87      1.85     75.56
  102.05      1.60    100.58      1.63    101.31
   71.03      1.55     70.64      1.69     70.83
   93.54      1.66     92.95      1.51     93.25
   70.39      1.61     70.61      1.65     70.50
  118.22      1.76    116.24      1.59    117.23
   49.41      1.71     49.20      1.40     49.31
  111.36      1.66    110.58      1.85    110.97
   70.77      1.78     69.58      1.64     70.17
   97.85      1.75     96.28      1.58     97.06
   60.66      1.89     59.48      1.58     60.07
  115.28      1.70    116.28      1.78    115.78
   63.54      1.68     61.84      2.05     62.69
  114.85      1.75    114.06      1.74    114.45
   51.10      1.80     51.73      1.51     51.41
  103.38      1.77     99.09      1.58    101.23
   76.02      1.42     75.37      1.53     75.69
  102.89      1.63    101.34      1.64    102.12
   61.57      1.85     62.04      1.60     61.80
  111.87      1.73    111.74      1.68    111.81
   56.62      1.60     55.17      1.54     55.90
  114.47      1.67    110.42      1.58    112.45
   58.36      1.64     57.21      1.44     57.79
  105.58      1.65    104.18      1.47    104.88
   71.74      1.57     71.17      1.54     71.46
   97.05      1.59     96.68      1.94     96.86
   73.77      1.88     73.21      1.69     73.49
  110.85      2.04    109.47      1.87    110.16
  111.38      1.55    110.50      1.63    110.94
   58.80      1.50     57.68      1.52     58.24
   73.13      1.40     69.90      1.79     71.52
  105.42      1.71    105.32      1.59    105.37
   68.03      1.58     64.87      1.73     66.45
  100.29      1.46    100.04      1.63    100.16
   68.57      1.72     66.54      1.63     67.56
  119.53      1.64    118.15      1.68    118.84
   59.90      1.56     58.44      1.75     59.17
  144.03      1.89    139.19      1.67    141.61
    1.00      2.45      2.00      1.00      1.50
  132.90      2.12    132.39      1.74    132.64
   71.56      2.05     70.74      1.55     71.15
  102.42      1.66    101.93      1.60    102.17
   50.20      1.55     48.61      1.81     49.41
   89.84      1.81     93.09      1.52     91.47
   64.24      1.49     60.07      1.75     62.15
  110.36      1.52    108.11      1.68    109.24
   71.58      1.86     67.14      1.67     69.36
  107.05      1.66    108.28      1.86    107.66
   67.33      1.65     69.24      1.72     68.29
   99.37      1.69    100.75      1.60    100.06
   52.26      1.58     50.05      1.41     51.16
   98.16      1.81     97.99      1.59     98.07
   39.52      1.50     41.40      1.50     40.46
  116.11      1.87    112.08      1.53    114.09
   69.04      1.43     66.42      1.38     67.73
  109.06      1.70    109.44      1.50    109.25
   51.22      1.45     48.95      1.66     50.08
  118.91      1.68    118.81      1.59    118.86
   59.95      1.81     55.67      1.59     57.81
  116.72      1.72    116.82      1.57    116.77
   50.77      1.57     50.00      1.86     50.38
  112.49      1.74    110.09      1.58    111.29
   53.55      1.62     51.57      1.42     52.56
  116.70      1.68    115.27      1.81    115.98
   53.90      1.67     55.40      1.50     54.65
  111.52      1.66    108.00      1.53    109.76
   63.60      1.67     64.33      1.89     63.96
  119.73      1.83    115.98      1.64    117.85
   43.17      1.99     44.41      1.67     43.79
  114.49      1.96    113.80      1.46    114.15
   63.43      1.80     60.22      1.51     61.82
  118.07      1.58    116.81      1.55    117.44
   54.21      1.55     52.00      1.43     53.11
  111.40      1.73    109.16      1.51    110.28
   64.43      1.92     66.62      1.85     65.53
  110.70      2.14    107.92      2.06    109.31
   40.58      1.85     40.23      1.79     40.40
  122.37      2.08    118.03      1.53    120.20
   78.17      1.85     78.17      1.81     78.17
  106.37      1.69    103.87      1.91    105.12
   51.80      1.47     49.94      1.39     50.87
  109.13      1.72    108.65      1.60    108.89
   62.22      1.43     60.54      1.86     61.38
  109.60      1.41    108.36      1.54    108.98
   51.68      1.31     52.16      1.31     51.92
  113.26      1.86    109.23      1.93    111.25
   57.08      1.79     56.31      1.51     56.69
  126.82      1.56    124.62      1.87    125.72
   52.11      1.55     49.05      1.62     50.58
  105.78      1.71    105.82      1.59    105.80
   65.00      1.73     64.07      1.54     64.53
  111.83      1.75    112.63      1.51    112.23
   42.24      1.26     40.17      1.62     41.20
  118.40      1.87    118.03      1.66    118.21
   64.21      1.63     61.89      1.78     63.05
  114.85      1.72    114.09      1.45    114.47
   49.71      1.42     50.00      1.46     49.85
  109.11      1.80    107.23      1.74    108.17
   72.00      1.55     69.84      1.45     70.92
  111.78      1.55    111.73      1.65    111.75
   39.53      1.48     35.15      1.57     37.34
  123.28      1.96    122.44      1.80    122.86
   72.52      1.63     72.37      1.82     72.44
   99.21      1.66     98.67      1.57     98.94
   51.81      1.58     51.08      1.63     51.45
  108.94      1.75    105.89      1.82    107.42
   79.61      1.53     80.10      1.50     79.85
  109.86      1.52    108.37      1.53    109.12
   46.19      1.69     44.43      1.42     45.31
  112.29      1.88    111.08      1.89    111.69
   82.21      1.49     83.31      1.75     82.76
  101.66      1.66     98.88      1.60    100.27
   55.21      1.44     52.59      1.45     53.90
  113.25      1.83    111.10      1.27    112.17
   57.03      1.68     55.61      1.50     56.32
  108.22      1.75    107.99      1.53    108.10
   51.03      1.55     49.33      1.36     50.18
  112.59      1.78    111.56      1.63    112.07
   74.05      1.69     74.14      1.65     74.09
  116.36      1.91    114.65      1.67    115.50
   35.69      1.51     34.03      1.68     34.86
  114.80      1.52    112.17      1.44    113.48
   88.31      1.73     88.95      1.35     88.63
  103.14      1.84    104.04      1.46    103.59
   40.29      1.27     37.31      1.32     38.80
  123.50      1.52    120.32      1.58    121.91
   64.96      2.02     64.64      1.87     64.80
  109.67      1.80    106.41      1.46    108.04
   48.62      1.51     46.89      1.59     47.76
  113.05      1.79    109.91      1.99    111.48
   64.96      1.75     65.42      1.57     65.19
  113.94      1.79    112.78      1.65    113.36
   47.16      1.69     44.43      1.33     45.79
  114.53      1.74    115.59      1.62    115.06
   58.85      1.55     58.62      1.20     58.74
  120.74      1.62    120.34      1.58    120.54
   40.04      1.63     42.90      1.38     41.47
  105.67      1.64    103.12      1.81    104.40
   72.35      1.51     71.25      1.40     71.80
  116.96      1.82    114.66      1.54    115.81
   50.26      1.62     49.20      1.58     49.73
  109.38      1.73    107.58      1.61    108.48
   73.49      1.60     72.00      1.81     72.75
  101.63      1.38    100.86      1.43    101.25
   44.77      1.68     44.67      1.44     44.72
  104.08      1.86    101.78      1.83    102.93
   63.61      1.59     65.30      1.93     64.46
  129.33      1.59    125.57      1.51    127.45
   50.12      1.69     52.80      1.75     51.46
  103.99      1.60    100.79      1.42    102.39
   63.98      1.65     64.97      1.63     64.48
  108.50      1.75    107.16      1.74    107.83
   50.26      1.55     51.64      1.52     50.95
  109.44      1.70    108.74      1.93    109.09
   70.83      1.80     66.71      2.34     68.77
  110.90      1.64    109.41      1.68    110.16
   46.47      1.29     44.42      1.68     45.44
  130.84      1.63    129.14      1.62    129.99
   52.65      1.50     51.89      1.64     52.27
  108.27      1.67    105.38      1.60    106.83
   56.91      1.63     56.97      1.65     56.94
  112.23      1.67    110.19      1.56    111.21
   61.22      1.63     59.07      1.41     60.14
  110.16      1.51    111.54      1.60    110.85
   55.38      1.68     56.77      1.49     56.08
  121.56      1.60    121.59      1.66    121.58
   59.08      1.60     57.55      1.70     58.32
  113.68      1.64    110.62      1.70    112.15
   54.09      1.80     52.96      1.50     53.53
  113.21      1.55    110.90      1.68    112.05
   69.18      1.72     66.04      1.80     67.61
  103.89      1.61    104.46      1.62    104.18
   35.93      1.69     36.44      1.98     36.19
  122.74      1.67    119.36      1.39    121.05
   69.09      1.82     68.76      1.73     68.93
  109.18      1.57    107.39      1.60    108.28
   41.37      1.77     40.55      1.21     40.96
  116.25      1.93    115.48      1.52    115.87
   67.98      1.65     65.97      1.69     66.97
  111.57      1.76    111.09      1.50    111.33
   39.18      1.48     38.35      1.51     38.76
  109.90      1.72    106.63      1.63    108.27
   75.14      1.78     76.11      1.55     75.63
  106.69      1.55    106.66      1.65    106.68
   49.36      1.42     45.64      1.52     47.50
  120.40      1.67    119.26      1.75    119.83
   69.98      1.80     65.32      1.75     67.65
  115.91      1.59    116.44      1.52    116.17
   33.94      1.50     32.94      1.49     33.44
  117.65      1.57    115.94      1.59    116.79
   64.34      1.72     65.15      1.70     64.74
  124.71      1.56    122.20      1.52    123.46
   28.60      1.40     29.29      1.54     28.95
  133.29      1.49    132.12      1.54    132.71
   54.59      1.66     54.96      1.73     54.78
  121.18      1.62    117.47      1.55    119.33
   53.51      1.46     52.41      1.67     52.96
  100.54      1.47     98.62      1.85     99.58
   77.18      1.60     76.33      1.49     76.75
  117.79      1.79    114.58      1.97    116.19
   41.51      1.55     39.23      1.22     40.37
  120.44      1.66    120.24      1.83    120.34
   68.58      1.87     68.30      1.54     68.44
   97.89      1.78     97.30      1.92     97.59
   52.50      1.56     52.88      2.05     52.69
  111.86      5.51    111.47      1.62    111.67
   73.10      1.29     71.08      1.75     72.09
  113.16      7.65    110.67      5.83    111.92
   43.34      1.47     43.04      1.59     43.19
  109.15      1.87    109.05      1.51    109.10
   82.35      1.50     79.69      1.75     81.02
   98.59      1.88     95.47      1.85     97.03
   63.04      1.65     62.93      1.39     62.98
  102.94      1.87    102.05      1.74    102.49
   80.87      1.54     77.87      1.70     79.37
  115.61      1.72    114.55      1.61    115.08
   42.94      1.31     41.63      1.71     42.29
  112.44      1.54    113.37      1.66    112.90
   66.13      1.33     63.38      1.46     64.75
  109.91      1.54    108.68      1.84    109.30
   43.27      1.33     43.87      1.42     43.57
  119.34      1.59    118.78      1.65    119.06
   70.39      1.43     69.63      1.46     70.01
  101.27      1.44     98.49      1.65     99.88
   56.73      1.50     57.59      1.48     57.16
  118.26      1.62    119.42      1.53    118.84
   56.25      1.59     54.40      1.40     55.32
  121.34      1.60    119.91      1.48    120.63
   48.89      1.35     47.00      1.28     47.94
  111.80      1.66    107.58      1.62    109.69
   64.54      1.70     64.02      1.41     64.28
  111.10      1.63    108.88      1.73    109.99
   39.55      1.42     38.85      1.21     39.20
  123.37      1.47    122.94      1.47    123.15
   54.52      1.84     54.38      1.51     54.45
  122.22      1.62    122.35      1.79    122.29
   40.50      1.50     39.67      1.55     40.08
  119.23      2.20    121.88      2.32    120.56
   61.00      2.30     57.18      1.66     59.09
  116.01      1.67    113.88      1.81    114.94
   50.09      1.80     48.23      1.68     49.16
  120.27      1.50    120.61      1.64    120.44
   54.08      1.69     50.91      1.40     52.49
  116.21      1.88    113.43      1.74    114.82
   62.51      1.43     62.33      1.65     62.42
   90.57      1.49     88.33      1.44     89.45
   71.26      1.78     69.25      1.79     70.26
  117.83      2.05    117.79      1.85    117.81
   40.49      1.57     40.10      1.67     40.29
  117.60      1.70    115.49      1.67    116.54
   63.71      1.68     61.92      1.39     62.81
  113.49      1.75    112.52      1.58    113.01
   53.83      1.91     53.70      1.57     53.76
  119.14      1.74    115.10      1.50    117.12
   62.74      1.55     61.98      1.64     62.36
  117.13      1.78    117.00      1.63    117.06
   39.21      1.69     38.00      1.71     38.60
  121.81      1.67    120.32      1.66    121.06
   72.23      1.68     73.11      1.45     72.67
  116.78      1.68    113.49      1.68    115.14
   38.92      1.55     38.30      1.31     38.61
  119.30      2.14    120.67      2.65    119.99
   55.32      2.01     51.24      2.52     53.28
  105.08      1.65    103.91      1.53    104.49
   60.61      1.57     57.30      1.75     58.95
  113.67      1.60    113.71      1.55    113.69
   59.36      1.67     58.73      1.75     59.05
  127.66      1.61    128.26      1.61    127.96
   48.20      1.60     45.91      1.36     47.06
  108.49      1.59    108.29      1.74    108.39
   71.80      1.72     70.63      1.59     71.21
  105.42      1.70    104.40      1.78    104.91
   63.48      1.75     62.97      1.69     63.23
  106.80      1.71    103.76      1.58    105.28
   70.28      1.72     73.38      1.54     71.83
  104.58      1.66    101.21      1.80    102.90
   42.39      1.61     42.15      1.48     42.27
  123.00      1.79    121.60      1.84    122.30
   74.09      1.77     75.79      1.59     74.94
  100.27      1.92     99.72      1.76     99.99
   45.67      1.55     43.56      1.63     44.62
  121.48      1.83    119.22      1.95    120.35
   68.97      1.67     68.72      1.58     68.84
  112.58      1.73    112.02      1.71    112.30
   38.87      1.52     34.75      1.81     36.81
  112.78      1.56    115.00      1.57    113.89
   78.49      1.71     75.99      1.74     77.24
  110.43      1.68    107.71      1.91    109.07
   53.68      1.48     52.83      1.57     53.25
   99.33      1.61     97.74      1.66     98.53
   75.18      1.46     71.03      1.77     73.10
  125.76      1.87    126.80      1.88    126.28
   42.79      1.64     41.29      1.52     42.04
  121.49      1.54    121.51      1.77    121.50
   56.44      1.70     53.54      2.03     54.99
  116.86      1.68    115.21      1.78    116.04
   46.15      1.53     46.96      1.43     46.55
  115.12      1.72    113.43      1.67    114.27
   70.95      1.75     72.27      1.88     71.61
  113.67      1.72    110.00      1.69    111.83
   42.68      1.53     43.23      1.63     42.95
  125.00      1.87    122.34      1.64    123.67
   57.10      1.98     57.11      1.24     57.11
  104.93      1.71    101.57      1.58    103.25
   63.31      1.63     61.16      1.67     62.24
  115.37      1.39    115.95      1.59    115.66
   55.29      1.71     55.65      1.73     55.47
  112.42      1.56    111.14      1.72    111.78
   66.62      1.78     68.02      1.53     67.32
   99.19      1.48     96.61      1.50     97.90
   61.68      1.90     61.62      1.74     61.65
  122.65      1.81    124.33      2.00    123.49
   51.00      1.94     46.43      1.48     48.72
  118.19      1.47    114.74      1.53    116.46
   67.14      1.56     68.13      1.98     67.63
  106.70      1.77    106.22      1.70    106.46
   50.81      1.43     48.67      1.43     49.74
  122.74      1.52    123.13      1.65    122.94
   58.57      1.55     56.64      1.37     57.61
  115.39      1.46    113.21      1.55    114.30
   48.47      1.29     48.64      1.69     48.55
  116.39      1.62    115.46      1.60    115.93
   56.75      1.71     53.47      1.38     55.11
  114.59      1.55    115.53      1.68    115.06
   57.70      1.68     55.08      1.20     56.39
  110.03      1.67    108.18      1.63    109.10
   53.34      1.56     54.35      1.50     53.84
  133.65      1.60    131.50      1.63    132.58
   39.19      1.89     39.14      1.51     39.17
  110.41      1.63    108.98      1.84    109.69
   69.78      1.72     67.94      1.82     68.86
  112.15      1.49    110.12      1.51    111.13
   51.96      1.81     51.65      1.70     51.80
  115.77      1.86    113.85      1.76    114.81
   66.12      1.54     66.81      1.58     66.47
  102.41      1.64    101.76      1.84    102.09
   58.80      1.49     58.66      1.56     58.73
  102.30      1.59    100.88      1.61    101.59
   73.21      1.49     73.91      1.52     73.56
  120.70      1.52    119.08      1.77    119.89
   42.53      1.71     41.24      1.37     41.89
  110.92      1.44    108.04      1.89    109.48
   63.81      1.66     62.24      1.51     63.03
  120.90      1.63    119.88      1.69    120.39
   54.77      1.63     54.15      1.61     54.46
  107.10      1.50    103.96      1.67    105.53
   74.51      1.64     73.16      1.68     73.84
  110.60      1.56    109.55      1.65    110.07
   46.81      1.52     44.81      1.53     45.81
  105.21      1.87    103.25      1.48    104.23
   66.65      1.45     64.59      1.54     65.62
  115.39      1.59    114.19      1.43    114.79
   49.62      1.68     47.74      1.69     48.68
  111.82      1.78    112.03      1.60    111.92
   87.64      1.94     85.21      1.51     86.43
  112.43      1.82    114.61      1.85    113.52
   38.65      1.71     35.97      1.93     37.31
  113.66      1.66    111.69      1.59    112.67
   68.38      1.89     66.26      1.27     67.32
  110.85      1.72    109.53      1.52    110.19
   49.38      1.73     50.81      1.72     50.10
  102.41      1.61    100.98      1.48    101.70
   74.75      1.62     76.47      1.53     75.61
  104.74      1.65    100.52      1.66    102.63
   43.20      1.52     42.47      1.63     42.83
  119.77      1.71    119.51      1.61    119.64
   76.66      1.68     76.40      1.80     76.53
  105.16      1.89    106.30      1.63    105.73
   46.09      1.38     42.59      1.64     44.34
  104.75      1.69    102.20      1.65    103.47
   70.29      1.48     72.42      1.70     71.36
  114.01      1.70    112.47      1.60    113.24
   49.38      1.65     48.05      1.25     48.71
  117.80      1.75    117.62      1.83    117.71
   66.83      1.68     65.17      1.74     66.00
  111.78      1.64    112.01      1.67    111.90
   40.80      1.86     40.13      1.86     40.46
  110.84      1.95    108.45      1.98    109.65
   84.80      1.75     82.45      2.30     83.63
  110.77      2.00    108.06      1.81    109.41
   50.83      1.87     50.80      1.89     50.82
  117.64      2.00    116.74      1.73    117.19
   57.58      1.41     55.81      1.87     56.70
  126.47      2.15    124.09      1.61    125.28
   44.20      1.60     45.06      1.45     44.63
  116.59      1.65    113.86      1.53    115.22
   70.04      1.78     68.79      1.70     69.41
  105.78      1.75    103.54      1.61    104.66
   34.81      1.36     35.25      1.45     35.03
  115.72      1.70    116.12      1.55    115.92
   59.04      1.76     55.79      1.50     57.42
  125.76      1.83    124.49      2.07    125.12
   40.52      1.90     39.53      1.50     40.02
  121.64      1.50    122.61      1.69    122.13
   64.32      1.47     61.27      1.84     62.79
  115.89      1.88    113.22      1.83    114.55
   45.57      1.48     44.62      1.84     45.09
  113.49      1.57    111.91      1.80    112.70
   71.33      1.78     67.27      1.53     69.30
  107.27      1.45    105.27      1.63    106.27
   46.84      1.76     47.20      1.58     47.02
  115.46      1.50    113.85      1.65    114.65
   55.77      1.87     55.77      1.79     55.77
  120.27      1.58    120.09      1.62    120.18
   34.33      1.60     33.86      1.46     34.10
  122.93      2.07    122.04      1.80    122.48
   62.58      1.73     62.97      1.91     62.77
  124.95      1.77    119.96      1.83    122.45
   33.52      1.47     33.62      1.55     33.57
  120.04      1.86    119.75      1.47    119.90
   76.86      1.58     76.83      1.49     76.84
  108.44      1.68    108.66      1.69    108.55
   42.40      1.56     41.25      1.64     41.83
  119.93      1.62    118.58      1.59    119.26
   67.45      1.66     65.86      1.49     66.65
  113.37      1.91    108.44      1.51    110.90
   45.47      1.55     46.76      1.52     46.11
  121.54      1.70    121.19      1.69    121.37
   58.04      1.55     55.87      1.48     56.96
  120.50      1.72    118.36      1.79    119.43
   46.00      1.65     46.25      1.32     46.12
  118.12      1.72    116.84      1.36    117.48
   60.56      1.51     58.39      1.73     59.48
  110.25      1.74    111.69      1.55    110.97
   43.42      1.28     41.87      1.42     42.65
  109.57      1.54    107.40      1.69    108.48
   75.35      1.84     74.94      1.66     75.15
  109.88      1.57    108.61      1.82    109.24
   50.07      1.83     52.11      1.87     51.09
  108.79      1.98    103.38      1.74    106.08
   59.26      1.70     62.89      1.61     61.08
  126.20      1.65    125.29      1.58    125.75
   41.05      1.56     36.17      1.62     38.61
  107.79      1.52    108.22      1.80    108.01
   66.06      1.67     64.48      1.55     65.27
  110.90      1.63    110.26      1.69    110.58
   39.06      1.15     37.43      1.42     38.24
  122.73      1.67    119.42      1.58    121.07
   71.55      1.76     71.81      1.50     71.68
  115.11      1.69    113.38      1.53    114.24
   47.76      1.85     46.37      1.96     47.07
  116.81      1.54    117.31      1.73    117.06
   66.33      1.82     63.59      1.59     64.96
  111.09      1.79    113.00      1.67    112.04
   51.04      1.70     50.18      1.23     50.61
  113.33      1.71    112.83      1.78    113.08
   57.71      1.51     57.88      1.24     57.80
  120.66      1.66    118.86      1.36    119.76
   36.10      1.59     34.62      1.84     35.36
  122.45      1.46    123.60      1.62    123.03
   71.06      1.72     68.46      1.55     69.76
  116.94      2.64    118.21      2.60    117.57
   48.06      2.47     45.61      2.76     46.83
  102.06      1.69    100.34      1.65    101.20
   74.80      1.67     74.75      1.55     74.78
  112.30      1.84    110.43      1.71    111.36
   41.22      1.40     42.64      1.67     41.93
  126.25      1.75    122.44      1.77    124.34
   76.77      1.67     75.94      1.78     76.36
   97.70      1.95     97.68      2.02     97.69
   49.17      1.64     48.28      1.78     48.73
  117.77      1.76    116.24      1.89    117.01
   54.76      2.12     52.91      1.70     53.83
  115.71      1.86    115.85      1.80    115.78
   46.63      1.65     44.41      1.60     45.52
  116.24      1.54    115.04      1.54    115.64
   76.71      1.37     75.84      1.54     76.28
  118.65      1.60    117.76      1.62    118.21
   31.14      1.68     31.40      1.78     31.27
  119.55      1.65    116.79      1.67    118.17
   69.70      1.55     70.48      1.62     70.09
  107.04      1.54    104.41      1.71    105.73
   37.98      1.54     37.39      1.29     37.68
  125.29      1.82    124.76      1.63    125.03
   69.76      1.72     68.29      1.53     69.02
  109.29      1.58    107.60      1.43    108.44
   44.02      1.52     45.52      1.21     44.77
  116.81      1.55    113.50      1.57    115.16
   52.06      1.91     51.80      1.55     51.93
  125.52      2.08    125.39      2.08    125.46
   50.91      2.48     50.40      2.00     50.65
  115.13      1.72    113.54      1.51    114.33
   71.78      1.43     71.19      1.66     71.49
  107.98      1.54    104.68      1.65    106.33
   36.73      1.34     36.68      1.49     36.71
  127.13      1.66    124.18      1.59    125.66
   59.70      1.49     61.07      1.44     60.38
  125.60      1.63    119.63      1.70    122.62
   39.37      1.65     40.33      1.52     39.85
  101.21      1.63     99.61      1.85    100.41
   74.74      1.61     74.77      1.48     74.76
  117.39      1.69    115.70      1.68    116.55
   34.67      1.80     35.52      1.50     35.09
  119.02      1.81    118.17      1.71    118.59
   80.73      1.73     77.41      1.51     79.07
   97.72      1.67     96.67      1.60     97.19
   52.65      1.40     53.84      1.54     53.25
  118.19      1.75    114.04      1.76    116.11
   56.00      1.46     55.04      1.48     55.52
  118.14      1.68    119.31      1.46    118.72
   37.26      1.67     33.17      1.76     35.22
  123.72      1.76    122.38      1.70    123.05
   64.05      1.41     60.89      1.57     62.47
  110.81      1.51    111.97      1.52    111.39
   43.29      1.63     43.00      1.61     43.15
  118.88      1.57    117.41      1.41    118.15
   85.10      1.92     83.72      1.80     84.41
  107.37      1.61    103.87      1.48    105.62
   46.84      1.35     45.78      1.70     46.31
  105.83      1.70    104.89      1.42    105.36
   74.67      1.43     72.94      1.54     73.80
  104.37      1.77    104.09      1.54    104.23
   48.54      1.84     47.46      1.66     48.00
  113.41      1.61    110.68      1.57    112.05
   68.29      1.97     68.53      1.84     68.41
  112.07      1.75    110.00      1.73    111.04
   41.26      1.41     42.41      1.62     41.83
  124.18      1.72    122.56      1.59    123.37
   68.91      1.62     70.34      1.68     69.63
  107.91      1.74    104.56      1.57    106.23
   52.90      1.82     51.04      1.27     51.97
  101.98      1.73     98.27      1.57    100.13
   61.48      1.47     61.28      1.70     61.38
  121.28      1.64    119.68      1.76    120.48
   48.57      1.72     49.44      1.57     49.01
  124.30      1.59    122.82      1.51    123.56
   75.78      1.58     74.93      1.44     75.35
   98.49      1.67     98.22      1.64     98.36
   35.60      1.47     34.38      1.70     34.99
  120.39      1.60    118.88      1.58    119.63
   62.00      1.82     61.31      1.73     61.66
  107.23      1.64    107.43      1.49    107.33
   32.13      1.75     31.34      1.39     31.74
  133.18      1.83    130.02      1.85    131.60
   71.71      1.83     71.67      1.47     71.69
  112.90      1.74    111.42      1.61    112.16
   41.15      1.57     41.90      1.27     41.53
  106.98      1.47    103.26      1.71    105.12
   63.98      1.23     64.84      1.76     64.41
  131.76      1.83    129.26      1.94    130.51
   73.32      1.69     73.62      1.75     73.47
   89.20      1.76     87.29      1.57     88.25
   78.34      2.01     79.46      1.96     78.90
  100.17      1.37     97.53      1.53     98.85
   88.07      2.34     88.53      1.69     88.30
   85.12      1.68     83.34      1.91     84.23
   61.61      1.46     61.34      1.59     61.47
  122.14      2.11    122.64      1.79    122.39
   58.68      1.70     54.83      1.59     56.76
  128.39      1.79    127.29      1.88    127.84
   37.62      1.64     35.49      1.76     36.55
   91.87      1.85     93.62      1.81     92.75
   79.06      2.15     76.90      1.90     77.98
  112.11      2.33    109.96      1.83    111.03
   57.48      1.91     58.22      1.66     57.85
  108.17      1.74    105.39      1.47    106.78
   59.28      1.92     57.33      1.53     58.30
  146.32      1.87    145.09      1.58    145.70
   21.94      1.55     21.21      1.82     21.58
  111.92      1.58    112.22      1.92    112.07
   75.49      1.55     77.82      1.47     76.66
   89.66      1.65     87.12      1.54     88.39
   77.75      1.30     77.24      1.75     77.49
   85.91      1.66     86.28      1.52     86.10
