 2152.37  2128.57  2156.36  2160.62  2138.28  2154.47  2110.59  2109.48  2255.13 
 2102.13  2062.53  2109.15  2085.03  2085.82  2113.67  2066.95  2076.70  2188.97 
 2156.97  2137.60  2124.14  2182.31  2143.99  2157.82  2088.33  2094.11  2222.34 
 2118.10  2016.62  2139.58  2154.28  2028.93  2082.66  2114.44  2038.88  2198.66 
 2162.00  2131.28  2136.69  2172.36  2099.56  2137.00  2100.32  2134.48  2240.18 
 2086.84  2029.32  2127.65  2065.90  2050.76  2064.60  2098.59  2027.14  2196.75 
 2153.46  2113.40  2174.24  2138.10  2111.82  2164.13  2114.76  2120.08  2218.34 
 2077.53  2097.40  2103.30  2113.72  2064.64  2095.52  2079.68  2055.49  2187.57 
 2091.42  2133.00  2181.70  2203.13  2109.56  2143.98  2117.85  2077.46  2192.28 
 2075.16  2072.36  2120.34  2063.83  2054.53  2136.18  2060.76  2044.94  2190.76 
 2153.19  2110.68  2163.97  2137.47  2136.59  2206.36  2141.84  2090.76  2209.08 
 2086.23  2063.75  2112.27  2114.70  2111.82  2097.48  2050.57  2011.65  2148.23 
 2137.54  2123.49  2164.18  2199.48  2129.04  2162.05  2116.70  2107.34  2217.65 
 2131.36  2028.26  2112.01  2094.81  2129.06  2072.04  2061.13  2066.06  2179.97 
 2133.93  2140.64  2153.01  2148.00  2162.45  2137.84  2170.61  2100.16  2229.13 
 2116.86  2073.99  2103.58  2146.01  2041.68  2131.96  2073.00  2067.17  2193.66 
 2135.86  2139.96  2157.82  2130.99  2115.48  2186.43  2150.72  2112.10  2231.98 
 2093.62  2058.56  2093.07  2122.84  2066.29  2081.84  2104.65  2020.34  2191.17 
 2130.94  2114.24  2096.15  2169.64  2124.61  2135.93  2129.17  2097.53  2237.99 
 2105.53  2073.58  2130.24  2129.71  2040.63  2097.55  2103.80  2036.47  2197.17 
 2146.21  2140.18  2127.51  2135.03  2103.79  2178.93  2158.66  2102.70  2219.81 
 2100.99  2072.55  2134.76  2091.74  2063.39  2076.59  2034.41  2056.50  2195.33 
 2146.93  2171.21  2139.92  2160.75  2122.72  2117.53  2137.98  2092.80  2254.51 
 2113.02  2090.68  2084.78  2092.76  2087.29  2114.41  2091.91  2055.76  2192.67 
 2156.14  2110.57  2186.65  2151.09  2157.91  2123.90  2119.49  2119.43  2181.16 
 2041.17  2104.58  2119.20  2149.56  2055.84  2078.43  2091.82  2026.44  2185.57 
 2137.89  2150.30  2160.21  2202.00  2159.85  2186.24  2177.63  2107.91  2218.00 
 2117.59  2097.12  2107.99  2147.10  2138.31  2121.60  2091.96  2044.89  2143.25 
 2160.64  2147.77  2145.61  2177.09  2176.51  2160.40  2103.64  2126.98  2240.66 
 2049.16  2079.23  2101.60  2117.43  2096.50  2120.04  2099.82  2084.60  2191.00 
 2105.63  2140.65  2183.40  2159.50  2144.73  2133.70  2119.38  2085.58  2219.55 
 2049.63  2114.59  2117.51  2125.57  2090.70  2116.77  2068.47  2043.79  2195.59 
 2168.16  2126.06  2171.39  2171.41  2128.68  2157.25  2117.35  2080.81  2225.19 
 2139.03  2097.94  2102.13  2134.46  2057.68  2103.36  2067.24  2066.20  2196.33 
 2156.16  2110.18  2169.33  2163.51  2134.84  2131.09  2111.71  2094.64  2215.44 
 2097.85  2076.81  2107.07  2100.23  2104.16  2100.11  2101.32  2062.59  2215.84 
 2163.09  2144.75  2129.15  2193.61  2121.65  2162.96  2121.59  2109.34  2236.47 
 2136.13  2064.44  2109.46  2145.29  2100.97  2121.10  2096.62  2054.76  2167.87 
 2164.64  2131.78  2173.44  2172.39  2156.02  2198.14  2169.62  2108.73  2231.86 
 2113.37  2098.04  2107.83  2117.14  2048.55  2107.24  2109.92  2074.97  2171.22 
 2164.80  2143.87  2160.70  2187.69  2113.83  2147.03  2135.15  2118.69  2233.91 
 2120.57  2042.05  2104.99  2125.04  2103.15  2125.51  2038.68  2092.01  2168.82 
 2118.17  2157.54  2105.57  2192.93  2132.59  2180.01  2164.01  2097.36  2218.60 
 2106.08  2051.65  2078.38  2077.79  2057.09  2093.43  2084.83  2041.00  2220.70 
 2110.30  2127.20  2163.62  2131.11  2114.66  2177.18  2118.00  2077.85  2206.99 
 2111.98  2064.27  2096.65  2172.24  2067.77  2130.24  2132.79  2010.28  2178.81 
 2136.12  2132.37  2181.58  2155.07  2153.71  2147.75  2137.92  2112.36  2216.30 
 2106.98  2051.19  2064.33  2171.79  2064.66  2118.27  2082.74  2002.16  2178.36 
 2110.25  2099.66  2170.52  2171.80  2134.02  2166.53  2185.75  2113.73  2236.87 
 2126.00  2079.49  2086.11  2075.87  2069.43  2104.20  2108.23  2049.50  2192.03 
 2121.23  2116.97  2164.30  2203.67  2138.55  2143.89  2108.75  2101.96  2265.68 
 2073.73  2088.03  2139.27  2114.03  2141.06  2066.15  2108.01  2061.04  2179.08 
 2152.71  2095.54  2148.51  2184.19  2127.55  2160.82  2124.01  2111.76  2224.19 
 2091.47  2076.09  2113.03  2078.89  2085.55  2136.72  2043.28  2054.23  2188.97 
 2157.13  2103.07  2165.29  2152.29  2120.36  2144.75  2106.49  2117.03  2235.60 
 2067.94  2080.55  2088.11  2127.91  2079.95  2091.66  2096.33  2065.14  2201.40 
 2187.79  2151.52  2150.88  2173.92  2150.45  2142.43  2129.88  2114.50  2231.72 
 2064.32  2061.72  2140.05  2117.22  2083.11  2083.09  2051.16  2056.09  2191.58 
 2133.59  2136.55  2178.11  2180.80  2179.98  2151.61  2134.36  2103.58  2228.89 
 2109.93  2067.93  2068.94  2133.48  2082.57  2072.71  2050.33  2027.64  2215.64 
 2125.88  2131.43  2137.71  2180.23  2141.88  2172.99  2100.97  2123.46  2233.34 
 2121.15  2048.64  2121.42  2105.41  2083.44  2120.71  2050.73  2068.03  2189.42 
 2144.82  2099.31  2185.16  2185.43  2164.16  2131.25  2134.21  2108.67  2221.61 
 2146.24  2103.42  2086.10  2135.03  2071.19  2117.17  2119.41  2021.50  2177.94 
 2110.28  2122.66  2166.36  2190.55  2143.16  2174.36  2127.62  2086.41  2226.26 
 2130.62  2113.29  2071.90  2118.25  2068.19  2133.12  2078.57  2089.40  2186.17 
 2124.32  2133.43  2157.41  2146.42  2084.05  2171.14  2133.53  2078.66  2202.37 
 2090.62  2047.95  2109.73  2086.49  2082.58  2094.40  2032.88  2014.98  2223.87 
 2184.80  2149.31  2153.95  2188.66  2181.56  2154.64  2119.94  2091.70  2211.11 
 2091.80  2059.53  2115.44  2130.95  2094.46  2070.93  2086.16  2040.34  2175.97 
 2147.65  2108.85  2155.14  2186.65  2131.90  2155.18  2145.32  2115.73  2203.67 
 2129.50  2047.04  2108.57  2097.17  2057.29  2113.04  2063.26  2027.32  2181.35 
 2158.72  2143.95  2177.99  2166.62  2128.49  2144.68  2118.61  2137.40  2228.41 
 2076.53  2100.06  2112.01  2125.08  2085.11  2130.19  2055.25  2070.60  2208.37 
 2146.47  2164.55  2157.57  2162.88  2147.52  2176.66  2125.07  2139.68  2233.63 
 2050.91  2070.09  2087.66  2115.48  2100.65  2089.72  2075.11  2011.61  2172.17 
 2164.81  2105.44  2172.53  2176.42  2144.98  2158.95  2160.59  2130.24  2249.95 
 2055.76  2058.75  2098.33  2145.08  2060.08  2113.29  2082.71  2074.43  2201.42 
 2136.55  2119.71  2159.58  2153.48  2158.53  2144.24  2108.78  2133.84  2215.94 
 2082.10  2061.13  2114.55  2113.97  2089.32  2057.18  2045.82  2047.41  2148.45 
 2121.90  2089.67  2130.27  2173.60  2142.14  2185.39  2134.51  2139.82  2248.41 
 2077.44  2074.46  2149.30  2101.85  2067.21  2141.21  2067.18  2042.89  2165.18 
 2141.42  2124.29  2161.18  2159.95  2148.53  2162.88  2126.96  2092.22  2189.98 
 2068.57  2077.62  2092.49  2116.12  2046.16  2099.82  2081.89  2042.37  2188.79 
 2129.26  2160.52  2186.82  2170.14  2132.94  2153.61  2161.69  2115.43  2230.09 
 2102.86  2101.77  2091.32  2093.45  2114.45  2100.51  2096.44  2052.33  2173.92 
 2105.28  2147.98  2157.01  2098.89  2129.19  2187.96  2090.74  2130.23  2244.26 
 2114.58  2081.49  2087.35  2132.05  2081.16  2078.33  2063.23  2028.32  2172.47 
 2165.82  2120.85  2171.74  2184.10  2121.85  2131.91  2061.03  2099.54  2244.24 
 2098.19  2107.20  2118.91  2143.31  2095.28  2092.74  2091.14  2072.47  2176.43 
 2116.12  2128.06  2118.82  2185.97  2164.39  2191.13  2127.21  2122.48  2229.07 
 2126.81  2054.35  2075.26  2091.43  2068.37  2093.43  2097.32  2053.65  2128.15 
 2145.48  2137.91  2165.54  2195.52  2124.37  2145.03  2101.43  2116.59  2220.32 
 2122.08  2069.56  2115.49  2126.96  2089.99  2088.67  2120.73  2062.76  2207.44 
 2146.11  2139.81  2135.67  2172.16  2130.20  2143.53  2139.77  2118.02  2265.89 
 2072.72  2079.85  2101.57  2144.68  2086.97  2097.97  2063.11  2058.12  2175.65 
 2118.22  2121.62  2130.05  2147.87  2101.06  2134.94  2126.44  2123.48  2240.32 
 2080.80  2078.45  2098.75  2133.60  2104.53  2092.77  2076.09  2054.28  2198.15 
 2128.81  2137.15  2185.74  2160.77  2149.39  2178.67  2126.25  2118.28  2259.18 
 2075.15  2122.44  2112.88  2136.62  2056.35  2087.62  2099.45  2059.59  2223.21 
 2147.30  2129.82  2164.19  2191.00  2132.98  2113.39  2117.95  2127.60  2219.30 
 2079.94  2071.79  2096.88  2079.50  2074.55  2096.16  2079.58  2074.04  2210.81 
 2145.35  2157.37  2161.95  2157.72  2134.90  2172.81  2125.81  2130.86  2235.98 
 2094.04  2079.06  2108.87  2150.59  2069.96  2134.13  2137.04  2049.34  2203.02 
 2127.94  2088.36  2148.03  2172.03  2135.04  2137.68  2134.33  2100.62  2212.28 
 2070.16  2109.20  2084.57  2094.37  2104.48  2080.76  2073.05  2060.96  2159.61 
 2137.39  2092.42  2156.29  2167.50  2120.70  2176.39  2186.09  2133.51  2221.12 
 2123.99  2044.46  2103.36  2142.84  2074.93  2099.49  2065.19  2074.98  2222.40 
 2098.65  2142.04  2132.43  2127.65  2144.84  2165.74  2145.26  2080.73  2221.34 
 2104.27  2059.20  2096.24  2104.13  2106.34  2114.77  2064.16  2033.12  2152.27 
 2154.45  2122.09  2160.97  2184.89  2154.16  2181.96  2123.64  2096.85  2270.87 
 2088.86  2100.92  2080.18  2104.38  2043.46  2073.67  2065.49  2041.34  2174.55 
 2145.35  2095.98  2141.88  2161.48  2153.81  2152.38  2095.66  2110.67  2230.47 
 2071.26  2104.05  2083.00  2093.21  2051.90  2065.97  2086.98  2044.41  2217.22 
 2136.81  2124.26  2133.88  2190.51  2122.65  2107.44  2159.18  2116.18  2225.32 
 2060.61  2031.67  2069.25  2115.93  2122.65  2088.08  2125.28  2033.74  2178.87 
 2132.44  2149.47  2171.38  2168.42  2153.10  2145.50  2129.67  2086.88  2224.17 
 2083.57  2087.92  2114.88  2145.59  2052.05  2138.27  2074.41  2035.61  2139.09 
 2121.09  2133.88  2165.81  2167.14  2124.37  2116.29  2123.99  2080.19  2221.46 
 2091.75  2057.88  2103.93  2106.15  2100.05  2101.53  2061.99  2058.23  2170.51 
 2151.48  2109.57  2198.11  2144.45  2088.95  2182.24  2127.62  2127.81  2227.73 
 2040.70  2064.24  2130.03  2124.91  2074.58  2137.65  2077.82  2091.54  2186.33 
 2149.73  2142.67  2136.99  2180.76  2151.23  2149.18  2127.33  2108.72  2223.19 
 2091.89  2075.85  2122.37  2124.36  2030.37  2112.14  2057.82  2039.24  2204.23 
 2155.20  2102.45  2157.01  2127.10  2166.81  2165.94  2129.00  2078.34  2242.32 
 2144.08  2046.46  2108.25  2093.79  2073.61  2128.10  2056.60  2090.08  2209.06 
 2114.45  2108.34  2137.54  2157.46  2156.86  2176.33  2096.25  2131.01  2241.43 
 2080.74  2070.15  2123.88  2125.13  2091.06  2101.20  2083.96  2058.43  2182.51 
 2145.76  2104.11  2139.70  2173.93  2116.61  2150.14  2119.37  2088.75  2222.90 
 2116.45  2055.59  2096.36  2132.88  2083.05  2118.07  2107.48  2068.90  2156.69 
 2155.06  2141.26  2180.00  2163.57  2072.23  2129.33  2120.59  2102.16  2242.67 
 2102.98  2073.57  2102.55  2111.16  2102.81  2102.93  2075.14  2023.38  2164.27 
 2146.37  2053.55  2148.25  2133.50  2138.16  2139.53  2114.00  2164.75  2225.06 
 2073.20  2126.76  2115.14  2108.94  2034.04  2123.80  2066.90  2061.85  2189.60 
 2136.54  2135.57  2189.54  2149.19  2131.11  2176.03  2123.28  2105.76  2221.74 
 2094.57  2029.74  2097.93  2140.71  2060.67  2105.08  2086.53  2042.95  2175.01 
 2137.80  2097.64  2109.07  2157.76  2143.92  2194.67  2106.53  2117.26  2251.18 
 2110.85  2057.62  2091.29  2106.04  2074.80  2109.30  2049.40  2071.78  2168.82 
 2121.20  2141.11  2182.70  2180.23  2151.37  2156.12  2109.91  2131.63  2192.58 
 2098.47  2049.74  2087.65  2099.23  2101.69  2117.99  2057.58  2031.04  2188.10 
 2132.85  2128.19  2173.94  2190.84  2145.48  2156.57  2151.78  2113.14  2232.53 
 2085.16  2083.07  2124.35  2082.54  2088.56  2121.85  2087.43  2041.62  2193.49 
 2121.53  2123.37  2179.19  2146.86  2127.94  2171.02  2106.42  2056.98  2230.05 
 2077.52  2049.48  2110.45  2109.74  2099.32  2085.89  2122.58  2025.16  2189.39 
 2113.46  2103.10  2156.95  2156.68  2126.75  2147.25  2189.16  2089.89  2247.25 
 2117.98  2063.94  2117.70  2115.14  2063.16  2126.32  2061.66  2031.04  2175.62 
 2141.99  2130.97  2195.13  2199.74  2115.12  2148.80  2169.77  2110.98  2220.02 
 2074.70  2099.34  2129.72  2151.07  2051.41  2102.44  2063.11  2062.29  2146.91 
 2151.65  2106.35  2163.96  2182.81  2117.99  2174.63  2148.65  2161.82  2220.34 
 2116.12  2054.34  2082.72  2091.41  2120.06  2100.36  2100.59  2021.86  2137.32 
 2131.41  2108.98  2164.15  2190.70  2129.28  2146.97  2150.54  2139.29  2208.85 
 2095.69  2062.76  2069.73  2114.96  2041.96  2065.75  2077.44  2073.01  2199.65 
 2128.01  2146.54  2143.06  2146.97  2144.61  2127.06  2144.91  2161.15  2229.48 
 2080.41  2073.30  2106.97  2094.34  2077.50  2113.26  2086.69  2052.49  2214.43 
 2147.59  2115.95  2183.29  2191.12  2169.34  2171.38  2121.15  2134.66  2261.53 
 2116.50  2111.86  2120.65  2137.91  2117.27  2067.07  2076.02  2093.82  2155.59 
 2133.58  2099.66  2145.55  2167.80  2114.80  2165.26  2130.31  2067.88  2237.47 
 2127.70  2045.39  2088.95  2112.43  2063.84  2127.84  2059.41  2053.38  2162.21 
 2126.80  2116.80  2163.82  2167.50  2078.61  2161.20  2103.47  2076.10  2251.36 
 2098.24  2062.05  2119.58  2101.93  2104.51  2084.87  2077.60  2022.42  2194.57 
 2122.32  2111.45  2182.17  2181.84  2145.51  2153.53  2137.47  2120.92  2211.07 
 2104.80  2063.36  2153.40  2132.08  2082.33  2086.29  2056.68  2047.84  2185.70 
 2128.93  2115.09  2173.30  2167.24  2151.74  2161.73  2137.02  2097.43  2226.73 
 2120.77  2026.29  2088.10  2153.08  2064.41  2095.58  2105.09  2041.80  2181.93 
 2189.95  2137.18  2135.26  2157.18  2163.66  2163.49  2160.26  2125.09  2249.89 
 2106.16  2066.81  2072.13  2132.66  2071.54  2137.35  2127.30  2072.81  2162.36 
 2146.36  2129.78  2167.80  2177.26  2166.86  2179.78  2173.30  2109.21  2241.24 
 2115.94  2120.59  2135.45  2140.08  2057.02  2089.92  2073.18  2070.45  2188.61 
 2129.98  2130.48  2151.52  2155.37  2163.62  2157.13  2136.29  2123.56  2194.46 
 2104.30  2109.28  2093.09  2081.71  2089.93  2136.62  2084.61  2047.06  2190.30 
 2137.15  2103.10  2145.16  2180.11  2163.08  2136.77  2129.52  2134.96  2239.44 
 2129.09  2064.69  2114.77  2139.26  2081.52  2083.14  2102.00  2017.61  2171.78 
 2157.64  2122.26  2173.75  2150.82  2145.51  2169.77  2122.70  2132.98  2222.25 
 2095.04  2095.18  2084.27  2164.63  2078.22  2080.06  2086.26  2063.56  2173.75 
 2186.50  2167.02  2173.38  2185.16  2124.45  2163.47  2102.18  2131.49  2205.87 
 2087.66  2117.45  2120.69  2121.53  2096.93  2110.72  2091.97  2075.75  2207.12 
 2166.44  2099.96  2175.80  2139.68  2106.72  2141.46  2126.11  2105.25  2267.17 
 2118.63  2092.62  2094.50  2162.61  2078.66  2106.91  2083.15  2062.92  2221.69 
 2152.38  2127.46  2167.84  2176.51  2135.60  2177.66  2115.16  2082.93  2250.19 
 2074.62  2061.65  2094.60  2194.74  2068.49  2132.34  2044.88  2018.20  2177.39 
 2120.36  2108.69  2155.05  2186.48  2165.91  2159.28  2134.18  2120.42  2216.46 
 2099.14  2085.68  2127.38  2114.55  2101.25  2126.41  2109.96  2048.92  2191.22 
 2155.72  2165.02  2183.48  2202.40  2129.78  2156.32  2132.35  2105.53  2234.54 
 2131.62  2075.44  2104.68  2089.57  2146.49  2124.37  2066.03  2087.96  2236.49 
 2176.40  2120.82  2148.20  2133.46  2180.30  2111.97  2130.11  2103.10  2225.49 
 2113.67  2062.05  2086.06  2131.47  2065.53  2121.46  2096.75  2049.57  2204.56 
 2146.09  2129.54  2114.47  2129.44  2129.72  2168.03  2128.54  2106.95  2182.81 
 2077.40  2077.96  2122.33  2126.30  2041.08  2074.31  2089.39  2074.07  2221.01 
 2148.94  2118.36  2124.77  2202.02  2100.20  2162.93  2148.15  2101.43  2216.65 
 2117.98  2033.65  2099.33  2095.30  2092.09  2103.70  2087.15  2054.27  2203.18 
 2121.00  2141.48  2169.55  2147.85  2152.26  2179.26  2129.56  2106.77  2215.51 
 2081.03  2081.34  2082.32  2155.91  2079.69  2076.27  2068.22  2049.68  2169.51 
 2140.69  2109.51  2128.88  2160.51  2115.86  2182.61  2157.28  2125.95  2251.88 
 2055.27  2043.64  2099.41  2109.10  2081.94  2080.77  2075.14  2039.53  2117.03 
 2141.22  2137.05  2096.27  2146.01  2148.15  2194.25  2120.82  2115.05  2200.16 
 2074.37  2061.96  2097.51  2103.82  2037.58  2072.59  2086.38  2048.59  2159.55 
 2116.75  2126.66  2140.03  2155.92  2147.10  2152.41  2148.79  2112.42  2167.74 
 2076.73  2098.65  2071.33  2122.98  2091.57  2151.34  2093.09  2048.32  2188.87 
 2143.31  2126.02  2142.83  2184.49  2142.22  2173.51  2114.04  2077.55  2187.26 
 2046.55  2070.62  2061.05  2121.51  2100.62  2099.25  2057.09  2010.55  2211.91 
 2137.44  2099.12  2131.04  2170.61  2124.90  2151.89  2156.74  2121.67  2226.19 
 2092.65  2053.35  2110.41  2116.43  2037.67  2119.78  2056.52  2062.01  2175.89 
 2171.58  2143.66  2107.86  2176.45  2117.44  2151.86  2135.44  2121.54  2208.44 
 2091.76  2071.58  2119.84  2117.85  2071.03  2125.14  2072.55  2071.63  2156.62 
 2170.58  2123.00  2162.81  2189.36  2154.36  2142.44  2153.97  2071.56  2220.85 
 2109.88  2068.61  2082.48  2102.68  2057.92  2150.99  2083.48  2037.96  2197.95 
 2117.00  2123.37  2144.83  2179.37  2133.00  2173.55  2131.15  2129.20  2191.22 
 2101.86  2092.66  2089.68  2136.76  2083.16  2102.31  2055.89  2063.61  2170.14 
 2158.56  2120.26  2135.13  2152.30  2135.89  2189.12  2133.92  2079.26  2252.82 
 2121.61  2077.39  2123.11  2098.49  2057.55  2117.78  2092.00  2065.25  2203.27 
 2174.43  2110.44  2167.19  2142.61  2096.09  2177.81  2110.73  2077.76  2246.95 
 2109.95  2103.56  2079.81  2112.08  2050.53  2139.98  2091.45  2086.97  2162.97 
 2138.01  2124.00  2139.63  2113.48  2122.60  2159.05  2137.08  2125.38  2219.95 
 2112.26  2047.25  2094.56  2092.25  2088.94  2104.29  2125.67  2072.61  2189.79 
 2131.96  2129.62  2150.05  2152.58  2110.55  2148.98  2114.76  2141.60  2250.79 
 2094.18  2111.16  2109.25  2135.29  2047.42  2083.75  2071.81  2030.86  2154.24 
 2136.25  2147.72  2158.97  2161.70  2126.93  2155.08  2140.49  2087.62  2247.56 
 2114.61  2081.56  2095.96  2133.78  2093.28  2084.74  2098.42  2090.03  2153.97 
 2111.74  2137.87  2132.78  2175.51  2165.24  2167.84  2134.39  2107.24  2221.56 
 2089.53  2080.86  2097.14  2109.47  2076.07  2104.70  2069.40  2047.48  2220.86 
 2164.64  2121.71  2174.00  2135.74  2154.42  2168.35  2138.29  2108.64  2230.66 
 2105.70  2082.87  2111.66  2136.92  2066.41  2086.21  2057.91  2094.89  2193.63 
 2130.26  2153.31  2175.34  2154.23  2136.07  2162.93  2141.75  2052.60  2243.47 
 2045.35  2054.36  2086.64  2117.14  2109.72  2125.02  2070.05  2034.66  2164.82 
 2120.17  2132.97  2190.09  2156.64  2116.47  2163.27  2127.61  2092.50  2230.29 
 2097.37  2063.19  2125.39  2107.36  2123.95  2114.67  2080.86  2066.84  2179.20 
 2155.91  2141.47  2121.98  2179.62  2112.70  2200.38  2134.00  2087.97  2248.65 
 2095.39  2084.39  2143.40  2150.59  2080.63  2125.60  2099.14  2047.86  2196.33 
 2141.36  2143.96  2152.91  2206.69  2184.97  2200.28  2138.68  2101.07  2213.41 
 2131.38  2076.24  2066.78  2143.20  2114.60  2128.41  2020.42  2070.93  2201.50 
 2140.37  2073.76  2156.01  2178.40  2105.09  2187.93  2171.05  2102.93  2197.41 
 2104.73  2049.49  2071.65  2123.14  2069.52  2139.72  2094.30  2043.98  2155.40 
 2120.83  2137.61  2148.42  2132.09  2128.45  2158.21  2094.97  2130.41  2250.13 
 2084.54  2056.09  2087.11  2090.89  2118.60  2093.04  2083.42  2072.88  2218.68 
 2172.38  2112.47  2194.79  2135.24  2097.37  2165.48  2144.21  2094.07  2233.53 
 2064.12  2083.50  2109.01  2119.99  2106.26  2117.20  2102.39  2052.12  2170.20 
 2161.85  2135.56  2146.76  2205.59  2106.94  2174.24  2126.71  2132.52  2210.23 
 2086.94  2059.21  2095.17  2122.35  2089.00  2144.08  2069.04  2070.94  2212.65 
 2156.41  2145.03  2181.86  2172.95  2136.91  2159.79  2134.22  2109.25  2244.60 
 2115.55  2056.88  2114.32  2127.91  2101.65  2096.18  2079.00  2086.61  2153.00 
 2149.69  2160.72  2133.71  2182.02  2145.44  2152.59  2150.91  2094.32  2250.99 
 2086.42  2106.75  2115.01  2158.27  2095.79  2124.23  2090.21  2074.32  2211.18 
 2171.89  2131.54  2143.50  2179.28  2170.57  2182.28  2105.00  2104.21  2223.43 
 2098.37  2073.34  2103.73  2115.14  2091.84  2113.32  2131.86  2011.92  2168.52 
 2176.16  2105.35  2193.41  2179.32  2135.64  2204.96  2122.86  2095.74  2214.59 
 2051.76  2048.66  2097.09  2132.53  2087.55  2087.09  2077.95  2095.15  2169.98 
 2132.66  2114.20  2129.31  2186.73  2136.99  2179.64  2119.84  2134.86  2221.07 
 2118.49  2102.19  2137.41  2130.34  2097.21  2117.00  2083.49  2040.50  2205.32 
 2147.16  2107.17  2154.63  2125.66  2151.39  2177.77  2137.66  2087.22  2221.11 
 2096.43  2089.98  2083.24  2133.62  2066.93  2070.83  2103.39  2031.48  2188.71 
 2141.70  2090.50  2164.77  2168.43  2156.48  2106.38  2103.01  2112.09  2226.96 
 2105.18  2051.36  2109.84  2107.62  2093.26  2112.49  2061.93  2071.99  2172.37 
 2116.86  2161.24  2153.64  2195.41  2152.10  2148.22  2106.39  2141.15  2246.86 
 2054.22  2085.05  2076.25  2126.78  2104.59  2125.36  2080.43  2012.53  2170.28 
 2146.94  2110.86  2141.00  2161.66  2106.06  2162.09  2144.04  2101.95  2250.06 
 2075.01  2053.77  2068.17  2105.85  2098.86  2134.63  2100.56  2042.64  2199.93 
 2150.73  2139.87  2194.17  2166.02  2100.56  2161.70  2162.35  2113.36  2202.31 
 2102.63  2069.51  2097.17  2142.92  2080.63  2108.17  2073.89  2062.62  2160.27 
 2152.62  2086.57  2172.84  2166.78  2156.20  2179.58  2126.83  2082.58  2222.14 
 2110.28  2060.83  2111.18  2142.57  2073.57  2136.31  2083.23  2037.67  2167.66 
 2176.41  2140.16  2152.75  2126.62  2130.14  2159.55  2145.23  2115.39  2251.15 
 2111.59  2032.19  2124.71  2071.09  2056.33  2059.58  2066.29  2047.23  2191.62 
 2147.04  2136.95  2176.22  2159.47  2143.87  2165.03  2120.06  2121.94  2256.33 
 2108.96  2061.13  2107.55  2095.26  2070.49  2079.99  2048.74  2054.26  2193.34 
 2141.62  2150.30  2130.84  2206.89  2121.39  2173.34  2148.40  2096.71  2206.50 
 2106.67  2095.89  2133.77  2099.19  2099.90  2148.18  2103.04  2059.56  2176.19 
 2145.66  2118.19  2155.56  2196.23  2153.26  2121.83  2135.72  2124.27  2240.12 
 2050.95  2085.80  2088.10  2135.70  2083.06  2108.11  2077.38  2039.44  2160.49 
 2145.15  2115.93  2142.60  2174.63  2152.07  2130.36  2118.98  2127.19  2203.00 
 2107.21  2077.62  2118.34  2124.46  2079.05  2122.64  2073.08  2058.95  2196.27 
 2145.28  2089.67  2122.79  2141.06  2133.48  2166.54  2126.76  2121.89  2243.80 
 2069.46  2064.45  2118.11  2113.90  2067.84  2079.46  2047.73  2053.31  2191.54 
 2135.47  2120.72  2183.11  2160.00  2122.39  2174.05  2170.87  2148.48  2188.49 
 2120.00  2047.63  2058.46  2098.70  2113.26  2092.40  2108.51  2084.26  2189.06 
 2173.51  2146.24  2154.18  2181.70  2099.03  2161.45  2155.36  2116.57  2231.72 
 2073.53  2059.70  2123.27  2103.07  2074.15  2098.82  2062.17  2033.09  2182.76 
 2158.89  2134.31  2177.22  2155.65  2101.81  2131.51  2141.92  2075.10  2246.51 
 2083.39  2059.91  2112.26  2136.49  2057.29  2115.62  2076.20  2036.94  2161.78 
 2143.38  2121.56  2145.92  2151.41  2138.22  2132.64  2176.09  2094.97  2229.10 
 2123.31  2107.82  2112.87  2142.96  2080.71  2069.49  2073.95  2057.94  2199.25 
 2150.09  2144.76  2133.86  2193.47  2150.15  2146.72  2120.64  2139.58  2225.03 
 2100.84  2060.89  2121.59  2119.40  2059.30  2103.57  2081.29  2055.69  2186.13 
 2162.02  2109.77  2142.57  2154.91  2129.08  2177.14  2106.84  2109.41  2212.99 
 2065.65  2087.67  2086.32  2095.63  2119.42  2090.15  2095.43  2048.08  2160.50 
 2157.27  2154.53  2139.01  2178.58  2154.06  2180.48  2146.10  2100.69  2228.55 
 2063.56  2065.85  2101.39  2134.99  2093.00  2147.97  2081.07  2072.18  2157.03 
 2098.85  2117.49  2153.07  2165.79  2140.30  2198.40  2138.11  2092.04  2212.70 
 2097.83  2074.31  2045.13  2107.90  2082.30  2094.22  2043.55  2057.36  2173.37 
 2111.87  2136.43  2137.61  2198.45  2125.80  2169.65  2124.59  2115.65  2197.43 
 2119.19  2072.47  2100.10  2096.39  2107.14  2101.52  2041.38  2085.95  2164.67 
 2103.14  2081.78  2153.44  2151.05  2119.97  2145.81  2149.68  2128.51  2255.61 
 2069.63  2108.15  2088.86  2103.09  2085.20  2109.60  2061.82  2090.90  2203.43 
 2135.73  2103.45  2195.06  2176.23  2144.97  2137.51  2172.38  2118.07  2209.40 
 2081.92  2096.41  2127.44  2093.53  2098.24  2084.25  2082.38  2090.59  2174.28 
 2161.04  2110.56  2176.00  2150.28  2091.61  2144.99  2123.59  2120.88  2236.55 
 2113.39  2094.98  2094.88  2138.18  2079.97  2112.18  2043.92  2088.32  2181.99 
 2180.71  2120.58  2182.44  2164.30  2194.66  2159.70  2149.26  2077.38  2264.90 
 2076.82  2083.00  2121.89  2146.40  2086.61  2111.77  2101.45  2048.59  2186.20 
 2176.25  2103.34  2154.04  2155.28  2127.00  2180.77  2149.16  2147.79  2249.16 
 2115.86  2047.68  2086.09  2150.16  2120.28  2093.02  2072.79  2027.23  2188.06 
 2144.93  2136.41  2182.13  2198.44  2128.74  2179.83  2161.41  2090.62  2206.06 
 2100.96  2065.85  2130.20  2103.91  2099.65  2109.28  2087.37  2077.81  2144.95 
 2145.41  2113.24  2132.07  2189.75  2114.72  2120.22  2109.31  2101.28  2207.95 
 2099.98  2074.25  2109.80  2131.91  2106.19  2083.49  2052.51  2085.03  2170.21 
 2130.61  2130.20  2119.92  2192.93  2137.78  2159.84  2124.76  2115.27  2240.90 
 2098.29  2088.65  2084.22  2128.18  2090.88  2143.22  2070.68  2016.69  2155.96 
 2187.15  2117.02  2154.92  2171.20  2120.74  2189.29  2159.14  2094.98  2210.30 
 2107.57  2079.04  2109.61  2127.59  2062.69  2085.57  2062.20  2036.31  2178.50 
 2168.75  2092.53  2154.78  2133.88  2114.70  2136.32  2153.16  2111.54  2234.39 
 2095.35  2046.04  2114.25  2100.54  2051.70  2139.79  2048.91  2069.69  2172.90 
 2157.21  2114.26  2129.91  2160.42  2116.52  2136.11  2140.55  2093.97  2213.17 
 2076.49  2025.84  2106.54  2127.86  2075.11  2105.23  2060.00  2051.30  2198.37 
 2168.46  2110.32  2125.61  2160.73  2120.16  2159.52  2117.77  2154.67  2203.09 
 2069.80  2064.16  2118.07  2108.75  2058.23  2100.52  2092.26  2043.76  2195.88 
 2140.02  2135.49  2141.40  2168.28  2158.54  2132.06  2147.59  2107.48  2240.29 
 2061.04  2058.75  2087.88  2111.85  2087.96  2083.91  2034.51  2057.12  2137.65 
 2156.97  2116.02  2174.65  2172.11  2161.18  2204.25  2110.97  2110.97  2194.66 
 2091.78  2076.20  2095.82  2111.83  2081.32  2093.52  2045.10  2045.95  2190.14 
 2134.53  2116.51  2121.20  2185.96  2135.24  2129.24  2123.43  2077.44  2222.50 
 2042.69  2098.18  2104.45  2119.47  2077.38  2120.65  2095.30  2030.98  2189.65 
 2149.10  2131.75  2166.11  2150.27  2115.19  2162.67  2129.80  2097.14  2230.21 
 2100.24  2048.93  2129.84  2097.88  2078.04  2115.22  2091.22  2065.38  2175.34 
 2139.78  2130.02  2138.74  2160.10  2133.83  2126.95  2136.64  2107.66  2239.87 
 2110.07  2073.74  2134.24  2113.99  2124.28  2111.65  2075.42  2086.51  2184.00 
 2102.18  2107.88  2091.91  2198.73  2155.23  2195.00  2161.13  2100.02  2227.11 
 2098.25  2042.57  2065.74  2114.96  2088.11  2101.72  2081.70  2026.20  2197.33 
 2142.61  2127.30  2141.91  2203.89  2104.32  2177.74  2108.14  2091.10  2232.38 
 2121.55  2085.45  2107.36  2141.85  2078.92  2095.07  2081.96  2013.15  2214.82 
 2158.04  2099.00  2172.11  2144.63  2126.81  2143.60  2117.07  2081.27  2215.17 
 2092.04  2068.55  2083.49  2125.94  2060.66  2141.76  2062.23  2049.58  2188.34 
 2130.91  2135.64  2143.82  2162.84  2141.91  2134.22  2141.52  2117.15  2218.05 
 2075.52  2055.38  2130.95  2127.91  2096.48  2076.19  2076.87  2074.31  2182.40 
 2146.45  2132.21  2152.90  2137.03  2140.72  2146.80  2160.53  2128.39  2235.44 
 2137.68  2093.05  2106.16  2122.57  2049.78  2104.78  2096.58  2092.67  2179.95 
 2163.34  2137.11  2105.29  2182.36  2113.85  2140.96  2138.09  2125.48  2258.26 
 2084.23  2068.30  2119.43  2084.66  2093.66  2071.07  2128.63  2025.19  2178.90 
 2144.10  2116.01  2142.07  2123.26  2139.02  2169.24  2137.86  2077.65  2170.22 
 2094.15  2088.39  2098.11  2126.87  2058.12  2089.66  2059.08  2050.81  2164.59 
 2114.77  2155.57  2148.67  2161.82  2160.26  2166.80  2155.07  2113.17  2255.52 
 2085.49  2085.50  2107.44  2119.95  2118.06  2145.75  2073.96  2050.63  2152.04 
 2134.53  2135.86  2126.61  2174.33  2159.93  2148.71  2131.80  2125.39  2219.82 
 2100.11  2078.13  2114.95  2093.99  2039.49  2101.32  2076.11  2056.50  2167.75 
 2157.99  2121.28  2159.94  2156.54  2150.09  2166.41  2139.69  2140.56  2251.31 
 2101.23  2082.82  2102.52  2133.32  2123.51  2104.43  2094.25  2063.09  2183.19 
 2154.96  2092.23  2173.78  2174.14  2127.99  2147.65  2076.27  2063.15  2214.52 
 2114.62  2089.45  2079.10  2112.87  2094.43  2087.63  2106.32  2090.95  2187.01 
 2139.53  2119.07  2164.30  2180.03  2141.24  2156.15  2143.01  2132.91  2215.42 
 2109.15  2079.69  2102.24  2136.20  2079.20  2109.62  2092.19  2079.16  2180.79 
 2113.07  2133.77  2163.93  2171.96  2133.32  2144.94  2114.34  2148.98  2204.91 
 2098.12  2049.27  2069.61  2096.60  2112.80  2081.72  2064.77  2048.03  2181.24 
 2167.90  2120.94  2138.07  2178.01  2121.53  2167.71  2112.31  2119.86  2241.88 
 2048.62  2046.50  2132.79  2101.68  2102.22  2109.99  2062.27  2031.97  2179.90 
 2168.18  2137.43  2172.77  2166.45  2121.54  2108.62  2170.81  2069.17  2260.52 
 2114.20  2074.98  2123.94  2113.89  2090.44  2137.59  2063.68  2026.26  2180.55 
 2130.51  2149.84  2143.77  2183.45  2121.91  2155.52  2136.20  2108.47  2231.58 
 2085.13  2082.37  2110.88  2125.54  2116.41  2127.47  2066.00  2036.65  2167.72 
 2177.24  2103.57  2160.54  2211.27  2091.24  2128.75  2159.26  2134.31  2226.08 
 2070.80  2083.77  2131.20  2094.97  2092.85  2101.26  2096.90  2048.59  2173.62 
 2123.17  2122.53  2149.41  2139.13  2116.61  2128.44  2111.92  2157.18  2166.34 
 2107.45  2050.14  2084.22  2104.81  2108.43  2137.95  2092.06  2052.68  2196.84 
 2132.23  2121.60  2164.71  2144.41  2136.37  2149.23  2126.36  2120.09  2190.64 
 2135.33  2063.52  2114.41  2154.57  2121.67  2151.85  2088.07  2039.86  2188.58 
 2142.09  2102.20  2143.73  2172.97  2135.63  2183.78  2112.21  2141.39  2265.53 
 2067.55  2057.42  2128.97  2139.93  2048.46  2091.24  2086.85  2034.78  2185.78 
 2161.78  2122.11  2161.60  2139.40  2117.86  2162.44  2166.77  2109.75  2255.53 
 2089.02  2072.59  2124.91  2125.95  2084.15  2058.35  2066.70  2051.96  2186.61 
 2158.16  2139.47  2162.30  2189.22  2123.63  2182.01  2128.88  2158.37  2221.27 
 2098.58  2063.70  2074.94  2121.82  2076.20  2122.04  2110.51  2068.61  2213.02 
 2129.61  2139.74  2168.89  2163.35  2138.80  2183.47  2160.62  2107.62  2230.07 
 2109.34  2063.04  2112.36  2136.49  2089.59  2090.10  2074.51  2039.56  2199.72 
 2160.48  2086.17  2152.46  2167.40  2109.36  2099.90  2139.36  2104.35  2200.59 
 2080.46  2104.47  2082.59  2086.46  2074.95  2073.33  2079.94  2055.07  2173.30 
 2118.65  2146.87  2166.51  2162.96  2113.99  2158.90  2110.02  2161.31  2190.76 
 2106.62  2107.30  2143.12  2052.21  2071.64  2089.51  2127.73  2067.99  2167.86 
 2127.89  2109.62  2151.07  2193.08  2117.54  2170.73  2121.61  2096.94  2202.22 
 2103.62  2108.82  2095.46  2131.60  2068.75  2097.53  2082.51  2064.93  2201.63 
 2158.80  2153.26  2189.76  2211.60  2107.91  2140.79  2126.77  2138.76  2231.34 
 2115.22  2077.11  2084.58  2117.17  2095.17  2121.21  2095.98  2033.78  2229.49 
 2155.49  2115.67  2160.94  2145.41  2117.17  2172.92  2172.47  2059.66  2198.06 
 2105.36  2097.81  2058.68  2119.19  2083.17  2099.01  2119.55  2044.88  2170.58 
 2180.77  2149.65  2149.87  2171.18  2106.96  2175.71  2120.85  2083.05  2231.82 
 2097.14  2087.52  2120.05  2103.18  2073.05  2088.43  2071.45  2083.61  2157.43 
 2169.30  2119.26  2180.34  2134.20  2092.33  2178.88  2099.56  2085.68  2236.61 
 2083.11  2066.94  2127.61  2101.69  2098.49  2112.76  2041.33  2051.76  2166.80 
 2138.96  2095.03  2157.09  2194.54  2118.60  2128.72  2116.36  2095.11  2203.56 
 2117.43  2061.29  2140.22  2072.91  2067.97  2090.10  2101.25  2069.86  2215.24 
 2175.25  2123.65  2152.04  2155.45  2163.68  2123.55  2102.34  2108.73  2214.99 
 2133.46  2069.39  2102.74  2103.25  2109.47  2113.86  2079.53  2054.82  2170.61 
 2120.50  2107.00  2129.84  2161.37  2165.16  2124.81  2099.20  2040.54  2219.15 
 2085.09  2060.21  2091.04  2051.69  2080.59  2126.13  2105.21  2021.15  2198.36 
 2132.83  2122.13  2176.13  2190.52  2129.75  2187.43  2147.45  2130.51  2216.74 
 2072.95  2057.33  2062.93  2105.04  2095.68  2092.01  2088.82  2046.33  2183.88 
 2134.55  2156.96  2151.61  2151.64  2104.80  2122.51  2145.81  2096.70  2223.42 
 2077.91  2078.31  2120.04  2109.77  2105.43  2124.92  2088.64  1997.72  2191.27 
 2153.93  2105.34  2121.73  2207.42  2145.60  2139.69  2135.86  2088.98  2247.89 
 2066.82  2064.53  2080.31  2094.44  2065.11  2075.66  2091.08  2008.75  2173.84 
 2129.88  2099.95  2134.16  2146.20  2118.06  2167.41  2146.24  2116.62  2240.52 
 2092.23  2044.14  2054.22  2132.47  2096.82  2115.97  2092.77  2051.21  2157.28 
 2154.57  2146.24  2151.43  2184.99  2121.23  2144.10  2100.64  2094.89  2229.27 
 2084.56  2098.34  2048.18  2085.34  2077.80  2088.26  2113.94  2049.37  2193.82 
 2150.28  2152.80  2173.01  2180.76  2142.00  2151.33  2134.39  2115.95  2233.05 
 2098.03  2101.68  2123.43  2134.43  2117.83  2118.21  2070.66  2044.91  2151.08 
 2153.25  2104.49  2180.78  2169.16  2126.44  2140.43  2143.41  2144.77  2191.53 
 2089.91  2087.77  2106.92  2106.38  2082.45  2095.35  2095.78  2073.34  2179.47 
 2144.44  2173.39  2082.20  2201.22  2086.36  2173.79  2104.39  2135.76  2235.84 
 2081.45  2059.08  2098.84  2129.07  2094.63  2089.41  2091.58  2035.26  2168.07 
 2116.94  2116.14  2150.45  2186.26  2160.44  2162.20  2135.06  2111.53  2229.04 
 2098.26  2112.10  2091.09  2118.49  2122.68  2137.21  2113.72  2083.73  2172.19 
 2143.48  2132.25  2157.31  2147.46  2091.92  2189.64  2119.43  2077.22  2230.43 
 2067.99  2101.48  2086.41  2165.29  2070.97  2117.46  2055.17  2085.65  2184.87 
 2170.96  2111.41  2189.66  2132.84  2156.93  2175.36  2151.25  2091.16  2210.22 
 2087.22  2027.95  2084.61  2100.03  2077.52  2105.98  2084.01  2086.21  2161.48 
 2144.88  2120.42  2122.24  2202.56  2111.30  2153.23  2114.73  2110.69  2252.79 
 2101.83  2069.70  2115.86  2129.52  2087.39  2108.69  2069.03  2057.57  2198.94 
 2166.98  2139.99  2172.25  2196.37  2130.06  2159.54  2139.22  2119.64  2231.10 
 2060.26  2101.04  2105.19  2104.38  2076.88  2072.45  2077.71  2083.39  2155.29 
 2119.73  2090.06  2210.61  2216.27  2110.48  2150.71  2133.70  2106.62  2237.73 
 2071.92  2072.49  2072.45  2140.89  2077.31  2099.05  2117.82  2074.55  2181.45 
 2165.72  2132.19  2153.78  2167.87  2127.70  2139.20  2147.59  2094.48  2231.09 
 2086.73  2055.94  2099.06  2107.77  2095.31  2083.99  2079.61  2083.34  2225.43 
 2152.77  2102.13  2132.44  2167.44  2122.36  2164.90  2085.30  2139.14  2265.82 
 2094.83  2043.12  2120.26  2144.39  2024.98  2148.34  2110.15  2060.33  2184.94 
 2151.78  2104.73  2189.88  2169.33  2133.62  2169.11  2151.95  2089.71  2205.79 
 2090.05  2095.84  2086.37  2097.80  2093.25  2113.20  2109.85  2052.15  2161.55 
 2122.69  2149.39  2128.75  2182.93  2096.81  2171.42  2160.00  2105.12  2222.22 
 2101.61  2057.09  2145.53  2165.87  2078.11  2142.31  2091.25  2072.49  2177.74 
 2132.47  2102.81  2142.32  2164.00  2143.17  2133.23  2131.04  2089.02  2244.76 
 2089.26  2096.63  2066.68  2151.41  2070.29  2141.95  2091.46  2059.57  2173.68 
 2124.56  2115.80  2122.12  2182.30  2134.56  2184.65  2108.51  2106.09  2173.23 
 2121.27  2100.84  2106.48  2105.55  2068.68  2131.25  2084.94  2026.37  2208.79 
 2165.06  2128.85  2170.85  2199.24  2152.48  2164.03  2122.15  2114.48  2243.50 
 2077.90  2020.80  2100.52  2149.56  2057.10  2126.88  2059.43  2075.08  2174.86 
 2121.51  2107.24  2178.50  2156.63  2097.14  2201.26  2066.53  2062.24  2169.99 
 2098.68  2095.24  2111.97  2151.40  2085.07  2133.35  2081.46  2068.30  2227.11 
 2155.70  2155.02  2151.69  2180.91  2130.02  2188.39  2116.12  2104.43  2216.84 
 2111.70  2070.36  2091.43  2133.48  2107.42  2096.11  2029.18  2030.96  2161.23 
 2182.88  2095.21  2173.22  2178.34  2142.97  2136.15  2142.85  2136.84  2203.32 
 2103.68  2063.97  2091.87  2092.66  2042.84  2098.93  2041.52  2059.13  2144.56 
 2153.77  2097.36  2131.17  2185.80  2136.56  2113.14  2168.09  2121.06  2217.35 
 2106.87  2060.82  2130.05  2094.14  2096.64  2099.28  2087.97  2081.36  2200.26 
 2153.20  2102.68  2149.12  2167.20  2115.52  2202.61  2109.74  2129.18  2220.84 
 2120.73  2096.31  2101.54  2113.23  2111.44  2080.45  2067.10  2070.99  2191.83 
 2133.52  2124.57  2152.11  2227.49  2146.75  2132.53  2111.34  2119.58  2203.42 
 2097.37  2111.55  2079.84  2127.61  2086.69  2065.04  2062.73  2059.03  2181.09 
 2148.39  2096.25  2195.31  2183.10  2148.30  2155.30  2120.50  2102.64  2219.26 
 2047.68  2067.16  2084.77  2140.74  2043.22  2089.19  2109.30  2041.53  2174.52 
 2163.55  2073.42  2141.01  2167.10  2137.13  2140.08  2134.21  2124.05  2240.66 
 2120.29  2082.15  2095.20  2079.79  2025.29  2076.96  2046.47  2058.07  2187.45 
 2117.32  2127.64  2187.35  2191.84  2146.74  2166.78  2093.19  2078.47  2272.24 
 2129.10  2035.13  2102.70  2073.04  2090.69  2093.30  2097.49  2056.85  2145.84 
 2141.21  2097.11  2158.77  2156.61  2160.78  2152.15  2099.51  2111.82  2233.62 
 2094.64  2046.85  2073.95  2116.37  2061.28  2082.57  2076.10  2029.91  2187.00 
 2126.03  2121.95  2156.85  2159.28  2099.63  2128.15  2134.84  2133.38  2223.32 
 2123.97  2051.13  2077.49  2104.43  2089.80  2082.33  2089.17  2061.73  2173.21 
 2140.72  2091.94  2185.61  2158.76  2140.38  2161.26  2104.82  2125.51  2253.58 
 2101.12  2092.13  2085.19  2106.94  2082.85  2080.60  2059.24  2071.64  2192.52 
 2144.48  2107.85  2181.86  2161.04  2119.43  2149.38  2115.07  2095.73  2220.93 
 2115.21  2071.36  2125.47  2123.47  2075.83  2121.61  2069.78  2036.82  2132.85 
 2116.80  2127.24  2158.37  2157.45  2136.44  2118.72  2139.32  2086.51  2185.94 
 2099.88  2073.44  2114.41  2124.03  2098.56  2124.95  2097.51  2069.24  2176.61 
 2123.29  2124.80  2158.24  2145.84  2111.34  2151.73  2113.79  2149.46  2225.85 
 2119.23  2091.41  2119.08  2128.90  2072.12  2116.34  2090.50  2080.37  2127.07 
 2127.56  2152.37  2134.52  2196.42  2127.10  2148.74  2169.72  2139.55  2232.10 
 2068.23  2080.72  2100.21  2114.21  2081.82  2104.91  2046.35  2063.83  2197.72 
 2140.45  2091.40  2144.85  2187.45  2103.16  2166.77  2114.64  2096.21  2208.92 
 2116.14  2082.72  2091.40  2097.16  2084.42  2111.22  2111.45  2023.47  2175.61 
 2171.60  2114.82  2154.63  2157.91  2138.39  2149.17  2163.82  2086.75  2209.92 
 2120.54  2040.21  2103.37  2144.14  2051.14  2098.08  2072.03  2025.78  2207.11 
 2175.79  2120.39  2169.30  2158.56  2126.53  2188.54  2142.18  2106.36  2219.09 
 2079.38  2090.89  2126.37  2112.74  2058.04  2119.48  2067.78  2047.86  2233.03 
 2115.35  2174.30  2158.47  2152.99  2122.18  2119.20  2082.53  2138.07  2240.77 
 2111.97  2034.35  2082.70  2147.80  2074.46  2145.17  2064.44  2024.80  2185.16 
 2133.04  2105.11  2170.62  2174.86  2145.73  2135.89  2140.57  2135.34  2192.68 
 2095.55  2082.05  2120.28  2095.69  2085.69  2103.32  2062.11  2087.70  2214.71 
 2191.17  2120.85  2166.72  2177.61  2109.26  2189.61  2129.71  2135.30  2247.91 
 2090.07  2089.18  2098.39  2094.20  2058.34  2107.52  2122.70  2076.89  2163.74 
 2160.07  2101.65  2158.04  2202.50  2132.62  2174.79  2172.92  2168.00  2237.89 
 2103.25  2087.56  2118.09  2093.50  2099.99  2124.94  2095.76  2050.61  2223.37 
 2175.24  2115.10  2176.89  2172.67  2132.87  2156.27  2125.68  2121.02  2246.06 
 2082.88  2099.30  2082.24  2053.36  2061.83  2146.06  2073.48  2049.01  2190.17 
 2132.69  2101.02  2158.34  2129.74  2142.86  2151.81  2141.17  2088.19  2239.71 
 2074.13  2039.31  2086.82  2053.31  2073.83  2098.66  2052.38  2027.59  2208.01 
 2159.88  2091.85  2085.55  2153.97  2091.24  2167.94  2122.68  2113.08  2260.10 
 2113.43  2104.00  2048.48  2127.02  2057.98  2127.07  2127.57  2071.56  2173.98 
 2178.19  2126.11  2137.94  2158.80  2111.87  2143.51  2156.30  2102.95  2247.50 
 2032.00  2060.18  2109.50  2100.39  2049.01  2096.99  2039.98  2089.82  2154.23 
 2138.75  2156.13  2166.51  2161.15  2137.04  2170.53  2128.82  2119.53  2226.67 
 2112.63  2093.75  2092.15  2128.41  2056.91  2059.47  2096.62  2062.56  2151.92 
 2185.90  2084.28  2141.77  2167.73  2121.21  2159.52  2136.26  2105.56  2245.88 
 2097.50  2084.32  2086.47  2102.29  2073.47  2090.76  2062.60  2019.40  2199.83 
 2128.87  2149.25  2162.72  2146.26  2135.20  2162.80  2138.66  2109.87  2243.74 
 2066.31  2041.25  2118.03  2103.86  2087.39  2099.98  2106.22  2049.47  2180.84 
 2146.43  2137.86  2183.33  2185.86  2127.70  2155.40  2141.55  2107.39  2247.81 
 2070.18  2110.20  2108.57  2122.39  2058.77  2116.70  2062.88  2050.64  2181.21 
 2147.76  2120.76  2132.43  2179.92  2152.71  2149.19  2098.99  2120.17  2193.51 
 2099.79  2063.02  2105.60  2096.12  2097.87  2127.99  2088.25  2060.59  2168.50 
 2149.92  2145.44  2114.86  2166.38  2160.03  2163.87  2138.75  2093.96  2235.83 
 2081.51  2067.64  2089.01  2144.21  2089.78  2146.78  2072.61  2064.01  2170.46 
 2075.15  2028.58  2104.38  2064.47  2046.35  2100.70  2102.09  2041.57  2167.33 
 2041.72  1997.94  2047.13  2024.92  1990.60  2073.32  1982.26  1978.61  2095.42 
 2007.84  2024.63  2090.94  2092.78  2073.45  2100.78  2068.31  1981.76  2120.53 
 2016.58  1994.40  2005.81  2052.96  2018.56  2021.01  2019.71  1965.63  2137.75 
 2075.02  2075.03  2083.31  2100.63  2054.47  2086.46  2053.18  2043.69  2151.54 
 2012.43  2005.52  2057.63  2030.30  2026.89  2036.93  2019.85  1999.65  2124.45 
 2169.97  2114.37  2200.88  2163.16  2174.47  2177.01  2158.99  2101.10  2253.38 
 2067.39  2098.43  2131.81  2125.64  2085.53  2095.80  2132.09  2051.19  2186.75 
 2148.63  2102.93  2175.52  2197.55  2111.87  2150.58  2115.20  2073.96  2207.51 
 2115.41  2068.88  2090.95  2125.91  2078.70  2087.52  2064.00  2048.90  2189.87 
 2161.46  2125.83  2181.14  2193.69  2126.69  2154.69  2133.21  2116.05  2209.37 
 2070.33  2066.25  2051.33  2092.62  2074.88  2109.78  2072.62  2041.66  2203.47 
 2179.24  2140.67  2174.68  2185.27  2116.97  2162.89  2110.12  2089.34  2237.82 
 2062.99  2110.82  2124.82  2143.83  2040.68  2098.08  2094.02  2050.07  2164.64 
 2082.73  2048.66  2095.47  2102.37  2084.81  2084.97  2091.67  2068.73  2163.97 
 2109.73  2069.26  2112.41  2080.83  2041.45  2110.84  2080.96  2058.43  2127.25 
 2049.94  2046.63  2087.77  2095.94  2035.78  2075.07  2047.15  2045.31  2151.67 
 2085.69  2082.33  2097.97  2127.25  2037.53  2112.47  2070.66  2039.24  2163.60 
 2062.74  2026.58  2096.61  2116.72  2059.29  2068.67  2077.16  2031.37  2170.26 
 2084.37  2037.08  2106.48  2101.82  2033.35  2118.95  2036.85  2039.04  2132.72 
 2061.59  2030.76  2100.74  2055.45  2044.77  2093.40  2115.45  2065.16  2134.03 
 2065.34  2047.68  2088.90  2128.04  2091.22  2079.39  2097.27  2013.06  2163.75 
 2072.43  2070.03  2106.05  2083.97  2058.83  2102.27  2048.55  2027.09  2158.24 
 2090.95  2026.17  2060.38  2115.04  2078.08  2120.88  2051.19  2064.31  2194.79 
 2076.74  2089.52  2106.66  2138.69  2075.94  2106.02  2064.87  2038.24  2154.22 
 2061.22  2048.49  2077.18  2077.90  2041.36  2084.89  2067.24  2054.42  2185.89 
 2108.62  2081.94  2082.91  2093.86  2045.54  2097.83  2082.70  2016.60  2130.27 
 2055.56  2052.11  2105.06  2103.42  2059.74  2060.58  2070.34  2048.84  2176.64 
 2063.71  2052.54  2095.56  2086.29  2067.93  2104.96  2059.35  2022.95  2192.05 
 2075.04  2044.40  2116.46  2090.97  2070.62  2116.67  2060.10  2035.34  2173.63 
 2089.42  2034.98  2082.90  2099.78  2107.82  2065.99  2056.77  2063.85  2135.62 
 2081.16  2073.26  2082.70  2113.56  2080.58  2100.84  2096.31  2051.57  2157.43 
 2089.42  2041.76  2072.05  2104.65  2124.39  2078.18  2067.52  2010.71  2161.03 
 2086.84  2060.62  2094.51  2116.79  2059.07  2103.05  2052.73  2021.89  2172.38 
 2055.19  2106.86  2102.63  2126.85  2077.59  2096.59  2069.15  2060.33  2148.24 
 2066.20  2094.72  2117.72  2121.00  2042.78  2086.96  2083.71  2072.43  2137.68 
 2090.43  2050.64  2077.14  2098.95  2062.45  2106.43  2111.02  2073.75  2169.69 
 2096.89  2062.33  2095.48  2107.29  2087.72  2080.26  2087.76  2041.07  2223.73 
 2059.22  2042.50  2092.85  2099.36  2026.21  2084.59  2043.86  2082.61  2167.86 
 2096.95  2031.13  2107.63  2139.92  2113.84  2070.94  2086.86  2035.39  2161.38 
 2069.70  2109.75  2047.98  2131.60  2111.72  2128.05  2073.86  2060.90  2167.20 
 2097.28  2080.81  2073.66  2082.51  2085.38  2086.83  2066.29  2044.35  2193.25 
 2083.74  2047.00  2103.46  2066.15  2081.58  2077.68  2107.76  2047.76  2198.52 
 2098.14  2055.90  2070.85  2097.67  2107.14  2114.95  2067.85  1999.63  2126.76 
 2063.35  2055.01  2099.91  2106.85  2066.20  2102.34  2071.16  2075.72  2133.29 
 2068.32  2056.51  2088.28  2112.58  2075.53  2117.90  2072.01  2014.95  2144.75 
 2080.84  2046.24  2104.51  2081.75  2068.14  2062.10  2083.75  2023.43  2192.47 
 2086.80  2041.99  2083.41  2091.65  2079.07  2091.93  2071.89  2049.99  2194.47 
 2029.16  2085.78  2063.62  2103.91  2086.42  2115.80  2090.55  2054.15  2137.48 
 2102.90  2074.93  2101.49  2107.10  2049.93  2097.22  2063.05  2030.65  2132.40 
 2068.80  2038.64  2098.74  2093.07  2080.36  2079.81  2085.66  2065.01  2144.95 
 2071.21  2054.91  2078.47  2075.04  2062.11  2087.43  2065.95  2071.70  2201.06 
 2075.06  2051.53  2078.23  2065.47  2061.16  2114.87  2066.72  2071.26  2142.31 
 2101.17  2078.69  2125.55  2104.49  2059.06  2117.32  2060.01  2064.09  2227.49 
 2135.38  2055.89  2057.69  2113.88  2055.49  2090.10  2076.80  2091.23  2171.20 
 2046.20  2064.03  2094.56  2098.22  2059.23  2081.59  2054.95  2027.63  2192.18 
 2076.98  2043.85  2059.55  2110.82  2048.92  2077.57  2060.58  2091.53  2144.65 
 2099.01  2026.75  2073.56  2109.21  2089.76  2074.03  2042.88  2034.02  2197.38 
 2110.67  2034.23  2079.39  2140.96  2053.63  2065.05  2060.59  2044.01  2174.53 
 2086.25  2060.00  2093.29  2075.09  2077.43  2080.65  2095.75  2062.71  2183.58 
 2073.30  2084.94  2094.64  2081.24  2043.08  2102.63  2081.15  2074.09  2209.99 
 2105.98  2020.97  2082.41  2133.90  2114.24  2142.40  2086.75  2036.61  2179.55 
 2066.53  2069.20  2097.27  2124.20  2073.80  2091.63  2063.47  2016.92  2152.60 
 2104.88  2084.00  2144.86  2069.38  2040.57  2035.52  2089.22  2023.87  2167.83 
 2106.40  2033.21  2086.23  2057.84  2053.43  2075.91  2108.84  2068.18  2147.88 
 2091.49  2062.12  2110.97  2093.26  2060.88  2078.78  2043.79  2067.16  2173.45 
 2076.96  2072.46  2111.10  2126.45  2068.72  2086.29  2043.80  2016.69  2156.83 
 2078.24  2048.26  2123.70  2125.62  2092.57  2088.21  2084.40  2068.43  2174.62 
 2074.22  2069.81  2100.50  2119.16  2083.38  2081.31  2071.68  2058.56  2198.25 
 2091.14  2058.63  2052.41  2044.07  2095.53  2095.02  2074.10  2050.43  2169.12 
 2102.54  2067.70  2129.26  2117.95  2085.20  2107.84  2069.92  2019.30  2141.31 
 2108.87  2075.30  2085.28  2127.05  2064.52  2123.55  2071.99  2049.96  2181.53 
 2074.67  2070.26  2077.09  2074.12  2054.08  2088.79  2099.62  2056.86  2126.16 
 2095.49  2084.43  2069.22  2101.20  2093.85  2116.64  2091.48  2048.58  2178.71 
 2070.19  2067.56  2111.12  2127.32  2069.30  2106.67  2035.22  2065.23  2163.58 
 2073.51  2065.97  2065.45  2131.56  2037.93  2063.16  2041.36  2058.41  2176.70 
 2102.45  2062.00  2064.62  2127.67  2073.61  2084.95  2059.12  2031.79  2142.83 
 2080.98  2064.20  2067.53  2096.82  2021.66  2089.30  2060.70  2074.10  2180.03 
 2088.51  2062.35  2068.38  2097.87  2077.92  2075.70  2056.66  2051.26  2168.33 
 2100.36  2034.09  2086.37  2102.59  2078.33  2071.20  2055.51  2009.20  2149.77 
 2089.81  2052.49  2069.81  2091.53  2073.08  2088.43  2032.86  2039.98  2135.48 
 2086.84  2071.77  2062.18  2086.63  2051.03  2106.62  2070.96  2057.78  2209.23 
 2061.17  2005.43  2083.56  2118.17  2119.60  2076.86  2111.75  2049.27  2163.95 
 2102.58  2050.70  2098.33  2089.75  2054.04  2078.66  2089.32  2015.36  2168.27 
 2093.12  2048.32  2072.27  2118.35  2066.12  2096.48  2035.71  2041.19  2135.51 
 2090.28  2096.97  2105.70  2090.38  2042.84  2058.77  2102.23  2034.83  2154.49 
 2100.18  2071.78  2096.79  2109.38  2081.32  2088.95  2041.43  2036.27  2172.14 
 2056.90  2039.86  2125.62  2081.60  2090.19  2072.62  2093.54  2017.41  2184.48 
 2081.77  2059.24  2082.36  2142.04  2098.79  2089.85  2038.60  2057.14  2117.43 
 2104.31  2060.97  2110.29  2091.31  2067.80  2095.71  2060.69  2094.94  2202.59 
 2066.51  2034.96  2077.70  2116.54  2085.78  2111.52  2069.38  2045.30  2147.51 
 2092.78  2050.13  2104.20  2119.57  2062.05  2101.30  2069.72  2046.77  2123.42 
 2057.64  2081.31  2079.68  2132.71  2063.70  2069.90  2077.09  2060.13  2119.95 
 2072.15  2083.55  2102.12  2078.72  2058.40  2108.44  2045.85  2070.66  2185.51 
 2092.35  2067.43  2083.82  2129.77  2082.72  2097.04  2076.14  2060.14  2172.36 
 2068.22  2099.01  2085.97  2099.99  2060.05  2082.76  2085.30  2069.93  2149.50 
 2083.40  2050.23  2054.69  2088.95  2073.27  2141.02  2094.99  2037.05  2147.89 
 2100.32  2070.12  2089.99  2070.56  2069.81  2084.23  2069.55  2039.24  2155.22 
 2093.38  2056.04  2078.15  2155.28  2068.41  2107.98  2082.07  2037.15  2200.44 
 2110.78  2049.38  2095.62  2110.09  2057.91  2111.34  2057.47  2064.02  2172.39 
 2099.94  2080.84  2089.97  2099.07  2084.32  2085.73  2049.77  2017.64  2162.15 
 2089.68  2059.30  2125.18  2119.68  2045.31  2109.68  2072.89  2067.43  2154.73 
 2099.54  2039.35  2101.32  2108.45  2034.63  2109.66  2073.22  2061.81  2157.18 
 2101.10  2073.72  2046.79  2117.96  2084.28  2104.79  2061.03  2048.78  2133.76 
 2070.97  2065.77  2124.88  2107.04  2051.77  2107.47  2058.77  2058.60  2164.25 
 2102.57  2071.41  2081.14  2107.77  2066.45  2117.87  2078.06  2034.75  2177.56 
 2077.16  2085.12  2093.45  2073.56  2080.26  2081.58  2037.25  2052.59  2163.64 
 2051.82  2082.36  2056.34  2117.92  2051.89  2094.13  2108.13  2042.54  2137.31 
 2066.41  2072.35  2084.14  2083.43  2073.19  2142.15  2069.60  2057.24  2156.60 
 2072.14  2039.87  2046.00  2121.65  2064.48  2086.98  2078.32  2050.41  2146.07 
 2080.40  2062.49  2088.61  2080.37  2060.47  2054.89  2063.57  2110.29  2153.15 
 2089.44  2045.54  2081.55  2136.01  2063.09  2115.28  2065.76  2038.84  2128.02 
 2104.12  2047.44  2087.44  2119.26  2103.80  2126.85  2066.62  2053.62  2123.72 
 2048.17  2074.32  2052.77  2079.76  2069.65  2044.07  2074.39  2021.90  2156.31 
 2059.27  2075.65  2098.81  2131.74  2081.03  2081.12  2045.51  2059.64  2172.14 
 2049.02  2047.28  2131.74  2105.72  2066.92  2100.00  2048.52  2066.09  2169.93 
 2080.21  2056.18  2089.94  2086.22  2059.29  2091.39  2058.95  2045.12  2168.55 
 2103.38  2047.96  2090.31  2078.80  2081.60  2073.87  2035.06  2017.41  2199.48 
 2103.20  2062.84  2102.00  2077.48  2081.95  2091.96  2090.06  2110.20  2161.42 
 2058.08  2071.26  2089.54  2111.45  2055.34  2117.91  2020.49  2066.99  2126.93 
 2098.80  2056.37  2098.06  2120.36  2061.55  2110.82  2061.31  2037.40  2152.88 
 2111.20  2041.25  2095.67  2128.02  2094.40  2077.70  2072.86  2031.27  2163.90 
 2074.85  2099.09  2061.09  2079.77  2035.01  2130.48  2090.97  2073.16  2149.73 
 2119.24  2061.95  2119.50  2086.54  2097.21  2079.32  2079.95  2035.48  2177.12 
 2069.81  1990.46  2078.52  2093.57  2046.11  2093.71  2064.81  2036.98  2141.18 
 2112.56  2061.52  2094.23  2118.40  2068.64  2127.41  2066.83  2062.81  2176.44 
 2101.04  2050.20  2095.72  2110.72  2076.68  2114.53  2093.57  2049.04  2169.83 
 2077.11  2018.46  2067.15  2103.41  2048.87  2089.57  2066.45  2058.22  2113.99 
 2062.82  2053.36  2073.69  2148.10  2061.02  2116.51  2094.52  2025.31  2178.66 
 2073.47  2041.61  2108.14  2047.13  2076.26  2101.69  2072.74  2052.58  2190.60 
 2069.45  2069.72  2069.83  2123.72  2112.62  2109.35  2089.01  2057.89  2188.39 
 2081.30  2042.78  2136.63  2090.85  2096.83  2105.87  2093.47  2059.69  2153.07 
 2109.97  2056.26  2088.91  2089.51  2046.13  2084.77  2064.17  2055.48  2136.18 
 2053.80  2096.00  2089.04  2099.46  2066.89  2058.10  2057.88  2013.95  2155.10 
 2071.73  2082.28  2131.13  2115.14  2110.01  2072.66  2101.00  2069.28  2151.11 
 2053.57  2052.12  2109.06  2060.12  2094.55  2108.23  2090.63  2027.46  2230.51 
 2053.53  2071.60  2099.12  2126.34  2063.47  2109.04  2089.68  2041.79  2187.05 
 2098.11  2048.72  2070.83  2127.29  2079.66  2094.05  2071.56  2058.40  2191.29 
 2091.52  2074.87  2092.47  2094.41  2061.82  2103.98  2061.81  2069.10  2175.76 
 2092.34  2063.70  2118.50  2083.59  2083.09  2088.41  2067.40  2092.19  2185.76 
 2079.62  2064.07  2123.88  2123.09  2047.80  2094.83  2063.74  2061.56  2171.68 
 2098.16  2093.71  2078.07  2095.49  2073.68  2094.27  2026.54  2012.57  2187.89 
 2068.27  2063.35  2089.61  2114.58  2091.70  2083.04  2061.51  2036.02  2153.50 
 2087.87  2052.17  2084.88  2089.61  2016.57  2105.79  2062.28  2030.99  2189.56 
 2083.78  2068.41  2065.14  2107.90  2063.80  2056.95  2070.67  2065.28  2177.79 
 2082.05  2039.08  2104.80  2119.96  2043.82  2070.16  2062.89  2045.69  2180.21 
 2036.42  2027.40  2103.60  2097.92  2098.79  2082.10  2038.15  2019.10  2169.99 
 2077.15  2091.03  2104.58  2066.10  2071.09  2106.99  2057.05  2044.47  2143.79 
 2062.39  2084.60  2073.41  2137.31  2081.11  2096.22  2056.82  2096.82  2160.07 
 2049.08  2029.12  2097.73  2111.61  2083.85  2079.31  2026.35  2061.81  2185.12 
 2107.08  2058.59  2096.35  2074.01  2063.07  2139.88  2091.16  2055.00  2197.20 
 2066.22  2040.18  2080.25  2134.87  2055.86  2064.73  2059.58  2031.33  2167.29 
 2098.01  2046.54  2073.96  2119.01  2072.19  2107.24  2068.80  2058.61  2188.91 
 2084.62  2050.89  2100.10  2132.43  2075.03  2095.10  2067.30  2033.07  2210.33 
 2081.90  2049.39  2081.87  2107.36  2091.15  2135.04  2080.25  2030.55  2167.30 
 2044.42  2056.20  2100.37  2083.98  2087.97  2096.22  2099.38  2052.04  2180.83 
 2082.18  2036.68  2128.73  2117.69  2046.85  2069.01  2110.07  2062.06  2135.53 
 2052.46  2033.11  2107.67  2123.57  2066.36  2074.70  2080.67  2035.72  2154.15 
 2069.10  2075.93  2131.29  2111.09  2051.07  2082.25  2028.46  2087.83  2161.74 
 2084.37  2074.08  2099.16  2111.32  2041.75  2081.78  2096.10  2069.52  2184.95 
 2084.40  2082.60  2109.73  2126.24  2054.13  2114.46  2070.84  2048.60  2141.46 
 2076.75  2091.80  2092.84  2128.95  2070.25  2067.59  2027.84  2081.15  2156.15 
 2058.61  2086.62  2104.03  2103.30  2054.11  2129.25  2088.39  2055.17  2182.17 
 2046.27  2070.64  2105.15  2090.20  2067.54  2136.70  2103.98  2043.87  2203.13 
 2066.36  2065.86  2102.81  2093.03  2100.51  2106.74  2057.55  2006.98  2134.33 
 2093.22  2093.86  2117.01  2104.18  2054.93  2146.63  2042.50  2059.19  2179.47 
 2081.87  2089.50  2123.12  2151.19  2105.60  2144.29  2092.33  2036.45  2152.98 
 2074.79  2045.06  2112.46  2111.35  2106.31  2070.09  2102.33  2028.66  2156.12 
 2083.11  2063.60  2095.20  2101.56  2046.12  2082.41  2042.67  2070.80  2127.60 
 2097.16  2065.55  2103.70  2127.39  2069.45  2143.62  2102.05  2016.04  2170.68 
 2125.43  2061.66  2092.58  2128.41  2087.30  2072.02  2071.82  2021.44  2178.07 
 2084.30  2064.29  2107.12  2079.83  2085.64  2067.07  2082.21  2052.90  2089.89 
 2057.90  2042.39  2056.41  2081.75  2088.56  2112.76  2065.55  2049.47  2186.43 
 2058.53  2061.83  2085.45  2085.65  2076.97  2112.14  2097.13  2026.74  2193.66 
 2075.63  2036.74  2083.78  2103.04  2067.57  2096.17  2087.90  2064.17  2177.34 
 2114.48  2035.87  2065.44  2082.90  2061.73  2104.73  2074.59  2056.49  2127.05 
 2074.10  2113.64  2105.86  2104.36  2053.32  2103.38  2062.14  2020.14  2177.81 
 2069.80  2050.33  2050.50  2113.38  2065.06  2064.73  2120.34  2038.44  2159.42 
 2074.93  2076.87  2119.41  2114.15  2058.19  2116.40  2070.51  2048.13  2157.76 
 2084.11  2096.86  2093.26  2108.47  2086.76  2127.85  2064.31  2043.04  2179.61 
 2084.42  2058.23  2061.66  2128.54  2051.41  2133.57  2048.88  2061.10  2190.15 
 2083.21  2068.64  2100.69  2093.85  2076.27  2090.50  2038.61  2054.59  2175.39 
 2047.27  2065.46  2091.17  2128.46  2065.74  2143.78  2045.79  2079.74  2159.80 
 2092.62  2090.58  2063.79  2137.32  2081.26  2105.54  2071.24  2046.51  2156.04 
 2042.65  2040.64  2108.10  2109.96  2081.53  2083.98  2036.47  2021.13  2143.58 
 2078.22  2018.00  2073.55  2088.22  2048.93  2124.99  2071.14  2079.81  2213.94 
 2118.44  2074.68  2066.82  2111.97  2086.13  2103.14  2113.66  2061.60  2193.37 
 2070.10  2074.62  2139.93  2120.98  2083.01  2073.30  2075.84  2042.80  2161.14 
 2111.56  2091.30  2091.20  2120.11  2079.69  2106.82  2086.57  2055.26  2140.58 
 2056.75  2076.62  2128.31  2153.82  2089.72  2146.05  2033.14  2056.55  2185.05 
 2060.26  2074.94  2065.75  2102.49  2047.75  2124.32  2088.28  2051.13  2200.71 
 2079.53  2095.51  2104.27  2096.62  2063.61  2125.44  2040.33  2034.34  2156.23 
 2073.38  2044.69  2107.35  2098.34  2043.11  2106.89  2058.12  2064.99  2157.31 
 2058.97  2063.83  2082.12  2093.53  2052.59  2079.34  2075.88  2031.27  2185.19 
 2054.83  2092.52  2108.11  2120.59  2079.10  2124.24  2024.68  2067.91  2185.92 
 2086.92  2033.94  2109.72  2111.05  2076.71  2094.86  2048.23  2052.01  2145.42 
 2105.09  2048.89  2101.01  2131.19  2065.47  2101.80  2055.91  2048.38  2132.24 
 2084.39  2066.06  2090.64  2124.89  2094.37  2087.89  2117.81  2032.11  2168.63 
 2091.21  2097.33  2106.22  2099.07  2085.99  2119.64  2055.18  2100.40  2161.76 
 2095.72  2066.12  2085.91  2112.32  2060.85  2118.60  2078.16  2060.34  2180.31 
 2127.60  2075.23  2106.48  2113.49  2071.54  2141.43  2065.19  1996.30  2179.68 
 2065.19  2046.63  2101.04  2070.36  2063.60  2120.55  2089.19  2075.19  2157.72 
 2105.60  2038.62  2065.14  2139.83  2078.95  2042.30  2099.42  2064.70  2145.81 
 2062.41  2047.13  2106.95  2101.47  2041.51  2096.63  2055.01  2022.64  2155.56 
 2072.16  2054.42  2087.36  2111.24  2090.05  2134.23  2050.21  2071.58  2143.69 
 2076.79  2074.88  2104.76  2055.31  2048.81  2068.27  2025.50  2048.91  2154.85 
 2060.96  2082.86  2086.16  2115.70  2039.76  2096.15  2069.94  2082.49  2164.28 
 2040.33  2068.29  2066.84  2118.66  2098.64  2074.30  2063.19  2051.92  2152.70 
 2082.06  2079.64  2075.93  2137.67  2107.98  2126.95  2062.39  2050.99  2139.61 
 2096.02  2083.40  2107.62  2149.67  2060.46  2120.50  2085.94  2045.28  2119.43 
 2060.67  2052.45  2105.19  2098.55  2057.34  2108.83  2059.73  2044.49  2117.07 
 2078.62  2072.86  2097.54  2122.00  2084.26  2106.35  2096.44  2026.32  2165.91 
 2068.94  2047.59  2091.44  2095.61  2054.74  2096.36  2131.56  2046.99  2190.72 
 2080.49  2044.25  2099.57  2121.99  2102.08  2094.81  2082.20  2036.72  2177.75 
 2072.57  2059.44  2107.31  2156.23  2096.03  2098.60  2073.60  2052.87  2121.36 
 2113.74  2049.13  2075.79  2105.91  2095.74  2085.73  2033.03  2036.91  2207.30 
 2074.59  2036.13  2084.98  2095.69  2028.50  2090.13  2079.20  2065.39  2170.60 
 2063.74  2046.29  2109.94  2075.37  2093.50  2152.16  2038.69  2053.53  2145.29 
 2084.57  2074.43  2063.36  2104.18  2038.32  2112.32  2099.21  2063.09  2165.54 
 2099.61  2063.93  2095.22  2074.08  2057.51  2076.21  2053.17  2034.73  2180.64 
 2091.00  2075.71  2089.20  2101.47  2048.46  2130.46  2037.03  2057.84  2136.68 
 2059.70  2060.42  2103.03  2100.68  2066.85  2104.18  2025.71  2068.55  2182.83 
 2086.13  2039.44  2141.33  2092.75  2086.41  2120.03  2074.36  2038.05  2127.47 
 2122.19  2025.70  2094.26  2128.32  2083.50  2084.79  2055.61  2015.94  2165.71 
 2046.97  2061.33  2100.38  2141.81  2096.55  2112.70  2046.18  2035.19  2186.66 
 2074.82  2092.63  2065.66  2112.50  2054.11  2100.28  2070.22  2083.35  2178.76 
 2053.13  2058.91  2073.36  2089.72  2095.47  2132.62  2065.32  2045.42  2178.74 
 2078.66  2053.45  2085.51  2120.20  2072.81  2126.14  2064.32  2068.68  2151.36 
 2097.29  2079.37  2098.25  2106.18  2069.45  2068.64  2067.95  1995.80  2132.88 
 2121.55  2064.00  2052.23  2115.36  2103.47  2114.20  2087.22  2055.95  2157.78 
 2046.27  2058.26  2103.79  2111.29  2043.74  2065.86  2096.59  2076.74  2129.93 
 2080.38  2018.07  2040.04  2101.39  2058.99  2083.38  2070.29  2035.86  2128.98 
 2109.55  2050.72  2095.93  2124.65  2103.77  2091.36  2107.11  2022.57  2177.51 
 2059.67  2064.80  2076.47  2098.90  2076.46  2075.80  2066.52  2019.29  2176.83 
 2111.16  2043.33  2115.87  2122.57  2076.50  2089.77  2071.22  2034.77  2137.22 
 2091.86  2039.78  2063.53  2102.39  2093.82  2098.35  2068.91  2074.50  2173.18 
 2120.99  2057.80  2061.46  2107.11  2073.34  2125.88  2068.55  2038.31  2134.05 
 2107.65  2075.68  2104.62  2089.22  2111.00  2106.79  2060.13  2051.60  2200.90 
 2065.71  2065.08  2103.28  2097.23  2053.62  2089.36  2049.62  2044.23  2139.69 
 2108.18  2056.39  2090.93  2119.58  2085.17  2063.43  2080.90  2040.53  2118.65 
 2073.60  2038.79  2107.86  2126.28  2064.96  2127.38  2054.05  2049.68  2144.73 
 2100.19  2026.66  2068.44  2117.53  2064.52  2121.43  2072.64  2024.28  2196.77 
 2098.81  2076.13  2057.57  2135.52  2050.30  2094.33  2052.46  2064.75  2183.23 
 2098.36  2059.20  2101.78  2129.09  2066.99  2106.03  2109.46  2054.21  2167.41 
 2095.25  2027.93  2101.94  2093.61  2061.50  2124.01  2061.80  2025.94  2184.33 
 2070.23  2070.99  2092.13  2099.16  2097.60  2126.03  2083.00  2052.37  2170.66 
 2090.78  2060.89  2082.06  2122.26  2064.68  2104.85  2079.97  2035.49  2170.48 
 2087.35  2062.42  2053.84  2116.37  2077.91  2101.38  2064.20  2068.54  2172.19 
 2105.61  2025.03  2079.53  2097.46  2072.06  2073.75  2079.36  2032.01  2176.12 
 2065.85  2114.62  2072.65  2125.64  2075.41  2120.54  2073.18  2073.53  2185.86 
 2117.97  2047.67  2092.11  2121.17  2068.27  2071.75  2034.24  2046.16  2172.01 
 2086.48  2059.97  2085.28  2111.49  2095.08  2083.09  2087.78  2051.37  2139.97 
 2077.08  2044.48  2107.86  2130.59  2047.92  2079.47  2095.00  2030.46  2169.48 
 2096.54  2081.12  2079.26  2122.82  2037.24  2114.18  2073.41  2006.63  2178.84 
 2091.54  2032.55  2103.45  2106.31  2083.09  2117.02  2080.22  2061.12  2117.99 
 2068.86  2027.52  2054.58  2133.06  2083.44  2124.89  2065.05  2065.11  2173.21 
 2096.28  2067.55  2144.01  2071.69  2089.11  2107.31  2081.16  2054.78  2175.14 
 2045.47  2103.10  2089.33  2127.77  2085.81  2091.91  2078.64  2032.11  2164.00 
 2059.26  2057.29  2089.96  2105.49  2060.54  2115.43  2046.92  2046.86  2165.33 
 2085.05  2043.13  2093.30  2134.35  2055.67  2102.11  2090.47  2045.29  2160.18 
 2063.39  2009.35  2111.63  2128.81  2057.56  2081.80  2088.61  2058.38  2157.16 
 2152.56  2097.24  2078.93  2082.16  2084.40  2102.59  2071.59  2019.14  2153.66 
 2097.53  2064.31  2112.54  2114.98  2090.95  2116.38  2103.77  2063.01  2176.30 
 2071.46  2074.45  2107.66  2088.80  2049.59  2107.59  2113.18  2044.66  2178.01 
 2076.76  2045.93  2071.81  2077.09  2028.97  2137.25  2095.54  2054.55  2140.80 
 2098.08  2088.84  2061.38  2089.33  2081.86  2093.39  2104.61  2054.85  2163.49 
 2087.07  2040.23  2117.59  2106.75  2067.62  2131.43  2052.21  2044.80  2179.61 
 2068.83  2072.39  2105.35  2101.98  2097.03  2089.61  2093.56  2089.23  2219.48 
 2038.22  2058.86  2094.20  2114.41  2049.57  2101.61  2061.86  2006.00  2138.54 
 2075.52  2065.13  2123.00  2106.07  2096.72  2119.77  2044.70  2039.39  2169.16 
 2053.80  2062.36  2092.02  2090.32  2096.33  2067.23  2062.47  2076.99  2151.86 
 2096.42  2041.83  2055.16  2119.89  2062.13  2087.25  2052.80  2073.09  2168.14 
 2061.84  2080.41  2063.48  2086.61  2116.71  2089.83  2076.42  2025.57  2183.34 
 2091.05  2108.90  2081.82  2085.82  2064.64  2081.25  2040.85  2053.61  2188.93 
 2118.00  2011.91  2079.47  2128.18  2071.24  2108.41  2052.28  2022.34  2180.27 
 2042.94  2105.98  2120.33  2104.06  2082.75  2066.56  2056.61  2007.99  2165.97 
 2077.91  2079.64  2085.42  2119.61  2055.76  2114.26  2075.42  2011.62  2171.82 
 2085.40  2019.50  2120.85  2107.72  2083.78  2108.01  2051.80  2061.05  2186.79 
 2091.26  2072.10  2077.05  2068.72  2076.81  2133.20  2070.55  2045.36  2164.10 
 2108.55  2061.86  2099.66  2096.95  2030.05  2141.20  2064.46  2081.44  2163.51 
 2066.99  2069.97  2088.54  2103.34  2058.97  2128.81  2105.84  2049.85  2153.67 
 2106.97  2077.96  2098.47  2102.40  2068.61  2055.11  2076.95  2030.55  2178.95 
 2086.94  2013.99  2108.69  2145.87  2112.18  2120.62  2084.81  2100.26  2187.34 
 2062.69  2057.70  2059.86  2094.74  2073.90  2096.73  2034.62  2077.11  2173.79 
 2060.03  2071.61  2052.55  2118.44  2078.05  2082.73  2062.30  2058.03  2171.99 
 2086.63  2058.20  2114.89  2092.44  2065.01  2092.01  2066.21  2033.21  2142.72 
 2068.19  2084.29  2055.29  2117.04  2082.47  2105.16  2069.48  2057.89  2181.26 
 2046.69  2113.16  2096.67  2106.62  2081.53  2111.81  2096.53  1999.98  2158.22 
 2111.12  2057.31  2060.27  2073.92  2083.12  2101.16  2080.29  2043.64  2171.56 
 2090.54  2020.07  2061.55  2087.03  2057.44  2061.01  2054.31  2037.82  2171.03 
 2081.98  2067.84  2100.26  2148.02  2104.40  2108.84  2069.53  2036.44  2166.58 
 2102.93  2061.97  2098.57  2121.30  2086.10  2086.40  2093.37  2033.57  2172.16 
 2053.18  2048.24  2094.84  2140.86  2084.18  2075.20  2050.38  2047.32  2169.26 
 2085.59  2042.11  2095.32  2120.87  2080.15  2081.78  2055.20  2053.34  2155.35 
 2073.83  2046.45  2056.45  2122.54  2080.68  2108.91  2072.85  2090.33  2144.22 
 2076.51  2070.60  2133.18  2114.32  2087.65  2095.22  2075.67  2037.89  2187.87 
 2082.07  2051.70  2110.55  2095.64  2052.53  2084.20  2080.84  2067.69  2172.31 
 2087.99  2057.49  2064.27  2107.45  2058.47  2089.71  2053.42  2061.34  2170.18 
 2054.07  2099.32  2066.59  2124.62  2075.52  2085.62  2051.63  2063.77  2185.60 
 2065.78  2056.99  2073.39  2117.31  2067.04  2104.23  2100.57  2081.53  2150.32 
 2095.94  2030.06  2069.76  2112.82  2059.24  2065.14  2065.80  2061.20  2172.43 
 2116.20  2056.11  2072.72  2124.78  2077.50  2059.27  2097.27  2028.86  2203.43 
 2060.68  2053.03  2097.03  2076.39  2069.89  2121.39  2067.93  2035.00  2174.51 
 2099.84  2109.26  2063.34  2116.83  2062.12  2125.68  2095.48  2058.34  2172.93 
 2079.20  2042.01  2082.59  2129.50  2072.69  2123.93  2070.24  2029.05  2138.29 
 2095.27  2080.47  2099.75  2081.20  2081.88  2101.31  2089.14  2018.66  2141.12 
 2102.37  2078.23  2105.44  2092.50  2038.87  2113.47  2062.36  2050.30  2161.17 
 2091.89  2074.26  2105.11  2131.80  2037.30  2125.16  2053.28  2024.06  2147.99 
 2097.34  2041.13  2135.95  2108.44  2062.63  2097.39  2083.34  2049.97  2177.86 
 2106.26  2037.47  2128.54  2076.81  2073.70  2091.76  2092.00  2070.80  2160.66 
 2066.68  2040.27  2078.51  2100.96  2053.24  2128.22  2079.46  2064.80  2203.13 
 2091.95  2060.46  2147.60  2093.12  2091.35  2102.90  2059.12  2040.43  2172.96 
 2063.26  2076.13  2088.15  2113.48  2080.68  2145.67  2091.96  2042.20  2170.22 
 2087.02  2091.08  2134.09  2145.12  2056.22  2061.90  2073.94  2024.89  2202.79 
 2115.12  2095.54  2116.35  2113.47  2091.53  2111.05  2070.21  2036.17  2147.31 
 2094.26  2067.22  2087.91  2125.10  2061.77  2107.43  2068.41  2082.36  2120.95 
 2069.72  2059.08  2085.08  2156.95  2056.41  2084.82  2071.38  2051.68  2165.14 
 2095.00  2072.58  2078.70  2117.05  2078.09  2066.59  2058.10  2026.85  2147.42 
 2066.50  2082.84  2108.37  2103.89  2059.35  2096.52  2096.96  2064.84  2169.03 
 2059.28  2019.24  2064.37  2117.30  2076.50  2121.45  2084.37  2043.29  2167.60 
 2079.87  2073.35  2087.15  2125.93  2048.49  2076.98  2097.48  2075.84  2181.11 
 2113.54  2056.34  2076.47  2113.30  2051.49  2046.20  2101.18  2077.11  2168.49 
 2058.26  2060.18  2111.48  2104.66  2058.90  2101.78  2052.10  2047.67  2176.60 
 2097.69  2070.12  2093.20  2114.23  2053.68  2091.72  2074.39  2083.83  2192.67 
 2098.16  2076.04  2097.64  2116.03  2067.08  2103.20  2124.02  2041.75  2202.14 
 2102.48  2094.53  2114.67  2064.64  2086.25  2072.68  2063.90  2094.39  2153.31 
 2090.48  2063.28  2077.57  2090.01  2102.12  2110.19  2098.65  2049.08  2172.79 
 2095.53  2066.18  2082.95  2091.29  2097.96  2117.82  2097.37  2044.14  2173.63 
 2086.88  2078.63  2113.55  2092.48  2066.83  2132.30  2074.21  2058.13  2175.88 
 2087.85  2032.54  2087.92  2083.37  2049.59  2108.47  2101.89  2046.18  2201.09 
 2072.28  2067.38  2072.74  2078.08  2066.59  2112.36  2052.93  2053.32  2152.14 
 2077.05  2074.53  2120.82  2104.25  2030.76  2089.02  2034.18  2056.80  2183.20 
 2079.96  2040.40  2085.66  2074.09  2109.19  2085.49  2052.42  2058.78  2108.91 
 2098.28  2066.28  2104.24  2094.71  2111.86  2067.14  2086.07  2064.08  2163.88 
 2057.35  2042.08  2060.04  2100.57  2069.73  2123.64  2095.93  2049.25  2163.94 
 2093.17  2035.68  2099.99  2105.19  2056.04  2057.80  2067.93  2034.09  2143.05 
 2081.24  2092.64  2093.04  2071.66  2064.79  2096.39  2074.06  2048.75  2183.37 
 2099.61  2035.09  2093.97  2095.60  2064.30  2074.00  2056.41  2054.58  2161.44 
 2066.64  2051.63  2086.84  2082.48  2088.42  2120.06  2049.15  2062.67  2139.80 
 2054.32  2106.83  2066.71  2067.91  2013.23  2088.16  2042.08  1985.24  2152.78 
 2073.87  2069.07  2085.11  2098.18  2100.66  2090.54  2038.63  2042.61  2153.96 
 2099.64  2051.51  2090.16  2105.43  2091.65  2079.43  2044.69  2029.80  2166.47 
 2102.05  2070.13  2102.03  2085.38  2093.27  2147.98  2076.10  2010.86  2170.52 
 2083.70  2016.97  2127.48  2097.39  2067.16  2104.55  2070.20  2043.20  2179.13 
 2079.26  2064.27  2101.11  2148.62  2066.43  2114.59  2075.82  2059.91  2148.11 
 2083.58  2051.66  2083.36  2096.03  2065.94  2083.57  2088.50  2052.89  2189.80 
 2104.42  2051.62  2094.50  2112.86  2049.06  2137.47  2069.00  2045.78  2168.45 
 2030.45  2073.33  2088.63  2089.31  2066.82  2089.19  2080.58  2038.79  2185.46 
 2066.77  2079.07  2084.07  2125.28  2033.31  2100.77  2086.37  2048.50  2182.82 
 2086.05  2057.58  2099.93  2123.32  2055.90  2094.68  2088.26  2035.90  2197.90 
 2048.42  2039.07  2072.67  2106.77  2069.59  2123.54  2107.47  2059.30  2151.05 
 2092.85  2054.05  2092.63  2127.34  2076.66  2096.61  2078.54  2043.88  2162.10 
 2051.11  2042.92  2105.93  2104.17  2054.18  2095.14  2057.24  2073.68  2098.12 
 2085.76  2023.33  2104.29  2093.40  2082.96  2091.09  2083.79  2044.38  2170.08 
 2105.18  2067.49  2134.93  2147.68  2091.17  2096.73  2064.23  2054.22  2169.80 
 2117.26  2007.38  2092.34  2135.11  2089.62  2120.23  2081.05  2030.13  2178.13 
 2064.42  2045.56  2065.87  2114.03  2035.38  2060.34  2061.22  2042.49  2177.01 
 2105.83  2057.00  2097.42  2108.56  2079.83  2089.20  2074.02  2056.39  2166.91 
 2043.48  2088.65  2140.35  2102.70  2057.49  2132.68  2098.84  2043.90  2173.73 
 2140.98  2100.49  2085.95  2084.47  2068.31  2130.27  2064.71  2026.99  2159.61 
 2055.01  2058.59  2098.53  2141.91  2087.18  2106.62  2070.61  2072.56  2142.59 
 2090.18  2072.63  2099.57  2115.72  2061.98  2082.64  2108.36  2022.19  2156.15 
 2099.92  2073.92  2107.15  2107.05  2055.52  2070.45  2062.76  2043.00  2163.77 
 2071.08  2097.30  2130.69  2089.52  2030.66  2128.63  2054.49  2090.19  2166.27 
 2108.07  2023.01  2066.04  2135.74  2090.05  2078.28  2038.22  2045.95  2165.43 
 2096.30  2028.71  2078.08  2109.30  2056.93  2147.80  2065.15  2043.26  2149.34 
 2098.50  2052.93  2087.73  2105.20  2082.66  2092.94  2074.53  2069.47  2194.86 
 2080.05  2098.68  2076.41  2112.20  2060.95  2085.77  2101.08  2023.62  2148.35 
 2087.88  2056.41  2067.71  2104.53  2063.45  2101.01  2054.45  2063.62  2178.30 
 2068.08  2067.73  2106.61  2069.25  2094.31  2111.63  2048.11  2066.74  2188.67 
 2054.22  2077.71  2091.17  2124.41  2086.75  2100.34  2054.32  2040.63  2113.19 
 2108.23  2057.72  2081.31  2137.52  2071.53  2077.64  2097.76  2042.80  2140.06 
 2065.60  2041.11  2143.03  2138.59  2043.55  2087.38  2078.27  2043.41  2156.41 
 2106.90  2079.71  2074.05  2117.34  2073.49  2112.47  2054.64  2035.90  2155.30 
 2056.22  2056.56  2107.75  2105.26  2072.38  2081.18  2081.12  2052.61  2169.26 
 2061.97  2053.10  2141.05  2125.52  2094.82  2107.84  2052.66  2062.01  2187.84 
 2070.72  2044.46  2093.69  2129.02  2072.06  2094.44  2091.20  2038.33  2216.43 
 2070.84  2044.23  2047.52  2106.15  2022.09  2109.57  2050.30  2046.70  2168.67 
 2095.84  2050.71  2070.02  2147.44  2062.99  2075.72  2069.02  2043.73  2153.68 
 2047.21  2057.99  2102.84  2085.54  2080.49  2122.51  2078.46  2087.79  2194.17 
 2035.11  2045.31  2065.07  2099.85  2055.95  2084.11  2079.10  2039.02  2170.06 
 2076.41  2061.19  2098.10  2098.36  2073.20  2129.97  2079.12  2078.19  2157.66 
 2077.29  2085.23  2099.82  2108.16  2053.36  2090.07  2068.29  2081.22  2174.28 
 2097.03  2081.87  2104.70  2081.32  2064.45  2115.12  2026.86  2017.13  2145.40 
 2087.02  2054.91  2084.05  2116.48  2064.05  2094.16  2075.48  2037.92  2158.82 
 2100.78  2065.53  2092.70  2111.13  2077.20  2123.63  2034.42  2043.37  2214.52 
 2096.74  2028.24  2101.00  2134.51  2042.18  2088.51  2084.35  2065.46  2155.82 
 2082.57  2079.73  2071.85  2095.09  2053.32  2077.16  2086.73  2077.86  2208.63 
 2096.27  2072.82  2121.59  2123.34  2057.23  2118.91  2070.39  2027.00  2195.57 
 2103.50  2067.43  2086.96  2105.58  2066.08  2095.49  2081.40  2074.85  2168.01 
 2118.83  2051.14  2059.66  2103.27  2121.32  2087.14  2073.64  2020.09  2166.01 
 2121.15  2049.49  2045.82  2117.07  2069.83  2078.02  2082.16  2032.48  2187.03 
 2105.18  2076.09  2090.85  2094.72  2089.75  2109.02  2079.19  2019.28  2167.59 
 2074.22  2059.45  2084.03  2106.81  2046.69  2103.78  2060.87  2040.71  2168.89 
 2095.18  2036.15  2069.68  2109.00  2050.39  2120.41  2045.22  2042.45  2203.65 
 2086.43  2022.69  2087.64  2112.60  2056.64  2119.24  2026.99  2022.59  2140.99 
 2037.91  2071.41  2107.72  2105.67  2069.78  2091.70  2011.77  2018.62  2115.91 
 2070.11  2054.79  2073.96  2108.82  2045.11  2115.91  2055.71  2035.95  2174.23 
 2088.84  2051.08  2055.09  2082.88  2091.26  2109.71  2056.70  2094.37  2107.10 
 2122.60  2046.17  2071.36  2077.53  2043.05  2091.27  2026.14  2062.32  2163.79 
 2078.35  2034.02  2072.82  2092.39  2050.34  2115.14  2085.70  2034.77  2161.36 
 2085.07  2017.89  2121.28  2113.93  2026.38  2075.84  2080.19  2069.78  2183.88 
 2108.52  2068.42  2111.34  2096.87  2021.56  2092.04  2101.05  2049.68  2162.17 
 2058.90  2070.63  2070.11  2124.54  2081.71  2075.79  2083.57  2029.27  2179.13 
 2099.35  2059.46  2075.49  2092.04  2071.15  2095.40  2053.93  2024.61  2139.56 
 2079.47  2039.23  2080.40  2094.12  2056.20  2108.38  2068.10  2073.30  2188.54 
 2093.82  2066.94  2098.40  2070.03  2091.05  2075.93  2018.49  2065.48  2115.10 
 2036.58  2077.47  2082.10  2145.54  2072.72  2100.02  2075.68  2012.40  2165.13 
 2105.94  2074.95  2074.74  2124.81  2084.59  2047.98  2081.61  2061.88  2165.62 
 2085.57  2041.38  2104.04  2105.98  2051.29  2124.06  2075.49  2039.04  2133.13 
 2063.56  2044.96  2083.87  2093.23  2096.76  2098.25  2117.38  2072.46  2151.39 
 2064.01  2088.16  2082.24  2122.44  2104.46  2092.00  2080.81  2021.34  2189.35 
 2080.84  2041.18  2091.95  2131.77  2077.17  2082.39  2106.44  2054.56  2151.32 
 2057.79  2044.56  2116.43  2093.37  2110.26  2107.32  2063.00  2070.87  2183.49 
 2145.32  2070.10  2097.88  2118.49  2089.40  2116.82  2060.54  2045.84  2155.69 
 2098.01  2065.65  2076.21  2122.26  2061.97  2082.52  2099.14  2008.66  2178.15 
 2098.49  2085.06  2080.76  2147.64  2052.11  2114.83  2044.62  2042.75  2132.25 
 2081.11  2068.02  2102.38  2152.50  2056.66  2073.31  2081.75  2056.92  2140.77 
 2094.19  2045.49  2091.04  2124.94  2055.39  2071.26  2071.55  2039.96  2159.87 
 2116.40  2073.59  2068.95  2115.49  2058.61  2105.81  2055.81  2039.96  2124.95 
 2071.27  2063.64  2069.74  2104.64  2081.55  2113.29  2069.58  2060.23  2149.59 
 2080.33  2064.29  2104.54  2127.90  2077.00  2164.34  2061.14  2060.21  2188.08 
 2107.83  2085.10  2108.78  2104.90  2059.23  2092.30  2044.60  2054.53  2165.37 
 2056.51  2095.91  2064.32  2143.30  2059.07  2103.41  2066.19  2077.91  2126.35 
 2061.25  2035.39  2091.23  2125.89  2054.43  2103.48  2095.47  2000.40  2146.52 
 2049.74  2078.21  2091.71  2112.61  2100.13  2069.43  2065.05  2088.30  2209.53 
 2055.20  2005.50  2043.08  2122.82  2070.81  2127.82  2102.75  2020.36  2154.53 
 2094.50  2077.64  2092.38  2071.51  2092.20  2094.04  2091.46  2067.68  2197.79 
 2103.25  2072.24  2076.52  2115.00  2079.80  2079.13  2067.46  2069.55  2130.77 
 2112.98  2096.55  2074.40  2143.12  2072.11  2111.52  2090.58  2021.50  2148.38 
 2018.44  2047.65  2077.50  2105.35  2056.66  2095.44  2064.99  2052.86  2178.68 
 2027.11  2065.10  2102.55  2090.33  2065.57  2108.26  2042.05  2013.92  2167.23 
 2089.37  2026.47  2078.49  2120.97  2093.36  2112.16  2091.35  2036.43  2166.01 
 2089.68  2100.85  2076.99  2083.89  2073.74  2061.11  2049.62  2033.46  2154.93 
 2049.52  2047.35  2081.62  2127.94  2090.38  2097.16  2100.32  2058.31  2142.38 
 2095.38  2043.49  2093.75  2112.39  2072.11  2130.10  2071.06  2056.99  2175.41 
 2049.96  2044.95  2132.81  2113.30  2055.64  2107.47  2067.24  2042.64  2147.95 
 2052.81  2040.32  2087.55  2108.86  2060.75  2123.90  2053.62  2026.73  2157.62 
 2080.82  2061.40  2061.50  2124.53  2049.45  2127.82  2066.90  2053.32  2171.94 
 2080.17  2067.68  2086.79  2093.64  2076.77  2072.71  2064.07  2057.13  2155.40 
 2085.77  2046.75  2118.88  2064.81  2069.61  2091.07  2087.25  2031.11  2176.58 
 2080.74  2049.41  2087.57  2134.23  2074.44  2096.66  2061.10  2021.10  2166.58 
 2100.26  2056.96  2093.02  2132.47  2075.77  2080.21  2088.05  2073.82  2154.07 
 2092.32  2058.79  2118.58  2071.86  2058.26  2124.22  2047.66  2080.54  2190.15 
 2114.25  2073.77  2089.50  2124.20  2072.62  2099.38  2066.53  2036.17  2130.29 
 2054.09  2066.56  2099.38  2129.49  2054.04  2071.09  2090.87  2066.20  2164.67 
 2103.69  2065.20  2083.74  2142.43  2047.67  2100.62  2069.17  2052.82  2162.14 
 2070.00  2088.94  2134.81  2076.17  2092.91  2096.75  2080.66  2041.79  2194.42 
 2093.17  2094.94  2094.55  2107.72  2051.99  2130.44  2047.77  2015.52  2155.64 
 2079.99  2037.82  2103.53  2094.92  2078.67  2116.43  2078.96  2056.38  2174.28 
 2070.27  2042.29  2064.53  2111.06  2065.94  2094.90  2036.79  2059.54  2157.08 
 2085.68  2032.57  2069.84  2059.70  2057.70  2083.80  2056.80  2038.03  2181.92 
 2095.43  2082.84  2097.64  2091.68  2070.59  2088.44  2095.10  2047.30  2153.90 
 2079.95  2092.36  2113.61  2082.10  2024.76  2088.89  2099.78  2035.78  2149.24 
 2079.88  2049.37  2079.47  2139.34  2049.79  2097.54  2058.54  2084.81  2167.72 
 2064.57  2032.37  2079.87  2088.06  2042.01  2089.25  2087.41  2037.64  2150.93 
 2078.78  2057.37  2084.62  2096.08  2057.98  2129.71  2092.79  2069.39  2161.36 
 2064.07  2062.52  2084.19  2102.30  2087.39  2099.14  2039.88  2066.89  2196.90 
 2100.77  2058.98  2084.68  2119.61  2055.91  2102.83  2077.19  2036.85  2142.86 
 2078.98  2037.29  2113.88  2101.60  2078.44  2059.74  2090.70  2037.21  2183.89 
 2114.95  2045.74  2071.61  2107.06  2090.98  2106.72  2054.57  2022.88  2127.95 
 2124.73  2079.56  2080.89  2105.16  2103.25  2110.42  2089.14  2046.53  2173.65 
 2061.89  2027.68  2056.44  2104.13  2068.90  2069.95  2065.02  2035.74  2203.44 
 2093.35  2041.33  2080.69  2091.90  2074.22  2081.29  2061.56  2021.19  2139.51 
 2051.24  2072.14  2082.76  2070.53  2084.68  2088.72  2099.84  2040.97  2125.37 
 2094.27  2072.76  2118.60  2058.63  2091.97  2062.21  2096.05  2060.46  2207.36 
 2101.73  2065.56  2121.30  2102.99  2070.26  2111.90  2106.47  2040.38  2156.06 
 2081.91  2042.79  2120.53  2109.59  2093.03  2070.53  2099.23  2094.69  2146.16 
 2083.77  2021.98  2095.22  2115.15  2069.51  2067.22  2068.94  2077.98  2189.13 
 2083.88  2033.28  2082.86  2154.36  2054.07  2116.17  2076.78  2022.18  2173.75 
 2093.95  2087.09  2069.77  2118.02  2048.13  2105.46  2082.05  2021.73  2149.47 
 2045.85  2048.10  2089.76  2116.84  2044.19  2092.79  2047.63  2044.78  2159.59 
 2077.57  2035.87  2082.99  2062.85  2084.09  2112.51  2064.25  2020.87  2133.09 
 2098.19  2063.39  2122.66  2082.45  2072.31  2124.98  2053.51  2059.97  2181.91 
 2093.99  2066.85  2085.09  2142.47  2034.54  2103.17  2078.06  2054.52  2120.62 
 2102.38  2068.69  2075.10  2104.62  2064.94  2071.56  2061.28  2051.68  2182.24 
 2092.04  2043.09  2117.19  2108.43  2073.12  2107.61  2054.72  2065.15  2127.61 
 2113.49  2046.69  2097.29  2113.20  2056.15  2104.60  2062.81  2072.82  2156.83 
 2070.28  1999.92  2110.50  2097.96  2114.24  2121.12  2113.92  2057.05  2149.26 
 2109.90  2025.77  2106.49  2093.04  2078.19  2124.62  2077.30  2008.27  2182.15 
 2081.71  2040.08  2107.21  2120.04  2046.95  2115.22  2056.17  2025.59  2201.65 
 2112.93  2055.12  2102.51  2138.83  2086.45  2083.66  2059.38  2035.05  2181.88 
 2122.93  2083.75  2107.55  2136.55  2087.42  2111.03  2091.70  2125.01  2146.03 
 2066.27  2071.83  2092.93  2138.09  2110.68  2089.43  2070.04  2067.72  2154.02 
 2092.39  2075.29  2072.82  2142.20  2062.21  2078.66  2066.53  2038.63  2161.28 
 2066.35  2032.33  2100.79  2089.82  2087.20  2145.40  2071.64  2059.72  2095.45 
 2059.50  2051.87  2112.98  2085.52  2096.99  2088.76  2079.08  2052.57  2155.39 
 2089.85  2045.09  2125.97  2092.98  2060.37  2140.22  2083.17  2035.69  2162.78 
 2067.94  2048.62  2089.51  2085.45  2056.56  2065.97  2104.85  2041.60  2161.94 
 2049.14  2080.96  2104.17  2112.36  2042.79  2127.53  2069.64  2031.59  2152.76 
 2087.95  2089.37  2101.44  2140.19  2109.03  2103.92  2094.45  2030.17  2151.67 
 2086.65  2060.15  2133.06  2097.76  2055.72  2078.33  2104.70  2050.44  2191.35 
 2058.23  2063.83  2090.90  2110.87  2105.55  2078.44  2073.47  2041.62  2170.71 
 2044.27  2043.23  2081.48  2129.13  2061.34  2119.16  2100.53  2038.87  2146.21 
 2067.43  2006.87  2068.21  2096.21  2058.59  2095.42  2076.78  2075.27  2158.94 
 2090.05  2038.30  2059.06  2088.45  2027.88  2076.69  2107.92  2013.01  2166.59 
 2083.67  2088.95  2107.55  2135.84  2072.39  2111.86  2081.07  2019.82  2190.15 
 2069.53  2083.97  2046.40  2113.58  2085.66  2117.82  2068.79  2054.78  2171.40 
 2101.10  2054.55  2094.02  2130.55  2101.71  2109.56  2092.02  2050.98  2175.67 
 2079.43  2046.57  2131.67  2107.49  2075.52  2131.93  2055.96  2045.28  2137.16 
 2090.07  2090.04  2094.08  2093.28  2029.78  2076.76  2085.82  2063.37  2154.64 
 2070.46  2068.63  2075.61  2102.07  2058.32  2114.53  2033.87  2017.72  2191.92 
 2087.17  2037.29  2093.66  2089.41  2094.05  2103.13  2083.82  2052.14  2124.30 
 2080.78  2038.72  2098.28  2118.25  2083.76  2074.71  2096.35  2048.62  2148.96 
 2045.32  2094.50  2098.52  2107.84  2046.26  2065.41  2069.63  2069.09  2148.97 
 2098.25  2098.74  2093.82  2129.57  2056.93  2065.10  2089.51  2044.98  2112.00 
 2074.85  2031.57  2130.77  2112.66  2073.26  2119.45  2056.56  2015.71  2195.78 
 2070.44  2048.83  2105.44  2143.31  2049.80  2096.34  2028.40  2040.29  2193.69 
 2085.90  2065.07  2085.20  2092.93  2099.86  2083.00  2085.80  2026.97  2148.84 
 2099.19  2071.67  2090.96  2130.09  2086.08  2073.75  2082.92  2042.69  2149.87 
 2080.61  2052.45  2077.26  2131.96  2068.26  2092.14  2055.36  2035.40  2150.61 
 2093.01  2068.18  2072.06  2120.61  2061.46  2141.16  2031.47  2042.71  2149.55 
 2078.58  2030.16  2035.30  2085.98  2051.28  2103.88  2056.26  2036.23  2137.13 
 2045.44  2061.77  2040.83  2047.92  2068.44  2125.78  2070.26  2019.85  2140.55 
 2095.28  2052.57  2074.97  2072.18  2084.16  2121.17  2036.14  2041.23  2150.14 
 2077.61  2015.82  2064.08  2123.80  2067.39  2131.47  2052.39  2021.80  2164.42 
 2065.25  2043.13  2087.04  2107.19  2097.73  2062.75  2059.66  2035.13  2150.80 
 2100.51  2069.32  2078.85  2094.47  2084.85  2091.84  2094.37  2075.36  2153.98 
 2092.15  2108.39  2076.22  2124.65  2120.63  2064.26  2069.68  2020.72  2151.50 
 2083.82  2045.87  2073.41  2068.46  2055.14  2039.57  2057.44  2011.84  2176.18 
 2095.52  2028.65  2093.37  2147.01  2076.68  2056.69  2089.94  2061.58  2176.54 
 2084.62  2040.14  2055.23  2069.45  2048.72  2069.43  2055.76  2045.21  2158.88 
 2088.88  2059.55  2077.16  2056.98  2046.86  2071.01  2014.47  2056.03  2170.38 
 2096.94  2039.05  2080.27  2067.33  2064.84  2100.12  2065.27  2016.85  2157.42 
 2080.53  2052.84  2105.03  2081.93  2083.07  2086.78  2037.71  2018.95  2193.31 
 2111.24  2068.99  2079.66  2114.64  2078.97  2096.55  2073.42  2027.89  2135.14 
