 2168.65  2158.30  2175.77  2206.20  2160.96  2187.41  2124.28  2195.99  2328.09 
 2089.30  2106.65  2166.48  2163.19  2154.81  2150.75  2089.87  2162.26  2281.88 
 2184.93  2151.81  2233.50  2192.44  2186.22  2164.24  2158.69  2133.02  2316.40 
 2102.66  2097.99  2162.22  2123.29  2139.51  2161.89  2074.62  2159.55  2307.05 
 2187.13  2161.86  2174.78  2163.98  2208.76  2157.93  2169.96  2153.97  2306.55 
 2103.93  2110.61  2181.17  2130.34  2114.42  2127.44  2093.22  2140.41  2304.16 
 2161.91  2155.57  2218.79  2209.12  2185.11  2168.88  2166.43  2120.42  2314.41 
 2150.55  2077.31  2139.33  2127.78  2104.64  2130.06  2117.47  2129.53  2302.51 
 2179.64  2127.26  2194.88  2197.06  2192.30  2151.77  2148.14  2182.03  2348.14 
 2119.89  2102.29  2153.07  2116.14  2155.55  2151.73  2095.56  2084.52  2280.16 
 2127.84  2122.12  2189.05  2210.07  2139.84  2187.23  2131.03  2175.24  2291.03 
 2143.57  2078.03  2110.43  2121.66  2137.89  2194.37  2080.13  2149.07  2298.54 
 2168.90  2141.10  2158.12  2195.09  2205.74  2196.12  2149.05  2186.72  2299.92 
 2120.20  2088.79  2188.70  2150.29  2130.25  2157.79  2059.90  2133.80  2295.44 
 2189.87  2145.97  2213.50  2203.55  2213.27  2205.04  2172.64  2158.99  2368.20 
 2087.01  2080.39  2142.61  2162.87  2142.36  2148.11  2118.02  2120.24  2269.91 
 2148.93  2155.68  2250.23  2188.61  2191.64  2184.06  2179.88  2155.64  2307.79 
 2075.16  2087.78  2146.08  2120.22  2119.36  2161.91  2150.22  2151.13  2277.86 
 2110.93  2159.01  2218.82  2207.27  2237.41  2160.75  2143.83  2185.86  2384.26 
 2137.23  2120.26  2127.12  2156.29  2167.91  2140.17  2100.85  2101.34  2299.23 
 2133.70  2171.19  2239.39  2147.82  2168.44  2203.49  2185.63  2151.27  2321.20 
 2103.97  2075.37  2148.46  2099.89  2082.15  2129.35  2102.45  2106.68  2297.99 
 2175.33  2152.93  2241.02  2140.69  2184.07  2196.81  2130.27  2179.55  2343.85 
 2101.44  2108.25  2143.12  2122.20  2134.95  2130.56  2078.01  2135.76  2266.36 
 2159.36  2129.74  2221.67  2196.20  2212.15  2202.47  2161.07  2205.18  2368.70 
 2106.87  2086.77  2106.21  2127.65  2134.54  2132.96  2110.03  2143.28  2294.28 
 2183.67  2157.48  2204.54  2197.15  2169.20  2232.23  2174.50  2177.93  2346.34 
 2097.97  2078.07  2138.93  2145.21  2135.42  2117.29  2111.76  2113.42  2278.49 
 2162.90  2111.31  2205.11  2162.21  2226.81  2161.74  2178.71  2216.13  2315.75 
 2127.32  2112.62  2172.88  2133.41  2143.36  2140.92  2118.24  2179.55  2237.86 
 2142.49  2140.83  2214.18  2222.78  2202.56  2160.83  2148.02  2172.01  2346.60 
 2114.60  2100.40  2158.46  2188.07  2140.52  2156.11  2142.46  2107.69  2316.98 
 2145.13  2141.63  2219.41  2186.97  2215.84  2217.18  2161.63  2147.23  2299.97 
 2118.67  2045.51  2117.15  2129.06  2103.21  2133.86  2104.14  2154.70  2299.17 
 2173.83  2147.90  2201.08  2157.95  2219.20  2193.92  2170.35  2166.49  2328.82 
 2115.34  2108.25  2142.72  2105.85  2155.61  2137.78  2154.49  2108.70  2265.68 
 2165.14  2170.67  2191.09  2162.78  2168.88  2186.20  2113.34  2204.33  2311.00 
 2129.99  2112.99  2127.33  2143.81  2144.48  2136.05  2104.74  2080.91  2290.78 
 2189.65  2102.80  2190.02  2215.53  2183.74  2199.33  2190.11  2208.54  2291.02 
 2126.79  2082.50  2181.13  2124.10  2143.23  2137.96  2093.93  2146.20  2286.03 
 2171.24  2152.08  2212.89  2197.36  2185.29  2209.56  2189.07  2192.05  2360.41 
 2104.84  2048.55  2132.09  2112.67  2159.84  2164.61  2110.93  2147.55  2326.46 
 2189.29  2144.93  2226.11  2188.11  2210.41  2178.98  2184.78  2187.46  2300.61 
 2105.83  2081.89  2186.29  2153.51  2133.69  2151.65  2096.97  2113.91  2277.95 
 2138.69  2182.61  2232.91  2200.33  2216.79  2202.89  2185.44  2162.69  2364.25 
 2081.23  2115.30  2129.33  2120.63  2179.70  2163.66  2121.55  2070.97  2332.88 
 2130.69  2124.41  2175.28  2201.37  2159.41  2197.48  2171.67  2182.22  2323.96 
 2114.61  2136.29  2205.05  2185.12  2157.25  2146.30  2104.45  2136.80  2305.05 
 2159.85  2126.52  2257.66  2209.86  2194.56  2178.64  2178.30  2233.47  2321.23 
 2132.63  2068.30  2162.42  2125.33  2123.43  2123.25  2125.04  2130.85  2303.79 
 2185.22  2119.68  2190.18  2202.13  2195.88  2184.05  2176.74  2175.77  2340.93 
 2135.80  2082.54  2134.68  2157.07  2156.04  2158.59  2105.17  2168.30  2304.58 
 2148.25  2118.23  2177.86  2168.56  2197.47  2233.32  2155.33  2172.24  2357.27 
 2123.86  2103.85  2189.64  2144.88  2133.08  2155.20  2126.88  2121.06  2248.37 
 2203.74  2130.05  2194.23  2193.07  2195.50  2195.26  2168.82  2145.73  2341.52 
 2100.17  2068.71  2182.27  2145.13  2155.15  2146.60  2125.88  2106.35  2268.97 
 2148.23  2161.68  2221.28  2191.65  2158.70  2228.39  2168.69  2168.35  2330.86 
 2107.95  2070.90  2140.49  2117.57  2116.06  2119.43  2102.54  2136.93  2266.62 
 2149.53  2142.16  2206.25  2205.99  2188.40  2176.73  2141.62  2166.50  2358.36 
 2117.54  2084.30  2156.98  2132.30  2124.25  2137.12  2115.14  2112.86  2272.47 
 2181.19  2132.40  2226.97  2201.82  2179.40  2205.10  2151.03  2155.47  2355.54 
 2098.59  2065.46  2172.07  2132.05  2135.98  2109.57  2126.39  2098.13  2286.97 
 2181.63  2118.53  2216.93  2206.90  2178.26  2182.92  2155.74  2180.82  2297.09 
 2117.37  2127.99  2181.40  2142.13  2157.76  2126.07  2119.56  2118.76  2254.46 
 2180.44  2154.42  2173.05  2228.97  2162.19  2199.65  2146.32  2180.98  2380.72 
 2127.87  2128.04  2134.74  2101.43  2101.46  2112.47  2048.46  2080.78  2290.43 
 2139.18  2168.76  2199.79  2195.59  2208.38  2167.82  2161.73  2169.25  2352.36 
 2100.06  2104.63  2090.84  2132.04  2139.35  2122.70  2121.41  2119.77  2297.94 
 2169.81  2143.82  2150.32  2165.51  2195.26  2198.12  2149.99  2185.58  2343.06 
 2074.65  2100.27  2165.16  2137.81  2120.61  2172.57  2131.19  2158.05  2308.28 
 2149.19  2112.55  2188.72  2153.27  2180.07  2234.41  2161.13  2180.68  2358.34 
 2095.74  2081.01  2133.21  2144.43  2152.26  2152.76  2096.67  2126.03  2315.61 
 2120.30  2142.70  2209.10  2168.64  2203.22  2194.56  2172.37  2210.09  2284.57 
 2106.96  2087.29  2146.87  2156.88  2123.39  2140.38  2124.11  2133.26  2322.51 
 2146.69  2104.92  2222.81  2164.66  2195.62  2211.64  2180.63  2198.28  2344.90 
 2125.49  2059.55  2136.41  2124.93  2096.74  2145.79  2130.51  2117.71  2312.52 
 2141.20  2104.05  2251.71  2175.36  2203.76  2201.42  2173.36  2198.91  2338.76 
 2116.22  2067.00  2175.50  2172.62  2151.42  2158.52  2102.92  2102.01  2308.40 
 2128.24  2139.30  2188.28  2210.80  2208.75  2195.88  2153.87  2189.04  2334.11 
 2141.91  2105.94  2147.68  2145.01  2164.52  2123.39  2066.71  2139.01  2324.19 
 2187.61  2137.64  2200.16  2187.29  2156.03  2207.37  2167.31  2165.66  2358.65 
 2100.12  2101.89  2219.94  2117.47  2153.84  2115.52  2127.36  2119.13  2268.74 
 2157.41  2140.16  2220.83  2173.25  2190.48  2183.04  2163.18  2173.01  2322.59 
 2098.30  2125.13  2172.51  2133.18  2132.45  2105.41  2123.93  2141.78  2290.77 
 2186.52  2169.62  2202.01  2191.29  2204.55  2186.57  2175.34  2181.32  2359.44 
 2101.62  2113.41  2161.37  2137.19  2155.25  2145.19  2123.93  2095.08  2315.11 
 2172.75  2163.42  2162.59  2202.00  2207.09  2208.16  2179.54  2146.11  2321.22 
 2138.18  2087.79  2193.40  2167.64  2132.64  2140.55  2102.59  2154.93  2280.01 
 2186.00  2137.59  2201.84  2176.57  2223.65  2201.61  2174.37  2200.09  2360.07 
 2107.13  2092.52  2148.53  2123.97  2138.17  2136.85  2115.34  2142.16  2272.57 
 2155.29  2088.80  2226.86  2188.02  2202.75  2217.89  2171.48  2186.91  2346.83 
 2114.49  2081.97  2100.86  2130.89  2160.67  2106.89  2100.36  2145.36  2282.09 
 2170.45  2095.63  2180.09  2215.54  2212.04  2210.24  2142.66  2164.38  2357.55 
 2120.57  2088.64  2165.48  2114.37  2141.64  2138.45  2116.83  2149.61  2299.97 
 2175.59  2143.60  2223.85  2161.85  2205.87  2158.42  2171.40  2163.07  2323.49 
 2158.85  2119.66  2169.87  2118.98  2158.85  2140.55  2078.14  2120.60  2284.79 
 2169.97  2131.15  2204.55  2149.69  2186.72  2209.72  2169.26  2208.64  2337.22 
 2101.87  2081.29  2124.35  2148.31  2123.12  2143.97  2142.14  2109.04  2298.69 
 2120.85  2142.59  2202.09  2182.91  2167.09  2209.25  2163.75  2206.45  2332.54 
 2081.34  2127.07  2205.91  2135.75  2123.07  2103.27  2105.57  2113.15  2283.83 
 2134.89  2177.41  2189.32  2192.63  2204.27  2149.59  2157.31  2178.52  2384.30 
 2135.16  2084.03  2139.05  2137.48  2157.20  2132.63  2093.89  2135.82  2278.06 
 2184.45  2099.10  2210.78  2189.16  2170.26  2157.64  2180.97  2227.46  2334.66 
 2101.78  2115.41  2167.64  2147.19  2169.94  2146.89  2128.72  2140.39  2239.53 
 2187.79  2126.95  2218.39  2176.42  2180.64  2198.97  2199.98  2210.24  2338.19 
 2092.95  2125.26  2148.75  2159.81  2131.89  2167.54  2130.86  2144.15  2264.61 
 2138.21  2176.22  2203.24  2184.12  2173.25  2174.94  2139.03  2167.40  2386.81 
 2113.41  2055.46  2150.37  2158.07  2146.95  2161.26  2079.94  2099.11  2300.04 
 2187.24  2125.66  2173.28  2191.96  2188.04  2156.55  2184.77  2144.95  2337.66 
 2060.18  2102.91  2152.71  2100.89  2144.32  2140.07  2128.03  2100.11  2312.94 
 2148.20  2136.15  2188.25  2162.85  2218.39  2199.78  2155.89  2163.28  2348.82 
 2127.92  2118.28  2156.40  2128.34  2133.04  2133.01  2103.71  2156.78  2309.74 
 2175.74  2151.98  2194.14  2202.02  2196.93  2195.06  2184.84  2233.61  2340.06 
 2143.95  2071.93  2148.18  2116.41  2146.53  2126.43  2102.58  2104.93  2277.04 
 2187.32  2142.35  2225.87  2195.43  2184.46  2216.39  2186.28  2142.75  2319.26 
 2114.26  2119.90  2148.31  2148.67  2153.99  2120.56  2056.66  2153.09  2301.83 
 2143.25  2165.67  2202.74  2192.39  2199.66  2157.82  2163.29  2157.94  2328.63 
 2140.21  2100.74  2138.30  2140.51  2140.08  2114.85  2064.55  2117.49  2282.60 
 2147.27  2126.90  2241.38  2216.08  2216.60  2152.53  2149.67  2231.32  2305.17 
 2144.59  2119.44  2189.65  2096.90  2150.97  2104.65  2111.50  2149.74  2266.75 
 2150.22  2139.86  2164.95  2188.05  2232.90  2213.77  2177.07  2150.37  2370.13 
 2132.96  2138.38  2153.22  2100.56  2168.98  2138.56  2096.62  2115.07  2300.26 
 2134.51  2168.31  2218.21  2224.09  2167.32  2179.21  2166.81  2202.81  2334.01 
 2102.06  2075.91  2146.90  2150.34  2170.96  2134.69  2115.17  2134.53  2286.02 
 2149.16  2122.38  2199.56  2192.95  2195.66  2169.19  2121.93  2134.32  2358.65 
 2140.96  2096.88  2131.78  2133.75  2141.41  2134.27  2102.51  2139.14  2297.39 
 2136.88  2120.33  2227.90  2186.87  2222.43  2200.14  2138.69  2180.86  2317.21 
 2132.21  2049.73  2163.58  2120.58  2182.34  2140.43  2075.88  2088.82  2263.84 
 2142.87  2133.88  2207.93  2178.09  2183.05  2185.00  2149.45  2164.64  2345.65 
 2098.88  2102.29  2116.35  2105.31  2162.24  2134.41  2086.63  2134.42  2303.47 
 2172.76  2126.39  2208.65  2199.72  2226.14  2172.45  2172.61  2175.27  2356.62 
 2126.56  2093.59  2160.53  2130.00  2121.98  2129.18  2107.85  2148.95  2256.90 
 2165.13  2131.22  2168.20  2163.00  2170.22  2193.67  2171.43  2190.43  2332.73 
 2117.37  2099.57  2149.29  2153.64  2128.82  2105.67  2133.53  2108.19  2330.90 
 2177.96  2144.11  2217.96  2191.84  2225.44  2176.72  2165.34  2193.47  2349.86 
 2113.10  2083.58  2136.45  2164.74  2124.11  2154.36  2095.49  2148.45  2297.74 
 2179.03  2126.94  2171.81  2138.70  2208.68  2163.24  2160.72  2189.19  2338.63 
 2085.39  2074.89  2174.78  2115.94  2145.83  2148.06  2126.67  2108.63  2273.53 
 2194.73  2124.74  2203.74  2193.86  2174.43  2206.91  2120.87  2168.65  2353.17 
 2106.66  2076.16  2159.01  2109.91  2129.14  2130.66  2090.72  2143.65  2315.90 
 2171.65  2133.15  2232.09  2181.58  2214.24  2182.52  2137.50  2211.87  2331.66 
 2100.31  2093.55  2157.30  2107.12  2100.00  2164.41  2129.25  2157.58  2299.59 
 2169.25  2121.94  2232.59  2191.40  2190.74  2180.71  2139.35  2188.04  2322.88 
 2091.60  2114.07  2125.82  2127.30  2178.17  2127.75  2066.35  2127.80  2246.10 
 2164.68  2151.72  2226.57  2183.59  2203.06  2177.31  2169.35  2151.48  2316.50 
 2137.57  2103.95  2183.99  2132.03  2127.56  2119.11  2089.24  2118.87  2276.86 
 2161.40  2210.77  2187.26  2190.72  2174.32  2172.56  2208.22  2189.10  2357.57 
 2055.33  2098.00  2177.08  2132.62  2170.54  2125.11  2081.40  2160.46  2311.76 
 2138.31  2132.71  2188.45  2184.58  2217.67  2159.34  2167.86  2176.27  2359.23 
 2122.12  2110.07  2167.97  2162.28  2156.93  2150.80  2122.45  2107.82  2281.79 
 2174.91  2113.43  2190.08  2182.26  2196.97  2206.55  2160.37  2173.68  2301.55 
 2108.69  2083.20  2207.95  2141.58  2106.66  2141.49  2091.18  2157.05  2324.05 
 2173.39  2167.46  2185.67  2191.68  2211.07  2234.62  2192.38  2190.41  2377.08 
 2102.80  2084.47  2162.07  2158.43  2124.81  2154.58  2104.93  2149.56  2321.93 
 2170.79  2144.78  2210.25  2203.21  2191.70  2192.59  2162.06  2216.10  2316.95 
 2118.57  2131.65  2132.56  2159.40  2136.11  2155.57  2095.04  2133.85  2266.82 
 2179.93  2155.63  2231.27  2149.00  2191.88  2173.96  2117.66  2169.43  2388.26 
 2100.47  2111.95  2127.71  2119.00  2147.91  2146.06  2103.46  2124.74  2260.99 
 2139.08  2100.51  2230.35  2169.25  2187.12  2223.54  2154.40  2178.36  2347.93 
 2118.10  2106.86  2169.51  2112.07  2121.12  2152.21  2131.98  2135.26  2275.47 
 2158.85  2169.73  2194.74  2216.07  2193.22  2162.06  2133.93  2154.84  2346.61 
 2096.89  2093.14  2147.63  2140.25  2129.47  2118.23  2084.42  2138.86  2285.13 
 2190.92  2141.03  2185.73  2174.04  2136.62  2194.34  2166.96  2190.29  2357.41 
 2090.33  2115.95  2159.21  2134.95  2144.21  2139.20  2064.47  2124.39  2316.23 
 2162.23  2152.85  2235.03  2237.05  2194.16  2178.99  2184.15  2152.97  2395.99 
 2154.66  2138.62  2195.24  2162.20  2127.99  2131.29  2073.49  2143.24  2286.72 
 2152.50  2149.12  2205.20  2202.31  2195.14  2194.86  2175.53  2200.35  2345.51 
 2095.44  2098.03  2145.68  2146.72  2142.05  2087.88  2136.77  2128.47  2282.93 
 2130.35  2119.61  2208.43  2221.67  2178.61  2204.04  2166.80  2179.01  2328.72 
 2156.30  2067.88  2158.43  2192.01  2117.81  2154.15  2103.61  2139.59  2301.39 
 2175.01  2151.94  2199.86  2233.36  2229.62  2205.14  2155.85  2170.72  2325.81 
 2132.03  2130.14  2143.55  2126.27  2161.59  2145.11  2099.51  2154.82  2284.23 
 2180.03  2154.25  2197.01  2189.17  2199.29  2166.08  2160.38  2188.96  2294.75 
 2128.38  2077.74  2126.06  2105.72  2152.61  2180.19  2099.26  2154.80  2277.06 
 2159.78  2149.05  2227.35  2192.74  2214.35  2184.13  2190.37  2163.79  2376.45 
 2113.07  2054.93  2171.20  2144.03  2149.86  2140.90  2120.30  2127.09  2293.27 
 2169.45  2136.65  2204.68  2189.05  2198.81  2179.51  2166.51  2187.44  2347.62 
 2105.04  2076.82  2146.52  2144.83  2189.70  2109.62  2114.20  2144.73  2301.91 
 2153.26  2117.97  2211.07  2202.82  2193.17  2198.63  2173.90  2174.82  2341.93 
 2111.92  2125.80  2119.76  2159.87  2137.78  2110.88  2083.57  2185.09  2278.08 
 2182.57  2109.65  2210.16  2173.43  2203.84  2186.04  2151.37  2148.91  2302.74 
 2115.25  2140.72  2229.81  2130.13  2155.40  2136.86  2054.03  2101.80  2289.57 
 2141.95  2158.41  2213.50  2172.78  2192.93  2192.01  2149.75  2174.09  2320.50 
 2114.48  2071.43  2122.05  2164.21  2165.89  2106.55  2133.82  2166.85  2286.39 
 2159.52  2116.51  2175.30  2183.64  2191.53  2177.32  2150.78  2203.92  2370.57 
 2114.46  2118.97  2177.77  2122.90  2110.41  2141.37  2114.88  2148.82  2275.01 
 2192.04  2133.56  2208.74  2214.09  2227.55  2145.35  2169.36  2191.94  2333.28 
 2119.59  2105.23  2123.77  2167.59  2131.06  2153.78  2091.37  2126.48  2286.79 
 2189.52  2150.57  2172.50  2196.29  2173.63  2192.38  2153.47  2197.64  2357.03 
 2121.91  2103.70  2153.69  2162.43  2131.57  2091.99  2069.01  2116.87  2292.26 
 2163.29  2157.76  2169.05  2151.28  2191.97  2178.88  2140.53  2145.62  2322.27 
 2130.99  2100.74  2154.32  2118.68  2111.56  2095.77  2072.73  2131.37  2310.96 
 2158.01  2118.25  2265.71  2187.68  2189.38  2230.81  2160.16  2207.34  2335.41 
 2135.03  2102.75  2177.46  2107.06  2127.00  2152.95  2130.45  2108.99  2260.94 
 2159.09  2121.85  2236.77  2212.44  2205.30  2236.96  2118.58  2196.82  2339.75 
 2103.47  2116.74  2157.78  2107.19  2154.02  2132.15  2114.12  2142.10  2321.68 
 2168.99  2138.29  2140.03  2169.82  2191.12  2156.62  2108.51  2175.42  2351.50 
 2087.81  2066.73  2145.62  2144.60  2168.41  2171.32  2114.70  2110.95  2289.74 
 2160.09  2099.91  2232.68  2219.96  2178.15  2183.50  2118.24  2181.56  2311.38 
 2101.40  2106.97  2145.66  2155.10  2160.86  2146.88  2096.64  2123.49  2249.36 
 2125.75  2149.44  2168.85  2178.69  2203.02  2187.97  2137.18  2171.73  2312.82 
 2113.01  2104.00  2167.94  2103.82  2143.01  2127.42  2076.61  2131.13  2310.52 
 2165.46  2093.91  2196.52  2193.93  2241.80  2181.81  2181.59  2154.25  2348.36 
 2068.00  2071.35  2129.28  2159.66  2084.47  2129.63  2124.33  2166.69  2267.83 
 2170.99  2137.73  2209.79  2240.77  2226.02  2171.56  2186.68  2143.92  2357.35 
 2088.67  2077.98  2169.03  2134.98  2121.22  2143.93  2135.39  2164.12  2262.35 
 2145.10  2141.64  2218.43  2213.90  2217.24  2186.12  2184.82  2155.65  2338.22 
 2119.57  2101.28  2166.36  2166.30  2119.60  2173.35  2102.86  2121.37  2299.52 
 2151.52  2145.47  2189.23  2189.05  2188.59  2181.20  2151.40  2165.10  2307.96 
 2112.04  2056.12  2153.58  2142.55  2139.31  2155.08  2135.26  2168.52  2268.23 
 2180.21  2160.82  2183.78  2208.19  2227.93  2218.31  2168.43  2171.84  2339.96 
 2084.45  2103.31  2155.35  2155.20  2151.57  2144.21  2098.64  2111.69  2326.59 
 2167.72  2149.78  2213.07  2201.67  2204.49  2179.57  2152.36  2152.39  2340.42 
 2140.00  2094.44  2168.29  2156.82  2147.14  2127.89  2138.78  2160.05  2296.28 
 2153.13  2150.39  2203.02  2192.72  2174.71  2211.17  2205.79  2182.58  2312.44 
 2126.01  2128.49  2180.30  2119.31  2139.09  2168.90  2113.61  2143.53  2271.57 
 2159.26  2149.95  2220.30  2195.87  2228.23  2174.02  2183.53  2198.43  2297.16 
 2142.37  2073.80  2214.34  2173.05  2137.59  2108.64  2081.72  2128.34  2336.55 
 2158.07  2172.61  2255.95  2217.04  2202.56  2186.55  2118.01  2160.93  2328.75 
 2099.18  2103.63  2135.18  2161.60  2128.52  2159.72  2108.19  2146.23  2337.08 
 2175.22  2119.04  2241.51  2233.34  2196.07  2197.11  2201.70  2168.22  2343.56 
 2109.25  2111.80  2121.80  2116.11  2095.59  2132.74  2078.68  2121.19  2297.13 
 2171.22  2164.36  2186.68  2197.45  2188.39  2193.44  2117.50  2186.68  2333.52 
 2108.11  2136.20  2159.25  2154.10  2104.97  2143.61  2118.89  2138.23  2272.03 
 2155.86  2171.15  2213.47  2212.65  2195.01  2183.18  2164.96  2177.89  2340.14 
 2069.66  2117.88  2132.45  2155.25  2160.80  2157.20  2118.08  2120.26  2233.31 
 2175.83  2156.50  2191.19  2189.52  2204.14  2194.08  2141.04  2201.81  2359.16 
 2126.34  2130.60  2184.03  2125.03  2113.10  2154.45  2117.54  2141.03  2269.55 
 2188.53  2137.85  2197.79  2178.54  2167.63  2165.18  2159.19  2148.18  2318.06 
 2066.47  2092.50  2143.39  2156.24  2165.71  2171.09  2107.97  2129.68  2276.77 
 2125.24  2143.57  2186.47  2155.75  2222.74  2147.60  2193.03  2161.37  2309.78 
 2099.96  2062.66  2166.36  2139.20  2178.22  2165.67  2110.14  2128.83  2291.71 
 2176.68  2138.70  2235.98  2202.82  2172.52  2194.76  2163.98  2156.03  2338.89 
 2103.58  2098.51  2183.56  2104.56  2132.50  2181.44  2117.80  2133.55  2283.91 
 2158.99  2123.76  2247.97  2195.24  2198.78  2184.39  2192.03  2186.31  2343.65 
 2124.14  2108.39  2158.83  2153.76  2114.24  2141.10  2096.83  2136.88  2297.65 
 2148.56  2153.61  2205.08  2169.33  2201.94  2174.63  2166.48  2151.53  2301.55 
 2121.38  2087.45  2168.11  2117.18  2162.50  2144.00  2101.32  2106.40  2307.73 
 2181.41  2169.32  2230.41  2199.89  2197.15  2194.42  2145.03  2231.83  2298.28 
 2115.20  2083.46  2194.37  2119.90  2145.85  2184.32  2081.06  2132.88  2263.69 
 2152.26  2179.68  2168.16  2203.14  2181.08  2210.72  2124.78  2228.37  2302.08 
 2123.05  2115.26  2181.02  2138.66  2140.00  2146.49  2158.58  2102.39  2298.20 
 2172.98  2173.00  2202.65  2221.23  2193.66  2177.34  2194.56  2191.00  2314.46 
 2134.10  2121.94  2163.40  2132.81  2113.16  2151.24  2087.39  2128.51  2296.71 
 2157.06  2145.78  2185.24  2191.38  2199.29  2177.94  2164.94  2151.48  2345.83 
 2134.61  2115.73  2174.18  2153.55  2102.14  2140.96  2102.45  2134.91  2285.26 
 2170.19  2134.82  2208.72  2215.99  2197.84  2213.75  2149.88  2211.10  2302.66 
 2107.46  2104.06  2191.91  2128.07  2146.09  2094.21  2100.95  2172.43  2295.03 
 2168.70  2152.12  2235.50  2197.05  2190.33  2183.59  2146.59  2180.05  2339.54 
 2114.61  2127.64  2148.11  2167.86  2154.70  2146.75  2096.81  2158.99  2263.49 
 2169.19  2144.95  2201.20  2184.32  2204.89  2211.74  2153.57  2214.39  2327.30 
 2109.60  2087.43  2146.55  2106.58  2136.85  2143.34  2100.33  2129.30  2258.99 
 2144.53  2180.59  2245.47  2187.17  2185.90  2186.33  2166.19  2122.81  2328.74 
 2114.78  2120.76  2121.46  2148.60  2146.57  2110.18  2113.99  2115.38  2306.18 
 2120.60  2154.86  2203.58  2176.35  2177.12  2235.50  2169.87  2169.67  2332.17 
 2117.54  2088.46  2122.17  2141.22  2139.80  2174.54  2070.15  2138.11  2232.69 
 2132.59  2141.73  2222.51  2183.88  2197.02  2199.70  2151.58  2154.15  2306.89 
 2114.71  2065.60  2167.34  2117.10  2120.46  2170.20  2116.29  2092.20  2245.68 
 2166.57  2158.23  2235.48  2227.62  2207.03  2198.31  2173.30  2150.43  2338.49 
 2104.21  2084.35  2109.14  2140.95  2084.50  2132.39  2104.86  2086.60  2280.47 
 2151.07  2135.85  2184.25  2226.87  2192.00  2204.55  2144.86  2190.77  2314.01 
 2112.81  2081.38  2163.40  2114.89  2114.63  2153.81  2088.81  2118.53  2260.22 
 2189.18  2145.50  2208.43  2177.96  2206.24  2166.25  2165.80  2194.47  2346.48 
 2087.03  2083.72  2156.49  2146.35  2139.36  2144.18  2098.09  2147.86  2281.76 
 2176.01  2145.45  2177.54  2208.32  2156.53  2238.30  2158.85  2171.85  2363.23 
 2120.26  2107.92  2190.38  2133.78  2135.70  2109.98  2122.47  2119.28  2286.91 
 2169.02  2143.06  2205.84  2161.97  2212.30  2194.48  2136.63  2170.82  2319.90 
 2113.60  2080.62  2129.11  2121.17  2137.26  2130.69  2119.64  2134.96  2273.97 
 2155.28  2156.81  2195.98  2190.81  2216.49  2222.55  2136.48  2191.40  2300.01 
 2103.38  2144.55  2126.49  2153.01  2132.63  2110.84  2103.44  2122.00  2275.40 
 2203.00  2150.15  2192.08  2194.20  2149.86  2226.33  2132.65  2178.87  2360.07 
 2109.99  2081.89  2158.92  2125.34  2132.97  2122.02  2123.35  2136.71  2267.93 
 2149.62  2182.91  2214.28  2176.89  2195.70  2191.17  2156.50  2175.80  2333.01 
 2128.94  2065.70  2150.41  2105.95  2122.20  2145.66  2111.56  2118.14  2306.93 
 2187.99  2149.44  2210.90  2188.53  2231.60  2189.87  2168.98  2167.13  2312.58 
 2091.08  2074.37  2166.40  2131.68  2126.67  2154.15  2113.98  2134.80  2277.35 
 2199.98  2150.59  2177.54  2210.27  2185.95  2155.79  2144.27  2180.12  2348.45 
 2156.45  2082.04  2171.99  2159.95  2169.70  2153.44  2122.32  2123.71  2347.32 
 2154.07  2148.77  2217.56  2148.76  2194.37  2146.78  2214.81  2176.71  2331.91 
 2132.62  2105.66  2136.25  2192.75  2132.83  2144.72  2116.25  2127.93  2283.14 
 2167.14  2170.31  2175.60  2229.39  2155.04  2225.28  2169.53  2161.78  2336.58 
 2111.04  2122.74  2163.91  2170.75  2137.54  2147.52  2111.45  2105.93  2287.98 
 2170.28  2119.70  2197.93  2194.73  2216.32  2185.96  2147.64  2199.45  2333.12 
 2071.46  2112.03  2157.53  2146.31  2110.51  2128.69  2092.44  2118.13  2324.17 
 2209.76  2182.42  2204.41  2200.71  2194.39  2173.95  2130.27  2169.52  2336.55 
 2126.68  2100.06  2135.13  2118.10  2154.85  2153.37  2057.81  2152.04  2278.43 
 2186.30  2141.65  2179.99  2179.75  2167.37  2172.09  2139.68  2181.52  2319.97 
 2106.42  2116.96  2157.95  2135.31  2101.62  2182.22  2099.09  2135.91  2268.64 
 2170.92  2147.88  2173.46  2186.49  2174.29  2233.16  2151.41  2174.09  2307.82 
 2114.16  2080.90  2155.51  2163.64  2139.53  2127.32  2091.76  2173.30  2268.40 
 2183.86  2136.67  2203.61  2189.53  2218.57  2207.61  2136.03  2168.75  2307.20 
 2147.07  2098.41  2167.22  2162.16  2114.51  2121.21  2098.70  2117.48  2307.25 
 2170.61  2136.52  2249.47  2128.36  2210.00  2157.59  2149.04  2152.15  2301.65 
 2109.48  2070.46  2143.74  2114.37  2144.83  2116.96  2123.92  2149.77  2271.61 
 2168.61  2137.08  2252.42  2181.86  2193.28  2219.23  2178.09  2156.69  2298.18 
 2107.87  2111.60  2103.66  2161.38  2163.80  2157.34  2079.54  2131.18  2285.03 
 2134.22  2141.80  2230.94  2189.19  2201.32  2220.03  2153.94  2201.84  2308.93 
 2089.98  2061.47  2199.90  2140.35  2170.49  2134.69  2133.63  2144.10  2274.07 
 2180.49  2146.82  2160.68  2219.47  2221.25  2183.25  2195.13  2170.47  2369.14 
 2129.22  2104.33  2164.70  2131.80  2148.44  2114.82  2106.36  2142.86  2265.49 
 2189.52  2170.65  2226.83  2205.32  2188.69  2197.85  2124.61  2171.75  2303.77 
 2106.83  2111.20  2160.88  2128.66  2099.63  2152.59  2122.79  2129.03  2307.11 
 2170.07  2165.22  2253.49  2177.13  2211.84  2224.30  2155.87  2142.78  2379.61 
 2139.05  2056.47  2174.19  2128.16  2126.44  2131.86  2082.77  2147.16  2281.64 
 2157.05  2137.83  2188.08  2225.27  2184.66  2174.59  2193.24  2179.13  2330.38 
 2147.53  2088.88  2178.24  2127.24  2148.84  2122.11  2120.97  2166.66  2308.58 
 2161.60  2134.66  2253.64  2197.93  2216.76  2194.40  2165.61  2212.96  2357.63 
 2130.03  2073.76  2143.46  2144.38  2147.67  2112.01  2109.83  2166.72  2293.48 
 2160.93  2114.28  2210.60  2198.68  2185.11  2194.95  2203.62  2192.81  2313.29 
 2136.22  2134.08  2143.51  2193.52  2175.08  2132.54  2118.00  2106.79  2317.63 
 2170.15  2174.24  2199.27  2180.49  2153.69  2194.87  2165.52  2217.43  2291.39 
 2131.91  2102.01  2162.92  2159.78  2122.61  2120.86  2120.32  2169.74  2275.59 
 2168.10  2160.83  2168.86  2180.10  2172.78  2160.36  2181.03  2204.25  2346.56 
 2171.45  2101.26  2137.80  2124.55  2150.30  2132.41  2104.14  2108.05  2285.50 
 2166.72  2155.74  2208.65  2186.81  2177.30  2174.93  2169.28  2146.99  2362.26 
 2077.87  2111.61  2137.45  2122.85  2108.51  2144.79  2111.89  2119.54  2276.85 
 2118.36  2157.57  2179.82  2172.85  2176.71  2203.51  2175.96  2207.16  2312.78 
 2129.99  2105.55  2159.26  2143.60  2164.05  2154.32  2130.31  2150.03  2298.84 
 2174.00  2170.52  2221.34  2209.26  2167.22  2166.15  2177.80  2173.76  2342.76 
 2110.65  2068.52  2128.26  2096.91  2147.81  2114.58  2091.37  2139.69  2304.62 
 2179.59  2134.67  2202.82  2160.09  2156.66  2180.62  2154.26  2156.67  2316.50 
 2119.61  2081.64  2146.69  2108.33  2139.72  2145.60  2065.58  2162.86  2311.45 
 2170.16  2128.40  2200.96  2159.47  2189.69  2153.72  2122.05  2151.66  2323.68 
 2139.27  2094.32  2137.20  2167.31  2156.90  2123.48  2129.55  2141.82  2284.62 
 2211.75  2130.12  2178.50  2187.69  2185.68  2157.96  2124.81  2193.25  2335.54 
 2128.75  2043.18  2131.57  2142.68  2115.47  2168.93  2094.46  2125.11  2310.53 
 2145.89  2157.46  2193.09  2201.93  2188.13  2222.36  2119.60  2173.73  2281.92 
 2092.49  2088.34  2164.12  2160.77  2159.97  2107.74  2075.80  2128.79  2276.83 
 2161.23  2115.82  2224.86  2158.99  2174.93  2154.82  2177.42  2187.31  2330.76 
 2111.05  2102.34  2140.60  2125.18  2136.42  2143.89  2089.33  2147.76  2289.35 
 2143.09  2166.65  2219.17  2190.26  2185.23  2152.72  2154.40  2200.16  2324.77 
 2124.27  2081.54  2147.79  2130.83  2155.52  2126.45  2101.93  2076.97  2249.47 
 2143.04  2170.11  2206.82  2207.56  2244.25  2164.53  2127.31  2169.51  2314.32 
 2139.76  2077.93  2172.29  2168.67  2179.86  2129.17  2097.84  2129.07  2290.56 
 2168.57  2132.81  2180.91  2203.78  2225.43  2185.51  2161.51  2218.62  2357.90 
 2122.13  2105.81  2153.04  2133.31  2131.93  2141.48  2125.83  2149.18  2308.19 
 2164.96  2111.97  2243.75  2202.29  2224.97  2158.11  2197.69  2158.40  2346.39 
 2117.71  2078.61  2154.89  2142.57  2159.15  2131.05  2127.36  2122.49  2252.82 
 2181.22  2110.55  2172.21  2161.71  2208.51  2222.23  2180.22  2148.05  2362.45 
 2125.28  2078.07  2168.91  2146.24  2116.33  2172.62  2107.92  2108.66  2275.22 
 2159.07  2161.64  2174.65  2151.70  2193.05  2180.74  2147.91  2168.05  2375.63 
 2094.25  2094.54  2151.22  2136.37  2162.67  2165.88  2130.00  2122.41  2261.43 
 2182.41  2159.42  2200.26  2191.39  2240.43  2201.12  2140.15  2174.22  2324.74 
 2118.26  2078.57  2197.91  2134.47  2154.67  2133.46  2106.97  2104.09  2292.35 
 2152.74  2133.93  2203.14  2220.04  2186.20  2212.05  2170.63  2184.07  2325.16 
 2100.92  2082.60  2145.96  2133.93  2158.60  2167.21  2135.07  2137.99  2315.39 
 2173.90  2185.48  2211.75  2227.93  2236.67  2205.88  2161.33  2167.08  2333.58 
 2151.43  2096.97  2192.90  2132.70  2157.66  2135.16  2099.18  2120.54  2253.87 
 2154.09  2158.01  2193.85  2181.34  2212.62  2177.86  2193.53  2201.38  2353.25 
 2129.26  2098.61  2145.18  2189.16  2095.47  2124.62  2103.48  2117.28  2324.64 
 2142.62  2129.05  2258.44  2147.54  2170.67  2176.84  2132.15  2184.21  2342.33 
 2113.18  2105.41  2177.97  2124.71  2122.37  2134.58  2104.12  2128.08  2267.67 
 2155.05  2152.91  2216.68  2221.38  2179.05  2210.49  2215.68  2156.45  2347.75 
 2120.24  2107.07  2110.11  2135.57  2118.10  2096.41  2120.85  2132.01  2262.04 
 2164.60  2125.00  2206.27  2180.19  2199.81  2172.36  2146.86  2182.15  2338.03 
 2109.91  2109.67  2164.35  2137.96  2148.16  2132.80  2113.21  2160.37  2309.76 
 2159.80  2100.51  2189.45  2194.77  2196.82  2165.36  2170.57  2218.15  2323.33 
 2126.64  2112.95  2168.01  2147.71  2125.60  2153.19  2138.96  2167.11  2254.97 
 2177.79  2118.38  2212.99  2178.49  2248.04  2161.87  2157.33  2189.62  2357.95 
 2120.06  2064.40  2138.30  2138.18  2182.57  2189.71  2089.62  2145.61  2286.00 
 2181.40  2178.77  2198.58  2177.35  2233.02  2221.79  2177.02  2206.49  2361.26 
 2143.36  2145.49  2149.85  2187.16  2132.34  2117.39  2133.80  2116.95  2299.15 
 2159.96  2134.57  2227.10  2192.05  2202.33  2171.89  2158.08  2183.25  2309.12 
 2131.22  2123.87  2191.65  2137.82  2171.91  2130.65  2097.08  2166.57  2270.50 
 2155.18  2162.85  2200.61  2198.27  2154.30  2202.83  2175.38  2182.24  2299.07 
 2119.87  2078.13  2143.14  2154.83  2109.21  2140.97  2106.44  2137.68  2297.19 
 2177.96  2174.82  2195.28  2221.54  2220.78  2199.51  2172.92  2200.99  2321.62 
 2145.59  2115.15  2145.06  2142.35  2145.37  2106.28  2101.05  2134.06  2295.65 
 2190.50  2109.59  2181.44  2210.98  2190.29  2173.14  2133.02  2218.92  2327.73 
 2131.66  2063.81  2135.37  2135.05  2162.90  2163.49  2108.64  2154.17  2282.43 
 2144.52  2164.95  2198.62  2182.38  2226.54  2177.02  2156.85  2178.62  2317.51 
 2089.89  2108.08  2175.14  2129.60  2103.01  2132.47  2118.97  2145.26  2304.88 
 2113.18  2130.95  2207.78  2161.76  2224.62  2171.91  2188.74  2143.60  2307.78 
 2122.28  2121.61  2125.33  2129.52  2163.20  2120.51  2112.22  2147.02  2290.22 
 2158.23  2172.20  2220.28  2219.14  2216.11  2215.92  2167.77  2171.29  2342.73 
 2119.66  2091.94  2157.56  2154.56  2143.99  2137.49  2079.32  2127.33  2265.93 
 2196.52  2125.10  2199.72  2185.43  2173.85  2178.60  2158.19  2173.23  2349.68 
 2148.96  2085.07  2154.26  2160.70  2160.15  2097.88  2120.80  2107.41  2281.47 
 2104.33  2179.42  2188.82  2177.93  2220.22  2186.78  2182.93  2164.43  2345.13 
 2107.61  2097.11  2155.49  2133.64  2161.77  2155.73  2108.64  2106.98  2304.85 
 2172.69  2078.50  2241.10  2170.43  2169.60  2195.60  2157.89  2144.88  2308.01 
 2105.67  2097.64  2125.31  2128.69  2130.62  2141.47  2052.76  2152.97  2304.39 
 2175.05  2128.08  2207.60  2223.16  2205.15  2180.84  2172.76  2175.97  2317.14 
 2063.16  2084.55  2139.40  2125.14  2162.61  2130.97  2127.31  2120.77  2286.78 
 2153.59  2127.71  2188.17  2214.71  2209.13  2196.61  2154.21  2190.96  2304.74 
 2100.06  2090.98  2165.70  2103.85  2130.35  2146.11  2129.95  2117.70  2309.92 
 2156.42  2126.45  2207.15  2184.68  2181.16  2196.39  2153.50  2152.47  2324.12 
 2113.69  2087.24  2134.18  2133.85  2151.71  2163.62  2117.27  2119.66  2333.81 
 2155.50  2154.64  2190.50  2125.00  2165.51  2167.85  2203.36  2211.19  2336.92 
 2106.15  2072.21  2143.11  2126.49  2132.52  2162.31  2089.64  2161.75  2311.34 
 2144.38  2119.95  2179.52  2151.96  2164.55  2172.83  2205.74  2165.69  2352.01 
 2163.54  2073.74  2135.62  2107.43  2139.67  2149.84  2120.66  2087.18  2293.35 
 2129.08  2134.18  2176.47  2183.08  2182.35  2194.69  2139.66  2157.66  2317.74 
 2127.51  2124.17  2133.18  2131.21  2095.00  2132.97  2105.51  2157.20  2315.57 
 2157.48  2152.49  2182.40  2157.74  2150.40  2158.36  2151.63  2201.01  2336.64 
 2099.12  2099.44  2143.80  2132.85  2157.68  2111.20  2093.50  2133.60  2267.57 
 2161.98  2108.58  2227.50  2181.20  2169.83  2159.44  2182.92  2179.71  2298.31 
 2116.94  2107.97  2162.46  2118.54  2191.37  2124.49  2118.88  2171.11  2293.66 
 2176.76  2153.80  2181.73  2202.50  2169.15  2199.38  2206.45  2172.74  2328.53 
 2080.78  2089.07  2132.81  2138.03  2112.87  2145.39  2073.53  2129.35  2308.50 
 2158.29  2168.19  2202.32  2223.63  2197.50  2127.30  2207.52  2195.69  2345.77 
 2123.96  2114.43  2163.75  2117.60  2170.32  2157.27  2111.05  2127.29  2263.14 
 2155.47  2155.91  2223.51  2185.57  2203.92  2181.24  2154.90  2177.31  2329.05 
 2082.79  2109.98  2158.85  2094.75  2132.37  2142.35  2092.01  2179.58  2284.30 
 2163.11  2144.05  2219.19  2148.72  2200.73  2204.20  2186.25  2166.71  2315.79 
 2154.44  2129.78  2143.45  2152.78  2137.24  2113.87  2150.54  2138.17  2241.40 
 2165.86  2152.51  2213.50  2189.94  2196.22  2217.62  2123.38  2183.99  2346.78 
 2090.36  2107.32  2137.81  2079.90  2124.20  2147.51  2087.90  2124.88  2263.67 
 2135.42  2141.55  2217.80  2216.55  2167.64  2153.34  2184.10  2190.68  2327.70 
 2141.07  2095.69  2145.23  2089.28  2139.87  2131.77  2085.08  2139.30  2301.65 
 2167.06  2179.62  2213.05  2186.74  2199.64  2168.44  2170.48  2154.04  2347.16 
 2129.73  2086.71  2154.80  2152.45  2154.95  2132.87  2109.94  2143.81  2240.81 
 2154.37  2118.84  2199.79  2178.54  2186.14  2213.16  2183.12  2187.74  2338.70 
 2122.24  2103.70  2137.36  2159.60  2155.66  2145.56  2153.88  2123.76  2283.70 
 2163.59  2122.80  2180.40  2206.50  2198.23  2230.41  2167.86  2165.14  2319.13 
 2119.76  2089.10  2142.43  2132.14  2138.47  2101.14  2065.84  2099.77  2264.88 
 2173.71  2147.70  2214.93  2162.38  2213.81  2180.23  2155.63  2166.64  2329.12 
 2043.44  2115.17  2179.78  2122.26  2129.22  2148.33  2066.32  2122.81  2250.27 
 2153.84  2130.85  2199.40  2196.47  2214.18  2183.64  2153.44  2233.23  2344.78 
 2133.61  2109.67  2168.98  2137.84  2126.11  2135.31  2085.68  2151.02  2283.49 
 2200.85  2152.43  2238.59  2222.54  2204.42  2176.91  2179.58  2187.03  2356.35 
 2145.10  2116.18  2183.20  2130.80  2156.34  2164.83  2139.89  2151.88  2291.46 
 2183.55  2181.55  2190.51  2166.95  2179.49  2152.53  2149.59  2211.16  2313.94 
 2108.32  2104.70  2115.41  2153.51  2139.63  2137.36  2091.27  2119.00  2328.86 
 2171.31  2134.81  2224.64  2241.08  2190.25  2200.15  2128.06  2173.05  2325.14 
 2140.01  2116.71  2108.31  2148.99  2158.47  2160.74  2120.24  2105.44  2283.54 
 2158.48  2137.79  2172.81  2174.80  2195.16  2203.72  2178.97  2205.59  2325.57 
 2107.99  2094.54  2134.56  2110.44  2153.22  2132.07  2122.13  2086.75  2308.35 
 2143.32  2149.83  2224.38  2227.66  2202.66  2184.52  2170.16  2187.06  2346.03 
 2135.98  2103.71  2135.89  2130.39  2123.12  2130.92  2142.73  2131.93  2302.82 
 2179.88  2153.87  2206.95  2175.95  2199.84  2200.18  2175.02  2170.14  2322.23 
 2115.20  2091.30  2179.39  2139.45  2121.74  2120.19  2104.59  2127.89  2278.97 
 2161.38  2159.21  2173.36  2191.08  2190.39  2203.97  2164.65  2180.95  2334.10 
 2096.84  2102.83  2173.60  2140.44  2175.76  2114.22  2144.53  2121.08  2279.97 
 2143.59  2175.57  2201.06  2208.32  2210.12  2196.63  2156.69  2208.92  2319.24 
 2141.74  2096.99  2135.12  2112.49  2132.32  2160.28  2075.81  2155.80  2297.40 
 2161.61  2146.36  2212.39  2173.86  2173.02  2181.84  2132.65  2182.01  2301.14 
 2135.18  2077.45  2161.52  2138.22  2094.51  2122.43  2115.77  2138.89  2332.22 
 2150.76  2154.04  2222.16  2224.85  2229.27  2175.76  2133.88  2201.05  2333.05 
 2154.25  2079.97  2137.83  2098.01  2153.59  2124.04  2109.22  2115.43  2317.43 
 2191.74  2169.68  2217.59  2197.15  2216.73  2181.28  2174.44  2215.62  2309.41 
 2135.29  2118.53  2190.25  2132.00  2085.11  2137.73  2089.87  2150.64  2288.42 
 2147.41  2159.75  2233.51  2190.71  2184.71  2232.32  2159.08  2205.25  2358.93 
 2104.68  2082.07  2134.91  2141.55  2127.10  2144.68  2107.86  2133.15  2266.42 
 2173.35  2111.72  2205.41  2182.88  2210.44  2168.79  2135.01  2185.25  2313.18 
 2103.56  2077.52  2127.61  2142.35  2130.78  2102.72  2126.38  2122.47  2278.92 
 2154.45  2118.98  2209.40  2181.09  2213.84  2173.61  2185.09  2165.49  2316.78 
 2111.01  2112.89  2153.36  2126.37  2133.08  2175.79  2073.76  2113.06  2269.21 
 2143.95  2134.89  2230.43  2224.84  2212.60  2182.91  2111.65  2162.17  2302.86 
 2140.52  2124.28  2160.05  2118.59  2147.98  2111.01  2121.09  2131.71  2310.96 
 2141.53  2131.76  2197.58  2218.93  2197.06  2166.61  2158.14  2143.73  2326.16 
 2118.09  2084.41  2159.27  2112.48  2113.03  2115.64  2103.00  2104.07  2307.48 
 2196.83  2125.13  2205.57  2179.93  2154.38  2211.37  2136.79  2190.17  2310.89 
 2128.78  2100.04  2143.14  2160.86  2148.77  2134.97  2116.10  2109.52  2291.57 
 2158.73  2174.23  2236.78  2220.72  2184.92  2184.65  2159.09  2199.07  2332.70 
 2100.31  2093.46  2149.59  2142.03  2173.15  2111.12  2113.78  2138.72  2289.28 
 2151.69  2147.50  2139.37  2136.20  2182.93  2207.69  2147.89  2156.05  2329.16 
 2120.16  2074.11  2154.69  2155.90  2109.13  2147.31  2106.24  2092.87  2231.32 
 2161.57  2131.30  2229.95  2231.06  2214.30  2169.45  2181.68  2157.82  2363.96 
 2117.96  2119.49  2161.10  2098.50  2117.06  2122.07  2146.81  2145.05  2312.03 
 2162.85  2109.89  2211.06  2198.88  2228.25  2175.24  2139.32  2184.96  2336.40 
 2127.93  2124.53  2158.55  2155.71  2118.16  2107.61  2106.18  2154.06  2252.40 
 2190.57  2157.89  2226.99  2206.65  2214.39  2186.87  2180.18  2201.90  2349.71 
 2133.25  2094.01  2157.44  2142.01  2124.14  2121.14  2135.82  2119.93  2290.80 
 2177.30  2141.47  2180.82  2193.93  2208.68  2172.67  2124.98  2157.56  2334.18 
 2152.00  2097.82  2136.82  2162.80  2127.76  2171.07  2121.02  2108.21  2251.77 
 2167.93  2108.19  2236.66  2209.38  2202.73  2200.42  2180.58  2158.52  2306.59 
 2131.90  2095.40  2155.97  2131.53  2115.26  2165.22  2114.20  2102.57  2249.16 
 2176.23  2109.65  2206.91  2200.08  2181.47  2170.73  2179.86  2191.59  2314.50 
 2139.66  2085.45  2165.82  2161.08  2130.29  2105.36  2109.75  2166.16  2277.14 
 2167.71  2143.62  2180.40  2180.38  2203.72  2200.57  2196.60  2190.30  2298.91 
 2128.39  2105.33  2142.14  2112.20  2132.55  2149.58  2113.66  2128.38  2297.18 
 2193.29  2133.91  2174.52  2151.11  2180.40  2226.18  2173.78  2196.80  2308.02 
 2149.82  2076.59  2128.17  2124.28  2157.04  2175.53  2100.32  2135.20  2307.40 
 2127.09  2147.59  2198.90  2165.45  2210.40  2173.85  2199.10  2159.97  2316.28 
 2087.03  2070.36  2136.72  2136.76  2149.51  2153.86  2110.98  2118.10  2282.20 
 2159.73  2109.47  2195.50  2206.66  2218.93  2179.51  2180.39  2162.11  2339.38 
 2131.45  2109.67  2164.25  2125.31  2121.21  2154.08  2089.02  2110.73  2251.39 
 2151.68  2131.48  2202.69  2200.25  2208.70  2182.88  2193.79  2160.99  2315.71 
 2098.49  2125.06  2158.48  2149.54  2128.80  2119.87  2105.82  2093.19  2277.13 
 2120.50  2156.99  2212.15  2211.70  2192.46  2167.60  2185.40  2185.16  2330.37 
 2091.47  2066.81  2132.72  2127.53  2160.66  2124.26  2102.88  2159.36  2306.31 
 2176.28  2138.96  2203.97  2155.74  2182.54  2178.10  2147.78  2183.88  2327.64 
 2107.21  2096.30  2138.40  2134.14  2132.26  2154.12  2123.26  2152.82  2277.72 
 2181.44  2188.50  2192.55  2186.44  2165.89  2177.41  2159.45  2181.40  2336.13 
 2106.60  2088.55  2188.77  2168.05  2124.50  2147.60  2082.84  2132.18  2308.42 
 2128.93  2150.70  2203.21  2208.44  2203.91  2198.77  2164.14  2158.48  2346.44 
 2108.70  2076.37  2134.22  2173.81  2106.65  2143.90  2085.78  2123.31  2267.26 
 2187.78  2149.32  2214.46  2183.27  2165.05  2165.67  2125.91  2184.69  2354.13 
 2111.87  2076.42  2094.75  2128.09  2142.88  2115.44  2117.86  2122.72  2268.15 
 2183.41  2142.53  2136.78  2207.60  2201.54  2183.33  2139.90  2162.67  2335.06 
 2139.57  2054.95  2135.68  2159.72  2099.44  2135.82  2086.68  2130.61  2326.85 
 2160.39  2114.20  2241.06  2182.43  2176.46  2165.40  2150.53  2182.20  2367.23 
 2130.07  2109.66  2144.42  2148.67  2130.79  2160.50  2162.58  2092.33  2290.12 
 2184.23  2136.87  2251.98  2191.52  2207.59  2173.53  2191.62  2192.86  2328.35 
 2104.33  2090.12  2134.27  2145.91  2111.60  2098.73  2109.16  2154.84  2310.40 
 2210.02  2169.42  2214.71  2169.57  2220.19  2206.26  2197.95  2194.17  2323.63 
 2098.38  2084.55  2184.85  2146.40  2185.91  2133.52  2108.85  2145.71  2303.11 
 2123.49  2046.36  2148.96  2142.49  2155.69  2115.37  2063.12  2130.17  2265.42 
 2062.56  2036.84  2106.58  2041.68  2071.11  2082.48  2031.66  2040.63  2185.03 
 2124.16  2051.52  2116.53  2118.15  2132.09  2110.30  2090.06  2092.39  2289.84 
 2042.52  2020.22  2088.13  2069.73  2064.72  2050.31  2009.70  2049.11  2204.45 
 2106.82  2041.63  2147.44  2128.33  2077.54  2127.63  2043.98  2096.79  2243.22 
 2085.07  2006.33  2040.57  2078.41  2077.41  2095.29  2081.85  2108.87  2231.54 
 2183.83  2164.64  2196.53  2192.40  2182.42  2177.87  2170.45  2194.32  2336.39 
 2134.04  2096.98  2166.85  2178.85  2136.49  2147.87  2091.96  2173.47  2282.15 
 2165.42  2142.01  2233.44  2171.79  2189.57  2191.43  2152.28  2180.86  2348.07 
 2126.72  2095.57  2143.34  2101.74  2166.30  2124.39  2101.24  2125.51  2326.61 
 2157.07  2146.18  2217.82  2190.10  2157.39  2233.94  2186.02  2189.46  2343.50 
 2101.52  2079.40  2143.49  2093.92  2160.77  2068.01  2131.03  2131.77  2312.26 
 2176.21  2103.74  2187.20  2189.16  2182.36  2175.34  2157.70  2198.15  2308.41 
 2121.28  2082.49  2143.49  2122.72  2155.04  2107.46  2108.18  2132.59  2295.74 
 2101.60  2071.24  2118.51  2104.28  2122.24  2161.04  2133.79  2129.77  2276.23 
 2130.23  2108.95  2149.98  2130.30  2170.91  2131.87  2111.90  2136.89  2267.43 
 2096.36  2074.35  2135.35  2125.51  2115.11  2115.59  2118.01  2098.11  2276.38 
 2118.51  2080.15  2110.68  2134.01  2123.97  2124.89  2095.90  2106.57  2253.20 
 2092.08  2087.44  2141.87  2117.29  2151.24  2119.18  2107.77  2144.86  2245.33 
 2100.11  2067.21  2107.21  2155.12  2100.12  2089.41  2096.55  2063.19  2266.40 
 2084.28  2060.15  2105.35  2119.59  2123.51  2132.69  2101.77  2109.67  2229.68 
 2057.11  2064.36  2151.64  2168.91  2078.80  2104.38  2047.05  2102.38  2248.87 
 2092.76  2074.63  2094.87  2111.17  2080.08  2147.90  2125.72  2088.89  2226.52 
 2099.06  2068.97  2134.46  2148.64  2113.40  2113.61  2092.61  2130.27  2268.03 
 2073.43  2062.33  2137.50  2134.74  2108.77  2103.93  2094.78  2102.30  2236.51 
 2077.44  2036.27  2124.69  2156.97  2129.85  2120.46  2131.78  2087.68  2250.30 
 2127.96  2079.20  2111.66  2097.60  2104.84  2166.47  2112.01  2124.01  2282.57 
 2096.06  2080.59  2127.91  2101.09  2096.26  2142.28  2059.07  2106.79  2285.61 
 2064.69  2062.60  2106.73  2072.53  2182.28  2163.67  2118.92  2137.09  2239.86 
 2076.38  2076.62  2161.07  2170.47  2116.68  2110.83  2082.58  2127.44  2289.69 
 2066.79  2056.09  2166.70  2140.59  2129.37  2137.79  2144.30  2089.14  2238.84 
 2107.16  2075.03  2141.08  2123.14  2097.99  2115.22  2120.75  2149.59  2277.73 
 2083.66  2115.20  2128.62  2114.64  2142.84  2101.26  2110.04  2111.33  2256.86 
 2120.31  2063.60  2110.98  2098.79  2116.06  2104.14  2093.78  2111.50  2270.01 
 2108.21  2108.05  2124.08  2116.85  2143.07  2091.20  2084.67  2132.60  2237.41 
 2125.98  2067.04  2133.22  2150.76  2142.79  2121.56  2097.66  2143.29  2301.25 
 2111.09  2092.76  2153.44  2166.50  2138.12  2108.90  2081.07  2131.26  2222.12 
 2110.35  2124.15  2128.42  2112.03  2144.80  2163.27  2092.81  2126.35  2277.22 
 2075.34  2076.14  2087.12  2127.03  2126.55  2157.49  2057.43  2095.16  2269.66 
 2121.33  2092.42  2167.99  2169.60  2116.06  2124.20  2106.08  2147.88  2229.68 
 2104.09  2097.16  2140.89  2124.51  2118.99  2131.92  2063.22  2119.46  2273.25 
 2096.97  2104.96  2171.24  2131.38  2142.90  2175.39  2118.06  2149.77  2267.38 
 2060.89  2056.14  2155.19  2123.57  2101.21  2144.32  2126.54  2105.32  2295.12 
 2111.71  2083.37  2157.53  2111.05  2132.39  2107.49  2094.05  2120.50  2262.93 
 2119.93  2097.74  2122.24  2113.65  2163.62  2130.47  2114.26  2133.57  2263.28 
 2102.39  2098.52  2139.11  2115.76  2133.42  2121.34  2078.53  2137.31  2266.54 
 2058.22  2108.03  2143.40  2110.79  2142.29  2162.21  2148.09  2130.66  2278.10 
 2105.99  2085.87  2151.09  2120.15  2149.17  2103.20  2141.39  2125.70  2280.07 
 2089.01  2117.74  2156.09  2160.46  2150.07  2153.48  2078.51  2092.48  2245.52 
 2080.87  2089.23  2147.30  2126.33  2098.42  2109.95  2111.02  2106.76  2279.30 
 2093.46  2053.53  2146.02  2086.88  2140.49  2109.66  2089.71  2133.54  2253.99 
 2112.71  2080.80  2141.61  2126.53  2133.66  2124.86  2117.26  2132.45  2254.65 
 2070.63  2097.06  2125.01  2118.52  2126.28  2159.16  2060.34  2121.44  2289.88 
 2108.84  2105.67  2194.18  2102.06  2145.16  2158.89  2054.17  2114.18  2318.91 
 2100.60  2135.24  2200.79  2160.58  2119.24  2112.93  2117.70  2108.55  2257.02 
 2107.93  2063.14  2132.85  2114.04  2131.27  2135.01  2065.94  2113.97  2282.66 
 2088.26  2075.84  2177.18  2129.79  2156.15  2125.22  2116.74  2110.76  2279.14 
 2136.44  2106.34  2135.56  2148.82  2135.18  2164.56  2119.34  2139.05  2287.72 
 2150.32  2097.12  2120.21  2136.40  2169.23  2138.06  2098.81  2083.45  2286.90 
 2071.59  2085.64  2132.15  2105.27  2146.94  2110.57  2133.21  2131.29  2290.89 
 2096.41  2059.09  2158.55  2123.56  2145.26  2130.52  2100.45  2105.00  2260.11 
 2066.84  2064.54  2137.15  2143.26  2109.47  2132.17  2079.22  2133.61  2256.46 
 2100.24  2063.12  2163.71  2155.66  2144.01  2157.77  2138.30  2099.05  2295.30 
 2151.55  2088.71  2167.49  2151.92  2143.80  2090.70  2041.66  2097.53  2299.01 
 2128.13  2074.93  2137.87  2102.52  2171.79  2141.02  2082.73  2082.74  2261.45 
 2096.29  2067.44  2174.71  2093.89  2145.32  2126.27  2060.61  2126.45  2291.18 
 2092.76  2103.07  2146.97  2115.51  2139.42  2139.66  2101.87  2118.48  2271.28 
 2082.38  2067.74  2124.86  2139.93  2147.96  2098.88  2112.87  2079.52  2328.09 
 2110.44  2052.24  2118.44  2067.83  2137.13  2119.54  2119.23  2125.64  2287.67 
 2130.06  2089.13  2138.45  2132.14  2132.84  2106.51  2106.48  2116.30  2282.50 
 2097.82  2046.02  2129.12  2127.72  2138.85  2136.89  2101.30  2102.07  2294.19 
 2097.12  2087.55  2143.62  2119.64  2097.21  2130.40  2107.16  2112.13  2249.11 
 2105.63  2081.51  2108.24  2108.85  2120.46  2165.53  2109.52  2111.59  2263.18 
 2061.59  2091.21  2136.03  2132.45  2147.36  2135.49  2117.99  2128.82  2256.13 
 2066.09  2040.84  2193.07  2102.89  2135.45  2148.63  2100.54  2117.22  2304.15 
 2106.06  2088.93  2156.93  2126.97  2118.04  2104.81  2097.07  2137.25  2285.41 
 2099.55  2131.03  2153.02  2110.56  2119.03  2151.18  2101.73  2117.21  2259.12 
 2105.55  2092.65  2157.47  2128.88  2111.72  2115.59  2117.44  2114.92  2260.27 
 2136.14  2054.58  2142.24  2104.92  2113.18  2128.35  2088.27  2118.03  2297.75 
 2110.83  2080.03  2187.78  2132.39  2123.61  2069.46  2066.72  2109.11  2293.73 
 2094.44  2074.30  2172.89  2134.67  2179.81  2119.13  2131.35  2100.33  2273.89 
 2103.34  2073.42  2178.28  2122.39  2111.34  2125.96  2101.69  2098.99  2283.03 
 2113.82  2114.74  2145.12  2140.49  2144.75  2152.23  2102.35  2158.97  2267.48 
 2130.19  2092.51  2154.43  2122.95  2105.52  2105.91  2078.94  2101.51  2283.24 
 2105.05  2072.86  2142.94  2115.93  2106.38  2106.93  2098.95  2113.29  2255.34 
 2120.11  2090.08  2141.81  2104.71  2130.79  2107.68  2102.09  2134.00  2271.39 
 2098.57  2072.34  2145.45  2142.78  2139.78  2113.01  2076.52  2147.03  2306.12 
 2113.14  2066.74  2142.17  2111.56  2115.20  2113.91  2139.44  2129.90  2279.38 
 2120.94  2054.38  2149.78  2122.40  2147.35  2129.39  2102.84  2171.79  2252.61 
 2117.48  2059.09  2163.34  2122.63  2128.09  2127.53  2100.42  2109.60  2271.23 
 2099.62  2064.18  2109.61  2141.31  2110.66  2126.25  2127.46  2132.47  2259.32 
 2134.41  2114.91  2142.99  2153.65  2110.43  2137.88  2066.90  2101.15  2266.84 
 2102.07  2080.54  2176.57  2135.82  2132.95  2124.49  2071.74  2138.06  2254.62 
 2105.42  2059.83  2175.10  2145.97  2115.40  2114.24  2102.78  2129.72  2285.74 
 2129.46  2082.91  2201.72  2130.72  2174.81  2139.37  2119.93  2114.53  2252.11 
 2108.92  2088.13  2148.42  2108.81  2111.49  2119.45  2123.76  2140.47  2261.25 
 2123.41  2081.15  2142.91  2118.05  2139.77  2136.49  2075.51  2138.64  2279.90 
 2109.42  2111.74  2171.03  2147.59  2119.11  2164.43  2096.80  2097.15  2278.30 
 2141.24  2062.72  2165.51  2145.94  2140.04  2111.74  2069.62  2132.79  2283.53 
 2078.70  2095.17  2132.43  2144.20  2121.47  2138.35  2101.04  2131.28  2265.05 
 2102.62  2085.26  2121.54  2168.72  2134.16  2125.20  2116.42  2082.67  2262.98 
 2121.45  2073.79  2144.69  2138.99  2133.30  2123.83  2089.94  2101.51  2252.48 
 2098.11  2070.11  2192.35  2146.69  2117.56  2119.45  2101.06  2091.70  2255.43 
 2106.95  2029.26  2142.59  2169.26  2168.16  2140.70  2103.28  2137.55  2243.41 
 2165.83  2039.29  2120.38  2139.88  2129.74  2090.21  2108.13  2126.43  2290.97 
 2102.27  2095.63  2131.28  2139.98  2106.83  2144.82  2087.96  2124.05  2246.41 
 2126.86  2073.78  2137.95  2135.92  2126.89  2139.35  2132.39  2126.13  2251.95 
 2102.23  2070.38  2159.76  2119.25  2146.46  2123.59  2101.92  2116.06  2326.36 
 2113.85  2119.70  2120.76  2094.33  2151.52  2101.52  2075.48  2135.97  2280.01 
 2081.92  2074.31  2145.25  2100.18  2120.86  2119.62  2099.34  2117.81  2264.82 
 2108.67  2058.76  2108.78  2109.44  2140.28  2133.35  2088.95  2138.24  2284.46 
 2109.72  2070.86  2151.74  2128.66  2128.61  2131.46  2087.71  2103.89  2299.58 
 2116.98  2090.05  2163.29  2157.91  2144.35  2140.62  2089.71  2100.36  2268.79 
 2081.59  2106.56  2118.87  2130.05  2149.49  2121.60  2098.75  2127.43  2261.82 
 2110.37  2067.35  2136.90  2108.20  2119.52  2141.13  2135.43  2140.60  2237.69 
 2101.71  2110.41  2167.28  2136.02  2114.22  2100.26  2082.72  2125.17  2256.75 
 2069.94  2109.54  2126.98  2126.99  2119.45  2111.88  2101.96  2146.30  2253.32 
 2116.50  2077.76  2124.59  2188.36  2141.10  2150.38  2115.26  2115.16  2276.84 
 2098.84  2098.66  2147.94  2123.75  2116.40  2121.90  2101.55  2119.19  2259.07 
 2114.68  2089.92  2139.91  2100.53  2150.21  2103.84  2092.45  2075.82  2265.99 
 2130.84  2096.73  2156.60  2162.14  2139.53  2146.80  2096.72  2106.66  2259.69 
 2126.97  2067.40  2108.68  2115.08  2119.10  2175.05  2094.11  2115.24  2319.92 
 2141.24  2067.04  2155.83  2154.77  2143.17  2120.94  2114.22  2125.94  2293.43 
 2108.69  2070.89  2160.31  2083.56  2147.09  2156.21  2093.27  2123.35  2264.24 
 2112.07  2081.81  2164.91  2139.90  2106.51  2161.22  2094.44  2091.95  2265.04 
 2123.04  2063.36  2120.95  2136.64  2153.89  2122.86  2101.93  2130.63  2278.20 
 2105.77  2062.79  2158.86  2134.71  2190.10  2132.42  2093.14  2137.23  2306.55 
 2097.91  2096.40  2141.75  2101.61  2152.31  2088.02  2078.61  2145.67  2284.32 
 2064.47  2069.83  2111.80  2088.63  2150.78  2144.41  2077.55  2098.05  2278.41 
 2088.51  2090.00  2122.31  2132.68  2142.20  2131.11  2137.80  2077.29  2313.76 
 2104.34  2098.36  2165.44  2151.68  2110.20  2128.35  2106.92  2132.68  2281.16 
 2112.56  2087.68  2130.02  2130.51  2124.82  2159.27  2105.94  2173.89  2296.71 
 2142.44  2087.12  2148.91  2131.18  2144.48  2121.70  2130.89  2176.78  2261.35 
 2111.19  2063.37  2137.50  2109.25  2124.53  2134.36  2123.30  2143.13  2252.32 
 2105.13  2122.42  2130.39  2110.33  2126.16  2128.16  2118.86  2118.18  2284.98 
 2095.77  2072.00  2160.15  2140.98  2144.30  2136.69  2129.97  2127.43  2277.06 
 2097.35  2092.46  2148.75  2101.87  2129.09  2132.43  2092.59  2100.01  2261.87 
 2093.96  2069.11  2086.27  2116.74  2142.55  2140.38  2095.23  2109.97  2242.33 
 2107.34  2098.21  2136.21  2116.53  2131.67  2180.93  2132.72  2097.09  2275.42 
 2109.27  2098.57  2158.01  2130.56  2139.06  2128.40  2087.79  2110.37  2282.25 
 2098.47  2047.11  2185.61  2102.97  2150.79  2192.06  2072.10  2120.46  2276.06 
 2130.98  2099.28  2152.19  2174.35  2160.76  2099.34  2074.29  2135.67  2259.07 
 2087.42  2061.80  2126.25  2151.29  2132.12  2129.96  2092.25  2123.98  2260.05 
 2077.17  2064.91  2156.63  2157.85  2124.51  2125.81  2106.38  2129.13  2280.55 
 2138.63  2069.76  2164.46  2117.82  2098.49  2118.57  2098.16  2138.72  2282.92 
 2140.10  2093.72  2167.48  2096.64  2094.91  2175.74  2080.86  2102.95  2260.93 
 2057.22  2051.03  2158.36  2157.18  2139.33  2087.67  2134.27  2120.19  2284.65 
 2102.57  2081.11  2125.39  2127.24  2123.02  2154.70  2114.52  2142.62  2241.94 
 2085.79  2104.03  2148.04  2110.02  2163.72  2136.54  2067.10  2120.97  2260.58 
 2110.57  2094.85  2135.91  2146.00  2137.78  2117.25  2142.95  2118.51  2239.03 
 2059.99  2088.04  2109.86  2112.70  2151.96  2146.16  2101.85  2087.41  2282.80 
 2109.57  2100.77  2155.13  2136.70  2131.87  2104.03  2080.01  2098.82  2286.61 
 2104.12  2055.12  2116.55  2109.72  2127.54  2138.39  2056.40  2098.32  2261.94 
 2063.98  2082.36  2157.93  2140.27  2161.11  2137.30  2105.47  2118.14  2277.32 
 2140.79  2086.97  2106.02  2150.35  2134.33  2125.40  2100.15  2123.69  2289.63 
 2086.58  2083.96  2147.89  2091.57  2121.03  2143.94  2094.07  2126.67  2248.80 
 2080.47  2055.13  2154.14  2119.93  2140.64  2122.76  2079.46  2153.40  2274.01 
 2103.18  2059.78  2136.87  2127.16  2113.44  2135.90  2110.04  2136.33  2255.80 
 2115.12  2070.15  2110.37  2142.06  2143.73  2121.47  2122.05  2132.43  2243.27 
 2117.30  2076.95  2127.59  2169.14  2148.49  2172.77  2081.65  2126.22  2291.46 
 2111.74  2085.30  2157.94  2118.74  2095.82  2112.65  2106.09  2100.21  2282.59 
 2094.16  2084.55  2175.16  2107.00  2114.12  2143.65  2138.07  2108.07  2292.26 
 2111.38  2073.63  2168.01  2120.41  2131.47  2129.22  2090.76  2130.55  2272.11 
 2116.04  2086.62  2163.69  2117.93  2132.05  2126.17  2113.74  2089.25  2300.06 
 2117.13  2083.59  2098.88  2126.56  2162.55  2144.19  2110.00  2111.19  2271.29 
 2142.03  2082.91  2115.11  2130.65  2163.46  2138.77  2119.18  2168.66  2280.24 
 2141.91  2087.10  2150.87  2093.74  2128.51  2143.35  2102.32  2159.11  2281.06 
 2080.15  2048.99  2111.69  2105.29  2109.24  2140.73  2073.69  2167.68  2273.72 
 2095.90  2074.48  2145.47  2151.52  2155.70  2099.68  2075.40  2093.07  2272.42 
 2118.37  2108.49  2149.66  2170.39  2095.73  2158.26  2147.69  2096.84  2304.12 
 2107.28  2057.18  2138.58  2145.99  2111.10  2151.84  2097.52  2114.61  2222.52 
 2134.48  2087.94  2150.03  2112.53  2120.97  2151.12  2122.64  2121.22  2287.65 
 2103.77  2114.71  2159.04  2121.64  2158.28  2117.78  2107.65  2136.19  2217.58 
 2105.30  2084.49  2161.78  2100.28  2106.02  2132.48  2110.79  2133.38  2263.63 
 2116.05  2091.44  2133.09  2166.52  2134.68  2134.32  2099.49  2122.05  2268.69 
 2115.74  2077.65  2144.23  2109.97  2120.66  2126.93  2128.81  2101.17  2252.02 
 2088.43  2080.56  2128.31  2130.28  2160.43  2117.06  2119.09  2123.07  2231.71 
 2107.10  2094.59  2121.78  2126.10  2106.01  2115.66  2122.39  2088.68  2261.76 
 2126.66  2085.12  2186.62  2150.99  2146.00  2126.12  2098.36  2116.56  2236.10 
 2125.69  2067.01  2160.54  2116.05  2111.19  2132.30  2082.96  2126.68  2281.21 
 2090.90  2083.71  2148.13  2145.36  2156.10  2144.68  2092.21  2100.22  2288.49 
 2136.39  2081.20  2182.43  2164.15  2125.52  2126.32  2068.41  2133.33  2244.52 
 2155.90  2045.83  2148.86  2146.61  2164.22  2114.47  2071.16  2124.36  2303.31 
 2069.45  2095.35  2129.38  2109.88  2116.68  2120.58  2120.64  2122.31  2285.29 
 2123.12  2064.52  2120.06  2139.89  2140.93  2129.30  2049.46  2096.34  2284.34 
 2078.30  2060.17  2140.41  2142.91  2152.91  2148.00  2092.22  2099.30  2284.91 
 2116.81  2058.22  2169.10  2107.65  2167.07  2120.07  2131.49  2136.17  2261.76 
 2118.09  2105.14  2164.45  2121.33  2142.10  2150.75  2120.97  2119.69  2300.82 
 2092.53  2085.64  2154.25  2139.30  2159.19  2153.83  2106.55  2145.12  2290.02 
 2105.34  2059.87  2150.20  2126.31  2129.79  2130.46  2060.40  2087.67  2248.08 
 2147.15  2101.99  2141.68  2111.09  2139.12  2144.37  2094.97  2141.06  2282.04 
 2099.85  2120.52  2146.16  2125.70  2133.36  2108.42  2097.57  2095.59  2279.81 
 2113.41  2058.55  2162.22  2149.56  2145.91  2109.11  2084.36  2120.15  2230.85 
 2120.20  2054.47  2098.28  2158.96  2129.75  2150.84  2142.11  2110.32  2234.18 
 2149.54  2090.78  2139.14  2191.93  2144.16  2093.96  2114.93  2139.70  2263.20 
 2125.40  2085.46  2135.45  2131.35  2139.83  2122.68  2085.77  2114.40  2256.41 
 2103.05  2070.04  2162.50  2103.51  2122.53  2144.37  2099.07  2146.22  2261.45 
 2132.43  2068.06  2136.65  2133.18  2138.22  2124.55  2051.40  2118.43  2275.49 
 2116.95  2075.93  2147.08  2131.24  2156.85  2125.09  2086.96  2134.84  2259.00 
 2073.55  2054.94  2138.16  2128.56  2129.52  2145.43  2084.34  2132.57  2236.59 
 2088.10  2104.62  2147.71  2145.45  2133.55  2131.12  2103.11  2109.01  2297.04 
 2085.47  2100.39  2155.31  2118.47  2148.67  2134.45  2102.73  2110.46  2255.50 
 2065.91  2069.85  2144.00  2127.33  2145.45  2113.35  2086.72  2126.20  2255.65 
 2099.36  2061.51  2107.47  2132.01  2121.97  2134.62  2097.96  2120.80  2261.21 
 2095.21  2069.71  2132.58  2115.47  2106.65  2098.15  2077.88  2117.06  2276.34 
 2111.87  2083.29  2135.87  2107.00  2112.59  2099.67  2080.94  2140.34  2284.70 
 2090.45  2049.90  2149.79  2152.08  2167.78  2125.31  2117.25  2121.93  2274.60 
 2107.95  2097.82  2164.35  2132.64  2125.39  2153.44  2101.48  2109.57  2232.91 
 2092.68  2066.88  2150.73  2137.20  2085.22  2125.60  2130.38  2139.00  2290.64 
 2132.01  2084.21  2119.21  2132.83  2107.78  2108.67  2092.97  2150.68  2264.30 
 2106.10  2058.65  2132.68  2141.50  2123.57  2117.02  2043.14  2122.38  2223.73 
 2113.21  2071.31  2149.93  2125.85  2114.89  2156.55  2126.65  2112.98  2246.38 
 2098.43  2086.59  2174.49  2136.70  2118.95  2144.01  2087.30  2114.36  2287.41 
 2123.19  2056.94  2158.64  2127.04  2110.39  2084.56  2063.86  2087.20  2231.97 
 2088.41  2037.42  2144.16  2107.43  2121.95  2154.32  2106.87  2089.17  2280.04 
 2061.38  2090.30  2134.95  2141.66  2131.38  2142.86  2144.75  2078.65  2252.52 
 2095.28  2091.28  2147.38  2140.60  2132.77  2149.24  2089.32  2095.86  2233.90 
 2130.30  2065.96  2107.26  2071.91  2117.24  2145.85  2102.65  2128.75  2270.81 
 2120.48  2067.91  2149.25  2135.50  2141.45  2124.20  2133.23  2109.88  2248.20 
 2113.70  2077.18  2100.23  2116.23  2108.30  2114.93  2097.27  2117.37  2297.55 
 2082.20  2050.76  2126.13  2120.68  2124.53  2088.26  2129.60  2114.43  2292.23 
 2082.88  2074.58  2131.25  2120.27  2150.22  2130.24  2104.44  2115.61  2265.72 
 2125.35  2078.42  2146.24  2097.11  2120.32  2106.05  2119.51  2155.68  2278.51 
 2109.23  2082.03  2181.74  2114.37  2096.11  2163.65  2114.31  2124.01  2283.13 
 2144.76  2067.56  2193.83  2140.93  2158.64  2135.44  2101.14  2144.23  2270.04 
 2092.10  2071.09  2123.53  2125.18  2140.26  2122.19  2102.60  2110.24  2274.30 
 2085.36  2100.06  2141.21  2142.28  2125.04  2154.24  2087.53  2130.17  2318.87 
 2110.47  2085.43  2159.44  2135.65  2113.36  2138.89  2120.47  2134.11  2244.41 
 2054.57  2087.27  2125.17  2131.39  2127.99  2112.80  2131.33  2129.56  2250.74 
 2090.83  2076.45  2149.22  2145.54  2156.24  2138.74  2106.36  2137.93  2250.72 
 2099.30  2117.83  2124.77  2108.39  2152.55  2129.74  2105.42  2136.73  2263.11 
 2149.47  2092.59  2091.00  2151.65  2164.48  2111.72  2132.87  2090.74  2243.74 
 2102.46  2057.00  2174.15  2072.15  2138.44  2150.19  2116.01  2151.84  2295.52 
 2110.13  2052.80  2159.28  2129.64  2098.43  2104.89  2131.10  2139.15  2276.82 
 2084.58  2070.74  2155.72  2125.79  2136.99  2143.52  2111.55  2122.03  2237.41 
 2086.24  2088.39  2145.70  2120.31  2139.32  2148.56  2090.18  2114.01  2326.44 
 2123.88  2041.24  2124.05  2096.95  2137.48  2143.41  2133.81  2101.48  2264.46 
 2089.98  2085.14  2154.80  2132.37  2178.33  2103.65  2109.71  2105.09  2261.31 
 2080.44  2114.67  2183.41  2159.07  2134.17  2170.80  2113.31  2106.95  2280.13 
 2096.93  2116.53  2157.05  2101.78  2119.11  2090.83  2110.63  2077.92  2295.51 
 2128.28  2077.40  2140.26  2144.87  2130.85  2137.78  2097.56  2105.99  2271.02 
 2099.93  2080.43  2152.72  2121.99  2103.64  2125.76  2131.24  2088.51  2278.51 
 2088.96  2081.35  2140.17  2141.96  2108.41  2063.99  2107.98  2105.18  2210.36 
 2083.56  2077.85  2159.18  2176.20  2111.78  2111.74  2098.88  2154.64  2225.66 
 2112.12  2067.57  2175.16  2138.87  2094.23  2127.58  2076.51  2106.59  2304.14 
 2080.47  2118.16  2093.86  2154.11  2128.42  2103.60  2094.82  2105.74  2275.23 
 2102.47  2069.58  2153.79  2164.82  2141.33  2146.58  2085.59  2142.81  2311.90 
 2110.50  2075.61  2152.57  2167.79  2155.63  2149.03  2126.17  2104.02  2266.07 
 2116.20  2050.80  2111.44  2159.43  2147.22  2186.21  2114.04  2103.38  2245.94 
 2110.29  2085.37  2139.78  2129.60  2159.81  2122.70  2071.47  2164.12  2300.37 
 2129.80  2063.73  2149.54  2147.95  2170.16  2085.65  2103.04  2140.37  2269.40 
 2110.54  2091.52  2185.02  2169.85  2114.57  2111.21  2117.11  2093.41  2270.13 
 2096.41  2076.61  2151.82  2107.66  2163.78  2119.64  2133.45  2175.82  2276.49 
 2117.83  2068.27  2130.18  2127.74  2120.32  2109.05  2121.69  2112.92  2228.78 
 2108.80  2080.03  2144.32  2103.46  2122.47  2081.12  2086.80  2126.84  2300.62 
 2078.75  2114.35  2135.53  2112.49  2106.78  2113.38  2097.53  2134.30  2288.46 
 2089.70  2095.16  2194.82  2107.20  2107.17  2142.87  2113.21  2121.73  2256.32 
 2123.44  2075.76  2159.95  2105.10  2093.72  2138.02  2056.30  2101.67  2275.66 
 2137.72  2109.99  2130.25  2120.42  2124.39  2128.42  2110.60  2144.38  2234.11 
 2089.57  2075.10  2126.58  2122.89  2152.83  2142.34  2067.97  2141.19  2251.49 
 2134.00  2093.56  2170.55  2122.21  2132.66  2145.13  2099.34  2096.37  2266.70 
 2089.69  2097.09  2126.76  2112.56  2177.71  2106.31  2120.93  2117.61  2289.09 
 2116.99  2097.41  2155.74  2105.84  2184.99  2113.03  2112.72  2166.47  2291.34 
 2127.36  2070.74  2138.13  2115.05  2115.62  2110.18  2071.58  2110.55  2300.07 
 2104.10  2095.14  2124.03  2152.87  2144.63  2115.41  2077.53  2137.93  2260.85 
 2098.99  2120.65  2145.93  2175.85  2127.98  2109.15  2108.41  2103.40  2235.88 
 2098.67  2083.93  2114.47  2140.99  2128.78  2120.93  2065.85  2086.34  2257.27 
 2109.98  2096.20  2151.53  2128.48  2135.21  2119.53  2113.28  2114.97  2271.31 
 2100.42  2086.24  2134.92  2119.44  2075.27  2111.46  2088.73  2159.92  2255.89 
 2090.22  2055.50  2123.93  2133.78  2135.73  2116.22  2064.35  2129.77  2325.38 
 2066.82  2080.21  2160.33  2142.97  2136.70  2129.80  2108.89  2135.87  2259.52 
 2098.89  2117.85  2151.11  2094.42  2108.02  2114.79  2095.18  2073.75  2255.31 
 2161.50  2055.79  2106.53  2139.28  2097.87  2134.82  2094.15  2150.78  2258.43 
 2089.53  2077.61  2122.84  2122.76  2147.89  2117.86  2077.45  2141.47  2253.09 
 2080.25  2072.61  2184.66  2114.01  2159.21  2150.92  2128.65  2156.54  2264.72 
 2119.72  2048.15  2141.32  2141.77  2137.99  2101.87  2095.84  2112.77  2309.12 
 2125.31  2090.13  2134.21  2145.60  2120.72  2143.86  2075.51  2130.68  2267.28 
 2111.41  2062.49  2164.87  2121.30  2139.96  2140.75  2133.25  2122.25  2244.32 
 2074.18  2076.67  2149.43  2123.14  2117.41  2102.01  2104.11  2140.83  2261.09 
 2112.64  2059.23  2140.75  2137.66  2146.77  2111.98  2093.70  2132.75  2298.71 
 2098.30  2090.64  2146.40  2159.46  2116.77  2116.21  2149.68  2143.68  2261.66 
 2076.74  2070.22  2143.95  2116.25  2126.96  2100.26  2105.96  2127.33  2234.35 
 2118.84  2073.69  2145.33  2145.30  2115.30  2117.74  2104.54  2089.72  2271.49 
 2137.93  2078.11  2149.44  2157.37  2127.81  2118.36  2093.91  2108.95  2245.30 
 2093.95  2118.71  2116.26  2111.12  2136.89  2118.36  2119.27  2095.03  2275.50 
 2117.05  2067.78  2166.90  2124.67  2160.91  2134.99  2116.03  2104.66  2255.30 
 2059.04  2065.61  2138.69  2148.09  2153.75  2101.31  2118.85  2131.29  2287.15 
 2088.25  2106.04  2155.04  2125.04  2131.97  2120.69  2086.63  2141.28  2272.70 
 2122.43  2055.69  2148.26  2121.44  2112.16  2121.56  2110.32  2130.28  2283.24 
 2136.73  2070.30  2157.65  2106.41  2136.57  2140.75  2079.47  2136.06  2289.47 
 2126.91  2077.19  2124.66  2122.57  2105.18  2138.85  2145.69  2103.35  2269.63 
 2097.80  2085.18  2108.05  2087.03  2135.90  2091.39  2121.15  2103.41  2270.82 
 2105.03  2089.16  2116.08  2137.21  2140.15  2134.60  2124.37  2134.32  2252.92 
 2096.16  2091.65  2134.25  2114.82  2112.90  2151.48  2089.94  2147.58  2313.68 
 2086.16  2074.80  2174.66  2112.97  2137.72  2170.80  2110.74  2127.14  2318.03 
 2122.62  2054.26  2122.64  2067.90  2132.24  2114.41  2109.47  2158.44  2277.66 
 2103.44  2086.22  2178.47  2112.72  2154.93  2168.72  2144.83  2081.64  2295.64 
 2089.75  2082.38  2161.43  2110.45  2163.36  2124.63  2086.98  2129.26  2259.59 
 2065.94  2050.07  2138.07  2151.60  2115.08  2180.06  2113.71  2122.27  2271.78 
 2101.26  2091.68  2122.06  2133.36  2129.12  2155.05  2074.99  2117.02  2229.20 
 2157.30  2099.30  2144.13  2084.62  2102.75  2122.26  2112.51  2103.34  2293.99 
 2080.55  2137.48  2167.90  2095.61  2134.59  2074.54  2106.46  2139.53  2313.48 
 2089.53  2067.97  2142.28  2119.65  2142.43  2157.07  2064.86  2099.21  2250.33 
 2031.08  2083.42  2144.08  2124.44  2116.39  2123.62  2117.37  2115.51  2282.95 
 2106.34  2075.76  2116.07  2132.24  2113.77  2144.87  2086.60  2103.43  2318.78 
 2108.34  2108.22  2161.02  2125.37  2137.85  2133.73  2078.44  2137.53  2323.85 
 2125.88  2105.73  2156.93  2162.24  2102.55  2123.45  2070.94  2131.33  2270.62 
 2099.81  2079.73  2163.76  2140.58  2134.91  2114.28  2085.84  2124.68  2295.22 
 2097.81  2043.14  2090.49  2108.31  2127.31  2134.14  2098.26  2173.00  2293.45 
 2115.74  2096.45  2167.33  2126.45  2124.58  2127.56  2109.13  2132.73  2303.41 
 2104.92  2100.52  2158.20  2119.13  2121.20  2140.69  2115.80  2133.89  2308.24 
 2093.61  2050.55  2102.21  2111.56  2150.87  2136.88  2110.92  2138.14  2298.55 
 2055.33  2081.86  2130.54  2154.95  2134.91  2125.59  2112.26  2100.12  2242.36 
 2136.56  2063.03  2168.99  2107.15  2147.20  2148.17  2150.86  2153.34  2287.95 
 2140.02  2103.44  2167.19  2165.01  2118.52  2098.16  2082.75  2104.71  2305.12 
 2116.64  2089.74  2128.78  2124.74  2137.32  2181.96  2101.39  2149.19  2263.46 
 2112.17  2077.70  2175.65  2110.30  2154.42  2143.15  2096.27  2124.60  2279.84 
 2117.54  2114.47  2177.53  2153.12  2110.14  2121.32  2122.63  2112.63  2246.93 
 2095.46  2090.16  2189.08  2125.40  2138.12  2127.97  2107.55  2124.45  2255.58 
 2133.68  2083.05  2106.24  2160.09  2114.41  2146.26  2097.54  2112.85  2288.12 
 2099.02  2092.59  2132.43  2139.63  2093.73  2119.30  2107.19  2094.46  2274.17 
 2122.01  2093.20  2120.86  2137.26  2121.58  2119.08  2102.98  2119.03  2272.09 
 2070.64  2071.45  2100.79  2097.46  2136.41  2124.48  2118.00  2137.83  2270.42 
 2120.96  2090.12  2120.15  2104.49  2135.37  2114.53  2119.41  2102.97  2266.26 
 2122.55  2085.02  2190.65  2117.52  2124.78  2169.75  2117.55  2114.96  2251.15 
 2094.74  2112.07  2135.53  2138.08  2098.36  2133.58  2079.55  2100.27  2284.51 
 2125.55  2081.00  2130.69  2175.16  2170.77  2150.24  2109.38  2121.11  2278.93 
 2068.56  2100.08  2181.62  2118.64  2122.12  2080.20  2093.69  2170.59  2323.21 
 2094.41  2041.31  2166.89  2139.72  2120.63  2094.99  2105.11  2118.78  2277.22 
 2104.92  2088.89  2156.62  2132.84  2125.52  2158.40  2072.87  2122.39  2280.98 
 2077.15  2081.14  2139.66  2128.38  2101.49  2097.71  2138.57  2064.21  2253.55 
 2096.49  2100.21  2127.76  2124.91  2144.87  2144.79  2102.79  2133.46  2257.44 
 2108.61  2070.24  2136.32  2145.50  2115.81  2145.86  2099.22  2127.51  2284.78 
 2100.49  2088.91  2147.58  2118.53  2175.31  2164.76  2110.20  2092.55  2251.18 
 2146.65  2069.74  2138.45  2150.45  2137.42  2131.68  2093.43  2135.49  2255.00 
 2122.13  2082.80  2165.45  2114.75  2124.51  2118.80  2099.25  2123.27  2276.23 
 2103.35  2059.37  2120.07  2098.92  2133.54  2157.42  2139.79  2138.84  2281.62 
 2123.85  2115.47  2132.53  2123.33  2138.22  2144.03  2108.67  2119.87  2279.84 
 2070.12  2089.96  2141.95  2137.18  2178.98  2179.06  2090.08  2169.84  2272.61 
 2082.77  2093.15  2148.14  2140.14  2104.80  2120.66  2087.24  2107.98  2253.61 
 2069.61  2058.89  2118.76  2092.88  2102.22  2129.77  2088.20  2155.35  2268.84 
 2104.23  2077.80  2141.55  2082.81  2167.35  2149.58  2076.87  2131.90  2282.94 
 2131.92  2074.22  2094.10  2171.22  2113.53  2142.99  2089.73  2127.19  2294.14 
 2124.66  2092.20  2148.66  2144.65  2130.62  2117.62  2091.54  2118.68  2280.84 
 2084.97  2096.13  2146.09  2117.03  2146.83  2149.32  2150.59  2128.02  2280.27 
 2120.21  2084.78  2193.02  2120.56  2085.76  2147.99  2112.94  2130.51  2281.33 
 2096.53  2087.03  2149.46  2093.33  2170.79  2091.61  2118.92  2132.14  2284.96 
 2086.86  2095.53  2133.38  2152.74  2158.02  2119.77  2088.46  2103.14  2259.59 
 2116.52  2066.76  2099.85  2190.33  2123.65  2122.94  2110.78  2112.86  2235.91 
 2091.79  2094.56  2178.70  2123.96  2099.57  2103.38  2081.84  2109.20  2251.06 
 2108.22  2038.37  2144.37  2120.37  2163.02  2115.01  2074.12  2130.54  2283.38 
 2115.23  2092.02  2135.19  2118.15  2138.22  2116.36  2080.44  2079.34  2227.74 
 2085.26  2072.22  2163.18  2145.21  2145.47  2168.28  2095.13  2130.02  2254.67 
 2164.29  2114.13  2121.36  2134.35  2114.62  2160.45  2121.72  2105.09  2254.46 
 2125.04  2064.70  2157.33  2115.56  2119.08  2139.24  2097.32  2128.80  2277.08 
 2105.73  2090.52  2144.64  2138.62  2164.95  2108.42  2094.11  2110.69  2283.84 
 2096.03  2056.68  2187.10  2124.35  2121.78  2134.53  2097.27  2099.37  2277.60 
 2069.21  2086.25  2150.01  2154.12  2172.55  2101.59  2112.07  2133.99  2258.67 
 2125.48  2061.72  2120.38  2137.07  2106.45  2106.51  2091.51  2113.65  2295.61 
 2125.42  2114.60  2175.01  2132.14  2161.21  2125.05  2074.61  2105.58  2271.91 
 2091.90  2132.68  2186.20  2124.61  2104.32  2138.68  2091.33  2125.53  2244.70 
 2110.59  2071.74  2124.08  2092.02  2131.18  2130.36  2119.83  2082.05  2240.92 
 2089.86  2104.84  2167.00  2120.65  2087.54  2151.92  2116.12  2101.66  2255.58 
 2090.35  2106.12  2171.17  2108.09  2134.07  2155.32  2044.56  2127.09  2285.80 
 2105.38  2078.78  2132.26  2096.95  2142.98  2099.70  2106.33  2108.57  2317.08 
 2111.89  2109.91  2157.71  2128.34  2133.42  2114.82  2095.99  2149.97  2294.91 
 2148.00  2103.10  2112.45  2114.41  2161.01  2195.27  2129.26  2084.26  2257.55 
 2143.41  2098.59  2155.58  2100.55  2135.91  2137.41  2085.61  2110.33  2258.55 
 2126.80  2116.50  2136.12  2130.74  2169.04  2081.46  2094.22  2118.26  2296.62 
 2114.49  2123.87  2128.61  2131.37  2138.00  2112.16  2093.38  2122.98  2293.81 
 2116.13  2065.64  2129.43  2107.54  2123.43  2107.99  2076.34  2107.15  2285.09 
 2102.06  2093.80  2155.11  2128.91  2148.20  2122.62  2078.35  2106.31  2304.36 
 2086.54  2083.91  2131.89  2158.52  2128.84  2099.79  2095.13  2093.62  2279.29 
 2114.08  2109.44  2161.26  2133.26  2128.51  2136.11  2061.12  2111.32  2277.06 
 2174.56  2064.33  2167.73  2101.51  2138.23  2153.68  2069.24  2111.05  2318.91 
 2127.26  2085.40  2159.23  2084.32  2109.33  2167.80  2090.58  2089.52  2252.17 
 2078.16  2066.10  2128.20  2116.89  2144.49  2118.87  2145.97  2124.90  2276.29 
 2101.75  2084.06  2145.13  2140.71  2150.34  2144.69  2086.31  2122.65  2260.64 
 2128.12  2085.26  2177.34  2113.43  2136.80  2150.88  2092.42  2149.58  2278.78 
 2112.67  2081.21  2145.30  2142.74  2135.20  2112.10  2077.99  2126.06  2286.36 
 2084.61  2085.02  2136.17  2126.48  2106.12  2128.98  2144.55  2111.05  2283.41 
 2098.18  2097.77  2124.40  2101.54  2176.61  2119.19  2102.76  2128.85  2259.84 
 2124.86  2108.96  2130.49  2165.75  2135.19  2124.97  2106.21  2076.27  2273.71 
 2068.88  2058.70  2174.98  2098.72  2129.68  2089.95  2092.17  2087.67  2243.89 
 2114.74  2082.20  2188.61  2103.53  2132.34  2104.32  2104.48  2111.56  2271.28 
 2110.69  2073.98  2114.97  2099.98  2102.65  2145.30  2086.13  2120.47  2291.73 
 2083.03  2087.76  2110.85  2123.49  2157.69  2132.46  2094.89  2112.76  2266.62 
 2088.57  2113.47  2118.94  2155.86  2118.49  2100.70  2130.43  2121.68  2254.65 
 2111.82  2060.05  2115.45  2125.87  2110.92  2116.47  2081.65  2145.52  2266.86 
 2127.13  2063.91  2157.12  2130.21  2136.97  2109.37  2085.26  2113.49  2279.36 
 2101.43  2032.21  2172.47  2126.91  2112.75  2165.61  2108.51  2179.14  2273.18 
 2083.01  2069.29  2128.05  2141.70  2097.88  2113.24  2049.30  2110.13  2276.88 
 2078.40  2098.77  2146.16  2117.51  2149.60  2125.84  2114.63  2141.12  2293.84 
 2091.33  2097.63  2138.10  2118.86  2131.13  2133.54  2107.43  2125.03  2287.02 
 2082.11  2060.43  2129.24  2150.28  2127.01  2146.12  2094.55  2114.53  2246.34 
 2108.21  2071.03  2132.48  2117.86  2144.33  2132.61  2109.76  2108.86  2239.11 
 2075.74  2090.77  2160.41  2147.51  2106.73  2132.49  2081.07  2105.01  2249.95 
 2074.10  2040.16  2111.32  2118.26  2131.74  2123.48  2104.64  2093.46  2292.44 
 2079.62  2087.86  2139.85  2075.47  2132.22  2126.17  2112.34  2125.49  2244.12 
 2085.40  2100.43  2122.23  2117.95  2174.23  2127.02  2097.28  2100.96  2266.62 
 2104.84  2083.27  2125.62  2163.94  2172.19  2130.64  2101.21  2160.48  2262.08 
 2068.55  2093.03  2143.30  2109.11  2093.48  2122.69  2159.30  2148.09  2302.43 
 2100.19  2096.77  2158.14  2112.64  2111.45  2131.72  2122.31  2123.36  2284.84 
 2105.14  2075.42  2133.72  2094.76  2108.48  2086.50  2122.08  2149.88  2249.19 
 2097.49  2090.28  2162.84  2126.22  2154.49  2092.86  2076.94  2126.12  2271.97 
 2138.45  2100.07  2112.01  2149.27  2124.52  2153.49  2149.09  2139.11  2251.26 
 2095.67  2094.39  2142.99  2069.85  2141.43  2094.15  2098.78  2095.34  2252.04 
 2076.07  2042.17  2144.78  2124.14  2121.73  2136.19  2115.69  2111.53  2294.53 
 2098.69  2068.09  2149.11  2098.89  2143.82  2136.98  2093.40  2140.20  2260.68 
 2120.18  2106.12  2147.36  2107.51  2128.32  2117.70  2114.21  2126.26  2263.19 
 2075.05  2077.04  2147.31  2151.23  2114.09  2148.64  2090.46  2147.34  2273.32 
 2117.28  2056.67  2167.76  2120.43  2174.67  2118.19  2058.24  2170.25  2303.89 
 2096.98  2075.89  2176.18  2116.10  2130.84  2110.76  2135.46  2078.17  2279.53 
 2128.34  2097.70  2150.96  2140.62  2128.15  2098.70  2099.77  2154.93  2277.65 
 2112.11  2122.40  2135.93  2106.61  2145.33  2188.19  2095.44  2114.33  2291.62 
 2119.55  2101.52  2139.39  2127.38  2114.09  2092.78  2114.60  2133.20  2270.68 
 2096.63  2078.91  2138.61  2125.66  2160.18  2091.48  2111.20  2146.51  2276.85 
 2103.22  2092.29  2140.31  2146.52  2130.75  2139.95  2105.84  2124.32  2269.43 
 2127.15  2104.11  2145.48  2149.33  2148.58  2171.36  2114.45  2129.05  2296.08 
 2097.49  2059.74  2155.06  2172.20  2125.42  2129.78  2105.89  2139.15  2296.77 
 2130.45  2055.57  2120.06  2109.26  2125.55  2167.32  2114.80  2116.24  2257.96 
 2108.79  2065.44  2175.31  2115.40  2161.76  2129.80  2087.78  2113.94  2257.13 
 2131.52  2071.98  2164.26  2079.47  2147.06  2172.53  2115.15  2138.76  2282.11 
 2097.19  2105.77  2135.79  2151.34  2116.54  2152.82  2108.93  2128.79  2275.56 
 2131.24  2079.90  2147.01  2126.82  2126.01  2116.73  2071.97  2112.83  2284.18 
 2094.31  2076.47  2170.48  2088.96  2107.53  2103.48  2124.58  2109.56  2262.68 
 2089.93  2107.82  2138.17  2139.69  2133.05  2145.48  2105.04  2117.28  2250.23 
 2122.92  2069.11  2140.80  2148.55  2134.26  2131.78  2110.00  2091.04  2269.11 
 2103.07  2061.61  2174.74  2119.37  2108.16  2133.30  2084.62  2149.85  2298.42 
 2109.45  2081.59  2102.12  2156.98  2087.31  2088.73  2080.53  2091.57  2274.66 
 2158.39  2068.72  2146.10  2098.95  2112.20  2109.86  2124.96  2124.54  2268.61 
 2088.15  2072.01  2121.07  2134.07  2160.44  2119.41  2093.35  2074.68  2257.45 
 2102.38  2058.62  2127.91  2119.08  2119.34  2124.45  2097.21  2134.12  2289.43 
 2055.16  2072.93  2132.35  2112.16  2146.87  2121.87  2137.19  2098.05  2294.68 
 2057.15  2079.19  2166.33  2093.23  2147.10  2111.01  2118.22  2152.50  2236.26 
 2121.02  2080.26  2131.95  2135.36  2173.06  2094.37  2078.47  2109.64  2274.09 
 2102.65  2104.38  2187.93  2110.05  2133.07  2147.92  2118.64  2147.66  2273.28 
 2098.92  2069.83  2141.55  2104.30  2195.22  2115.40  2101.97  2129.03  2276.74 
 2088.28  2104.60  2149.21  2153.78  2119.24  2096.78  2129.81  2124.76  2288.83 
 2084.35  2073.76  2099.86  2142.76  2145.78  2128.70  2135.30  2080.25  2252.56 
 2139.94  2100.04  2180.24  2134.90  2129.69  2138.91  2083.46  2147.69  2253.89 
 2109.63  2097.38  2145.84  2091.99  2126.06  2107.78  2079.92  2112.95  2284.53 
 2120.68  2072.00  2153.18  2147.88  2138.76  2123.30  2112.28  2156.10  2243.40 
 2079.82  2054.37  2136.93  2128.57  2149.67  2119.05  2099.84  2123.27  2281.95 
 2100.17  2125.11  2155.64  2162.66  2111.85  2124.14  2096.90  2132.96  2275.68 
 2098.04  2075.09  2132.20  2127.52  2128.16  2160.21  2126.58  2149.18  2302.38 
 2120.56  2087.12  2162.56  2134.44  2118.38  2143.38  2100.99  2109.25  2288.65 
 2058.87  2077.02  2138.24  2126.31  2122.08  2101.11  2110.00  2096.59  2265.66 
 2118.44  2083.58  2162.05  2125.18  2133.78  2122.91  2128.06  2112.80  2300.86 
 2099.66  2074.79  2117.28  2157.26  2127.11  2125.20  2089.90  2126.83  2223.88 
 2130.54  2073.96  2141.41  2132.91  2114.22  2112.78  2128.66  2075.70  2265.01 
 2098.44  2088.41  2150.28  2161.16  2132.26  2105.74  2118.81  2147.39  2292.30 
 2119.97  2113.57  2178.71  2114.29  2116.02  2137.49  2099.73  2128.34  2271.33 
 2109.62  2077.49  2128.22  2132.24  2114.89  2143.25  2108.71  2108.22  2246.39 
 2106.24  2090.54  2123.43  2127.99  2144.69  2159.09  2129.36  2140.44  2250.59 
 2103.43  2092.56  2146.54  2150.04  2138.09  2139.56  2100.76  2132.52  2270.59 
 2076.84  2062.40  2152.03  2156.51  2145.37  2137.64  2077.13  2101.74  2271.09 
 2119.63  2099.10  2165.05  2139.14  2137.12  2137.74  2043.27  2115.19  2255.24 
 2112.21  2099.88  2173.97  2117.73  2124.66  2132.84  2113.76  2151.08  2255.39 
 2100.04  2042.56  2087.47  2124.16  2105.46  2123.80  2118.50  2121.43  2262.14 
 2111.37  2028.17  2108.28  2136.15  2148.17  2138.35  2102.99  2105.38  2258.16 
 2089.43  2063.91  2162.32  2136.60  2157.16  2119.09  2097.88  2091.03  2304.81 
 2085.42  2043.45  2164.09  2121.36  2127.07  2174.14  2083.69  2132.21  2275.58 
 2109.12  2040.76  2156.98  2145.39  2118.29  2123.83  2071.36  2137.92  2259.10 
 2098.02  2085.72  2128.23  2141.96  2145.02  2096.79  2064.91  2087.90  2239.65 
 2091.43  2047.69  2151.26  2105.85  2142.60  2142.49  2107.20  2100.97  2274.15 
 2065.83  2100.34  2174.26  2137.18  2151.26  2129.39  2109.00  2110.94  2230.30 
 2047.88  2101.30  2169.88  2098.11  2160.64  2133.17  2077.22  2074.07  2247.67 
 2066.59  2056.50  2152.04  2120.17  2114.14  2117.86  2079.19  2119.39  2287.13 
 2098.55  2082.01  2124.00  2115.00  2103.34  2106.42  2093.98  2106.79  2280.50 
 2107.94  2100.67  2109.98  2130.47  2146.77  2119.24  2103.63  2108.08  2256.80 
 2112.35  2081.42  2114.41  2124.62  2118.96  2134.46  2107.86  2122.25  2288.36 
 2096.35  2082.72  2145.29  2135.86  2130.77  2110.23  2081.91  2110.82  2261.40 
 2063.85  2081.38  2142.16  2126.23  2129.63  2164.86  2085.06  2139.79  2273.60 
 2098.91  2140.56  2139.56  2116.10  2158.32  2094.52  2082.66  2101.35  2265.04 
 2088.62  2030.62  2144.53  2103.23  2118.25  2127.84  2110.17  2131.25  2274.27 
 2088.90  2101.20  2165.20  2143.94  2195.77  2156.99  2090.23  2126.62  2307.64 
 2065.73  2099.86  2122.24  2164.75  2140.40  2138.54  2094.42  2134.00  2277.98 
 2121.62  2062.12  2137.08  2125.16  2136.37  2097.36  2120.88  2117.76  2250.55 
 2143.07  2054.55  2145.43  2108.75  2105.11  2124.59  2072.31  2143.46  2262.24 
 2087.39  2104.10  2138.03  2090.36  2120.55  2112.99  2110.58  2105.39  2256.10 
 2063.46  2106.26  2119.17  2108.84  2148.53  2153.29  2109.04  2130.27  2309.18 
 2095.19  2046.54  2144.26  2151.89  2119.41  2143.98  2139.45  2180.35  2262.30 
 2134.35  2095.68  2159.02  2140.83  2112.55  2136.14  2093.77  2112.75  2254.74 
 2098.87  2089.86  2117.57  2118.93  2154.22  2107.20  2092.50  2075.35  2267.70 
 2124.66  2081.08  2141.61  2123.01  2145.00  2144.66  2072.80  2121.73  2233.02 
 2132.94  2079.45  2112.92  2131.82  2133.38  2116.01  2082.45  2130.23  2276.99 
 2122.38  2058.60  2131.66  2106.97  2134.84  2162.06  2072.30  2112.12  2305.89 
 2080.59  2100.55  2129.10  2157.93  2135.32  2108.03  2103.28  2128.64  2290.48 
 2143.68  2086.09  2148.27  2119.89  2129.42  2124.91  2079.95  2104.37  2246.00 
 2086.36  2125.50  2155.02  2153.35  2123.30  2127.99  2098.98  2133.01  2298.57 
 2133.02  2080.04  2115.87  2142.24  2133.18  2127.92  2095.25  2117.52  2280.34 
 2063.91  2066.56  2177.55  2111.80  2165.74  2106.97  2101.29  2122.59  2253.38 
 2102.05  2091.16  2169.82  2085.48  2104.94  2099.52  2076.20  2109.50  2282.95 
 2113.67  2092.70  2114.86  2099.91  2127.02  2140.84  2087.64  2147.31  2261.11 
 2075.64  2058.22  2130.71  2161.43  2149.51  2099.09  2074.73  2162.52  2279.79 
 2117.36  2100.48  2174.61  2117.13  2134.72  2109.56  2103.56  2157.17  2227.16 
 2084.40  2076.72  2130.05  2098.26  2118.09  2113.69  2070.64  2120.66  2303.75 
 2125.15  2064.34  2133.23  2117.65  2088.89  2090.37  2108.52  2127.20  2270.56 
 2089.17  2111.39  2123.90  2112.84  2083.39  2122.68  2107.49  2106.94  2275.49 
 2120.68  2114.52  2172.43  2099.32  2121.43  2159.36  2107.03  2082.43  2279.55 
 2090.86  2054.34  2167.55  2123.54  2154.87  2126.48  2077.72  2132.97  2250.42 
 2126.07  2073.70  2146.92  2128.66  2145.37  2140.41  2096.70  2084.74  2278.39 
 2144.50  2047.97  2142.39  2123.94  2135.91  2128.52  2089.19  2149.10  2252.83 
 2086.77  2067.16  2142.66  2128.39  2152.96  2132.23  2101.10  2109.39  2258.41 
 2134.16  2061.04  2134.08  2160.28  2119.42  2088.73  2145.38  2169.59  2256.56 
 2084.35  2087.38  2159.62  2105.28  2148.09  2124.94  2125.46  2073.99  2249.39 
 2112.29  2080.95  2172.00  2180.92  2126.35  2141.18  2095.84  2088.41  2262.38 
 2121.70  2071.99  2130.75  2121.45  2125.32  2120.47  2094.42  2138.72  2288.91 
 2085.36  2099.92  2120.97  2078.34  2094.85  2144.43  2077.52  2130.21  2278.68 
 2095.22  2074.94  2164.12  2147.33  2115.91  2124.33  2067.07  2147.77  2299.58 
 2144.64  2079.36  2159.38  2162.39  2125.38  2149.21  2128.50  2152.14  2288.04 
 2075.18  2093.69  2152.53  2105.75  2114.45  2104.84  2066.51  2139.45  2238.36 
 2093.69  2040.11  2140.50  2098.27  2128.94  2107.16  2106.82  2099.79  2266.20 
 2091.93  2083.11  2122.44  2121.27  2123.47  2172.34  2095.93  2115.71  2267.28 
 2100.26  2047.67  2176.08  2130.36  2143.38  2133.94  2132.52  2151.37  2273.45 
 2104.58  2137.69  2127.71  2125.10  2107.34  2155.15  2105.24  2103.21  2266.22 
 2090.11  2087.93  2130.49  2116.67  2147.79  2095.79  2121.34  2098.52  2282.71 
 2128.77  2076.12  2182.34  2150.82  2154.55  2107.06  2079.87  2115.20  2283.98 
 2099.33  2078.74  2138.90  2106.65  2124.72  2169.10  2136.59  2100.51  2302.71 
 2092.40  2082.93  2136.67  2128.15  2146.48  2183.39  2106.42  2154.34  2244.54 
 2092.15  2068.03  2119.04  2082.76  2078.04  2109.19  2071.14  2136.22  2289.99 
 2071.24  2070.24  2110.41  2121.64  2099.47  2134.99  2071.63  2124.86  2267.00 
 2079.57  2049.37  2146.31  2168.05  2130.61  2135.50  2052.07  2140.67  2268.95 
 2072.93  2050.04  2103.94  2101.37  2072.19  2128.77  2105.99  2148.87  2301.98 
 2095.04  2095.22  2113.10  2108.86  2153.07  2112.29  2105.84  2114.73  2290.41 
