   60.23      1.67     58.74      1.58     59.49
  117.08      1.46    113.95      1.58    115.51
   65.85      1.43     64.73      1.30     65.29
  102.77      1.71     98.50      1.56    100.64
   57.28      1.65     58.35      1.53     57.81
  117.14      1.78    114.12      1.75    115.63
   54.51      1.47     53.40      1.50     53.96
  120.76      1.94    120.12      1.63    120.44
   71.20      1.75     69.74      2.01     70.47
   95.72      1.55     93.12      1.79     94.42
   69.27      1.82     71.86      1.69     70.56
  103.92     14.45     98.30     19.39    101.11
   76.09      1.61     75.15      1.83     75.62
   94.06     24.23     82.48     17.98     88.27
   68.77      1.74     70.09      1.48     69.43
  120.43      1.67    118.09      1.54    119.26
   54.11      1.43     54.11      1.29     54.11
  106.34      1.64    105.62      1.63    105.98
   57.47      1.56     56.37      1.58     56.92
  109.62      1.54    107.42      1.73    108.52
   77.36      1.79     77.74      1.53     77.55
   97.41      1.71     94.14      1.66     95.77
   67.67      1.45     67.56      1.31     67.61
  107.95      1.61    104.67      1.52    106.31
   74.69      1.51     73.10      1.50     73.89
   92.98      1.50     90.26      1.58     91.62
   66.49      1.33     66.64      1.47     66.57
  101.37      1.60    100.05      1.52    100.71
   77.90      1.60     74.95      1.50     76.43
   90.55      1.88     91.07      1.59     90.81
   57.41      1.46     55.98      1.37     56.69
  115.76      1.79    115.66      1.60    115.71
   66.29      1.67     64.33      1.46     65.31
  107.10      1.52    107.41      1.51    107.25
   55.21      1.44     56.24      1.59     55.73
  119.33      1.54    116.80      1.99    118.06
   65.63      1.67     66.73      1.25     66.18
  102.87      1.71     97.72      1.70    100.30
   58.56      1.36     57.42      1.57     57.99
   93.11      1.72     90.27      1.68     91.69
   71.87      1.80     74.71      1.42     73.29
  126.38      1.72    123.55      1.56    124.97
   51.77      1.80     49.91      1.31     50.84
  103.82      1.73    102.62      1.68    103.22
   67.93      1.61     67.42      1.38     67.68
  105.06      1.72    104.36      1.56    104.71
   60.33      1.39     61.73      1.60     61.03
  108.39      1.61    104.95      1.53    106.67
   70.44      1.71     71.43      1.52     70.93
  120.93      1.47    118.33      1.84    119.63
   50.12      1.59     49.61      1.85     49.86
  101.06      1.41     98.50      1.53     99.78
   86.87      1.51     86.69      1.85     86.78
   94.63      1.37     95.61      1.47     95.12
   55.15      1.79     54.80      1.55     54.98
  110.59      1.65    111.17      1.78    110.88
   67.42      2.19     63.83      1.91     65.62
  113.65      1.45    112.09      1.77    112.87
   61.11      1.70     59.81      1.48     60.46
   98.07      1.73     95.63      1.61     96.85
   70.50      1.49     70.14      1.56     70.32
  107.39      1.78    105.74      1.69    106.56
   67.41      1.83     65.48      1.46     66.44
  103.31      1.76    100.16      1.65    101.73
   75.58      1.94     76.39      1.35     75.98
  103.95      1.50    100.80      1.73    102.38
   63.06      1.69     62.10      1.52     62.58
  105.61      1.62    105.93      1.61    105.77
   72.06      1.72     68.63      1.84     70.34
   92.13      1.61     95.17      1.58     93.65
   66.72      1.61     63.76      1.55     65.24
  118.85      1.69    116.98      1.77    117.92
   55.69      1.70     54.75      1.56     55.22
  105.11      1.67    103.06      1.44    104.09
   67.31      1.78     68.21      1.38     67.76
  109.35      1.49    108.17      1.87    108.76
   73.58      1.43     73.63      1.65     73.60
   95.24      1.64     91.57      1.74     93.41
   61.05      1.75     60.70      1.44     60.88
  105.98      1.67    104.06      1.72    105.02
   65.85      1.81     64.65      1.45     65.25
  109.35      1.60    107.06      1.62    108.20
   65.19      1.55     66.64      1.48     65.91
  113.22      1.80    110.77      1.83    111.99
   60.75      1.80     60.24      1.38     60.50
  113.50      1.48    112.69      1.80    113.09
   55.18      1.53     50.88      1.64     53.03
  114.13      1.61    112.65      1.78    113.39
   72.17      1.97     72.21      1.46     72.19
   97.74      1.58     92.61      1.66     95.17
   59.13      1.28     58.63      1.34     58.88
  113.48      1.58    110.24      1.55    111.86
   73.00      1.74     72.90      1.53     72.95
   96.57      1.66     92.17      1.74     94.37
   68.22      1.80     67.94      1.55     68.08
  102.21      1.84    101.38      1.59    101.80
   62.29      1.61     62.81      1.58     62.55
  100.11      1.60     97.28      1.66     98.70
   64.85      1.61     64.53      2.01     64.69
  102.25      1.54    100.40      1.76    101.32
   79.52      1.83     80.17      1.64     79.84
  111.16      1.61    111.94      1.64    111.55
   61.98      1.94     60.05      1.76     61.01
   97.35      1.57     95.06      1.88     96.20
   80.45      1.63     81.46      1.45     80.96
   87.63      1.79     83.56      1.66     85.59
   55.81      1.77     54.78      1.82     55.30
  122.29      2.03    118.12      1.47    120.21
   63.87      1.52     64.40      1.54     64.13
  114.76      1.80    115.06      1.64    114.91
   63.14      1.46     59.38      1.45     61.26
  104.46      1.61    104.40      1.55    104.43
   60.53      1.66     59.64      1.74     60.09
  100.68      1.72     98.55      1.46     99.62
   61.09      1.56     61.94      1.70     61.52
  106.52      1.84    101.87      1.66    104.20
   62.83      1.80     61.70      1.60     62.27
  115.58      1.66    115.46      1.71    115.52
   64.93      1.60     63.79      1.61     64.36
   93.37      1.66     90.71      1.70     92.04
   77.41      1.51     76.84      1.46     77.12
   99.77      1.86     96.28      1.58     98.02
   55.11      1.46     56.26      1.58     55.69
  108.26      1.72    104.76      1.72    106.51
   77.60      1.31     78.48      1.52     78.04
  103.78      1.49     99.99      1.59    101.88
   58.23      1.58     61.39      1.63     59.81
  109.30      1.78    106.38      1.64    107.84
   73.11      1.48     72.59      1.66     72.85
  100.23      1.55     99.04      1.63     99.63
   70.23      1.50     70.86      1.41     70.54
   93.80      1.58     88.56      1.85     91.18
   79.41      1.56     78.13      1.60     78.77
  102.01      1.67    100.44      1.70    101.22
   54.70      1.41     54.51      1.24     54.61
  117.62      1.53    116.36      1.56    116.99
   63.76      1.44     63.37      1.30     63.57
   96.40      1.51     94.06      1.51     95.23
   68.86      1.56     69.57      1.59     69.22
  109.62      1.73    107.49      1.83    108.56
   73.54      1.53     73.04      1.47     73.29
  103.15      1.89    102.49      1.37    102.82
   48.38      1.51     46.47      1.54     47.42
  111.64      1.67    110.25      1.65    110.94
   80.28      1.49     78.46      1.65     79.37
   96.29      1.49     93.96      1.53     95.13
   58.65      1.58     58.71      1.62     58.68
  114.73      1.73    114.05      1.78    114.39
   73.84      1.42     72.00      1.70     72.92
   98.68      1.78     97.62      1.66     98.15
   52.85      1.57     50.81      1.60     51.83
  114.26      1.78    114.67      1.76    114.47
   59.71      1.72     58.80      1.72     59.25
  101.65      1.70     98.65      1.62    100.15
   74.02      1.70     74.98      1.48     74.50
   99.38      1.60     99.42      1.54     99.40
   71.14      2.01     68.74      2.05     69.94
   99.04      1.78     95.49      1.64     97.26
   69.39      1.65     72.15      1.75     70.77
  117.36      1.77    117.05      1.72    117.21
   54.81      2.08     54.58      1.42     54.70
  104.56      1.94    102.56      1.59    103.56
   81.00      1.76     80.38      1.60     80.69
   97.08      1.58     94.97      1.91     96.03
   68.19      1.52     66.12      1.70     67.16
  116.28      1.79    114.26      1.56    115.27
   58.92      1.58     58.20      1.60     58.56
  103.31      1.49    103.07      1.77    103.19
   70.53      1.53     71.10      1.64     70.81
   96.94      1.61     92.26      1.92     94.60
   65.04      1.98     66.68      1.84     65.86
   94.75      1.44     92.27      1.58     93.51
   80.94      1.78     80.44      1.68     80.69
  115.40      1.68    116.02      1.66    115.71
   56.57      1.80     57.70      1.61     57.14
   99.21      1.83     96.79      1.79     98.00
   61.68      1.63     60.28      1.78     60.98
  112.60      1.50    108.96      1.64    110.78
   70.40      1.72     69.25      1.43     69.83
  103.41      1.52    100.51      1.56    101.96
   68.71      1.67     66.72      1.69     67.72
  102.61      1.54    103.00      1.54    102.80
   54.95      1.80     56.57      1.55     55.76
  121.58      1.80    117.17      1.68    119.38
   60.03      2.63     59.00      2.38     59.51
  112.56      1.83    114.50      2.09    113.53
   64.28      1.47     61.27      1.59     62.78
   97.49      1.46     94.85      1.60     96.17
   64.39      1.47     64.44      1.75     64.41
  102.23      1.75     99.61      1.53    100.92
   64.07      1.43     64.38      1.60     64.23
  111.43      1.61    109.11      1.68    110.27
   71.03      1.53     69.96      1.51     70.50
   99.74      1.49     99.39      1.63     99.57
   64.58      1.57     64.38      1.87     64.48
   99.59      1.94     97.45      1.72     98.52
   78.11      1.49     77.86      1.73     77.98
  100.60      1.60     99.11      1.64     99.85
   56.17      1.52     55.61      1.24     55.89
  100.25      1.70     97.30      1.57     98.78
   83.90      2.50     82.67      2.16     83.28
  100.78      2.55     96.19      2.48     98.48
   70.58      1.81     71.31      1.36     70.94
   95.67      2.02     94.98      2.15     95.33
   50.68      1.86     49.27      2.00     49.98
  119.68      1.76    116.16      1.74    117.92
   60.51      1.57     61.14      1.64     60.82
  109.10      1.56    108.35      1.65    108.73
   69.43      1.70     69.28      1.36     69.35
  107.69      1.75    105.71      1.74    106.70
   47.50      1.44     47.37      1.71     47.43
  107.75      1.39    103.87      1.62    105.81
   73.07      1.67     75.03      1.71     74.05
  109.73      1.60    108.23      1.72    108.98
   71.82      1.56     71.95      1.49     71.88
   88.87      1.68     88.21      1.53     88.54
   58.73      1.74     57.11      1.71     57.92
  113.69      1.51    111.02      1.80    112.35
   70.73      1.79     70.93      2.07     70.83
  103.08      1.74    100.89      1.63    101.98
   54.32      1.52     54.26      1.46     54.29
  113.50      1.76    111.64      1.43    112.57
   54.02      1.55     53.48      1.53     53.75
  125.41      1.54    124.93      1.77    125.17
   62.13      1.48     61.40      1.45     61.77
   90.28      1.54     89.61      1.50     89.94
   75.66      1.56     74.97      1.43     75.31
   98.72      1.76     98.26      1.62     98.49
   63.17      1.85     60.41      1.49     61.79
  108.49      1.70    104.94      1.54    106.71
   66.69      1.36     65.81      1.43     66.25
  103.49      1.69    102.12      1.69    102.81
   76.48      1.69     76.41      1.46     76.45
  103.87      1.52    100.17      1.63    102.02
   62.91      1.54     62.75      1.51     62.83
   98.89      1.95     96.78      1.79     97.83
   81.08      1.58     79.19      1.67     80.14
   90.83      1.52     89.88      1.56     90.35
   63.79      1.48     63.26      1.48     63.53
  112.86      1.83    111.42      1.74    112.14
   70.65      1.67     70.51      1.41     70.58
  111.49      1.71    112.26      1.78    111.87
   49.32      1.67     47.55      1.44     48.43
  114.67      1.72    113.43      1.59    114.05
   62.58      1.53     58.72      1.51     60.65
  111.10      1.74    110.74      1.38    110.92
   64.17      1.56     63.37      1.21     63.77
   97.31      1.64     95.37      1.59     96.34
   75.99      1.59     75.86      1.52     75.92
   96.39      1.50     95.49      1.44     95.94
   69.54      1.48     70.16      1.59     69.85
   86.97      1.82     84.56      1.74     85.77
   75.30      1.67     74.23      1.52     74.76
  114.76      1.59    114.23      1.51    114.50
   52.31      1.88     51.69      1.64     52.00
  113.85      1.41    111.30      1.84    112.58
   67.38      1.41     70.11      1.51     68.74
   99.19      1.60     96.36      1.50     97.77
   55.17      1.76     52.47      1.65     53.82
  105.28      1.81    103.91      1.60    104.60
   82.55      1.59     79.57      1.69     81.06
   98.94      1.58     97.83      1.78     98.38
   62.83      1.31     61.14      1.52     61.98
  104.20      1.54    103.37      1.41    103.78
   63.31      1.59     62.77      1.65     63.04
  106.86      1.74    104.95      1.49    105.91
   66.57      1.55     66.90      1.55     66.73
   92.20      1.45     92.11      1.58     92.16
   67.32      1.52     65.50      1.62     66.41
  111.00      1.56    107.70      1.69    109.35
   67.52      1.47     66.18      1.26     66.85
  108.94      1.78    106.36      1.65    107.65
   69.11      1.90     68.31      1.97     68.71
  106.22      1.61    107.59      1.76    106.90
   55.62      1.72     53.68      1.80     54.65
  102.47      1.72    103.05      1.43    102.76
   60.25      1.63     59.12      1.65     59.69
  111.44      1.76    108.35      1.74    109.89
   70.47      1.55     70.24      1.72     70.35
   99.30      1.57     98.74      1.61     99.02
   61.30      1.67     61.36      1.54     61.33
  116.83      1.62    116.90      1.56    116.86
   48.33      1.71     44.67      1.60     46.50
  105.56      1.62    103.27      1.62    104.42
   72.59      2.01     72.25      1.69     72.42
  103.33      1.49    101.86      1.51    102.59
   59.13      1.59     59.42      1.45     59.28
  114.65      1.57    112.16      1.67    113.41
   72.57      1.63     70.93      1.83     71.75
   96.16      1.52     92.63      1.47     94.40
   53.78      1.66     54.65      1.22     54.21
  117.12      1.58    114.95      1.69    116.03
   62.07      1.67     61.94      1.52     62.01
  100.02      1.64     97.59      1.61     98.80
   59.93      1.51     58.83      1.71     59.38
  115.40      1.98    114.66      2.05    115.03
   71.03      1.99     69.85      1.56     70.44
  106.89      1.66    105.07      1.44    105.98
   51.96      1.71     49.89      1.40     50.92
  114.48      2.06    115.98      2.00    115.23
   66.48      2.12     64.66      2.01     65.57
   95.74      1.57     95.42      1.59     95.58
   69.82      1.56     69.83      1.64     69.83
  112.06      1.66    109.64      1.74    110.85
   74.53      1.65     74.11      1.74     74.32
  105.61      1.39    101.76      1.44    103.68
   65.24      1.60     65.50      1.58     65.37
   89.36      1.61     86.62      1.50     87.99
   81.92      1.75     81.88      1.58     81.90
  101.32      1.83     97.81      1.38     99.56
   49.76      1.54     49.68      1.42     49.72
  114.52      1.77    113.95      1.71    114.24
   78.33      1.95     75.22      1.36     76.77
  100.49      1.56     98.32      1.44     99.41
   70.41      1.57     70.70      1.60     70.55
   94.58      1.76     90.24      1.72     92.41
   80.57      1.62     82.56      1.49     81.57
   94.11      1.75     91.41      1.71     92.76
   66.17      1.67     66.21      1.97     66.19
  100.16      1.48     99.30      1.91     99.73
   58.00      1.35     55.28      1.55     56.64
  112.13      1.80    110.97      1.83    111.55
   48.79      1.53     48.67      1.53     48.73
  124.39      1.83    120.40      1.62    122.39
   68.97      1.35     67.03      1.63     68.00
  104.39      1.67    103.87      1.68    104.13
   70.60      1.74     71.74      1.83     71.17
   98.04      1.98     96.65      1.99     97.34
   74.19      1.66     71.09      1.71     72.64
   95.13      1.78     93.66      1.63     94.39
   52.31      1.92     51.82      1.80     52.06
  117.98      1.60    115.68      1.56    116.83
   63.44      1.34     64.49      1.30     63.96
  107.39      1.53    105.29      1.52    106.34
   66.74      1.98     64.09      1.35     65.42
  110.21      1.79    109.92      1.75    110.07
   60.43      1.76     59.71      1.74     60.07
  100.10      1.44    100.54      1.46    100.32
   66.47      1.44     64.65      1.46     65.56
  110.72      1.46    108.56      1.63    109.64
   62.96      1.54     63.21      1.49     63.08
  110.28      1.82    108.19      1.68    109.24
   71.32      1.43     71.43      1.56     71.38
   89.84      1.55     88.12      1.66     88.98
   70.53      1.61     71.51      1.63     71.02
  105.95      1.72    102.02      1.78    103.98
   70.68      1.65     70.96      1.83     70.82
   98.58      1.56     95.91      1.63     97.25
   54.26      1.69     52.04      1.68     53.15
  115.28      1.70    112.23      1.52    113.75
   62.07      1.00     62.24      1.49     62.15
  106.34      1.54    104.24      1.62    105.29
   74.11      1.50     72.57      1.65     73.34
  108.64      1.39    106.82      1.59    107.73
   55.40      1.50     54.36      1.75     54.88
  108.38      1.83    107.31      1.86    107.84
   66.07      1.69     65.53      1.48     65.80
   95.31      2.00     94.68      1.52     94.99
   76.53      1.53     76.59      1.52     76.56
   97.18      1.53     95.93      1.86     96.56
   82.28      1.59     81.78      1.46     82.03
   84.97      1.61     84.84      1.57     84.91
   74.11      1.57     74.69      1.37     74.40
  108.09      1.71    106.22      1.49    107.15
   72.87      1.59     70.75      1.45     71.81
   99.32      1.50     98.38      1.78     98.85
   58.32      1.66     56.11      1.73     57.21
  110.07      1.72    108.61      1.56    109.34
   72.54      1.91     69.88      1.88     71.21
  109.04      2.00    107.14      1.55    108.09
   55.51      1.44     56.40      1.33     55.95
  102.16      1.51     99.31      1.92    100.74
   63.08      1.69     62.10      1.65     62.59
  122.02      1.70    120.95      1.67    121.49
   66.42      1.74     67.32      1.59     66.87
   91.77      1.74     91.06      1.53     91.41
   74.64      1.76     73.59      1.65     74.12
  105.73      1.45    105.28      1.73    105.51
   49.90      1.50     50.37      1.36     50.13
  118.37      1.48    116.45      1.62    117.41
   49.23      1.51     50.40      1.53     49.81
  116.27      1.60    113.93      1.62    115.10
   64.73      1.61     64.63      1.44     64.68
  108.78      1.77    105.51      1.54    107.14
   67.57      1.59     68.69      1.38     68.13
   96.84      1.60     95.65      1.75     96.24
   74.09      1.66     74.67      1.61     74.38
  101.75      1.59    100.98      1.49    101.37
   62.11      1.54     58.80      1.46     60.46
  106.92      1.77    106.34      1.58    106.63
   64.13      1.67     63.84      1.65     63.99
  123.38      1.64    122.94      1.63    123.16
   62.47      1.74     56.53      1.78     59.50
   98.59      1.66     97.44      1.56     98.01
   56.27      1.45     56.17      1.67     56.22
  106.09      1.39    105.78      1.51    105.93
   76.15      1.41     76.50      1.46     76.33
  109.34      1.73    106.67      1.67    108.00
   66.09      1.54     65.03      1.61     65.56
   99.45      1.44     97.89      1.67     98.67
   74.40      1.54     74.03      1.40     74.22
  113.78      1.61    112.07      1.68    112.92
   52.61      1.48     50.76      1.73     51.69
  108.23      1.48    105.94      1.48    107.08
   66.44      1.71     66.21      1.63     66.33
   99.42      1.50     95.37      1.63     97.39
   61.25      1.48     62.04      1.28     61.65
  117.43      1.61    117.40      1.72    117.42
   58.76      1.54     55.84      1.36     57.30
  103.95      1.62    100.79      1.77    102.37
   59.10      1.50     58.12      1.40     58.61
  111.81      1.84    108.57      1.76    110.19
   69.44      2.20     71.18      2.19     70.31
  109.67      1.91    107.89      1.78    108.78
   58.89      1.79     59.45      1.58     59.17
  107.11      1.49    103.93      1.58    105.52
   72.69      1.50     71.88      1.72     72.28
  101.86      1.92     98.73      1.83    100.30
   55.96      1.65     55.20      1.50     55.58
  113.17      1.76    112.68      1.67    112.92
   72.69      1.57     72.04      1.47     72.36
  107.23      1.68    105.30      1.64    106.27
   56.25      1.39     56.71      1.64     56.48
  108.06      1.77    105.42      1.74    106.74
   64.86      1.60     64.30      1.71     64.58
   98.42      1.53     95.63      1.86     97.02
   72.18      1.58     70.21      1.54     71.19
  105.43      1.74    106.66      1.82    106.05
   52.69      1.69     52.81      1.50     52.75
  117.85      1.58    116.41      1.53    117.13
   61.91      1.85     60.73      1.62     61.32
  127.29      1.76    124.22      2.05    125.76
   53.27      1.44     51.10      1.74     52.18
  106.14      1.69    103.00      1.60    104.57
   64.77      1.51     65.08      1.78     64.92
   94.74      1.44     92.61      1.77     93.68
   67.83      1.58     67.75      1.65     67.79
  112.84      1.56    111.46      1.66    112.15
   49.46      1.65     49.55      1.50     49.50
  113.19      1.59    111.69      1.52    112.44
   65.92      1.64     63.47      1.52     64.70
  106.05      1.48    102.44      1.63    104.25
   73.03      1.64     75.84      1.34     74.43
   99.54      1.75    100.45      1.82    100.00
   65.57      1.35     61.23      1.45     63.40
  110.33      1.74    111.44      1.59    110.89
   66.85      1.70     65.97      1.41     66.41
  101.58      1.68     99.18      1.84    100.38
   62.09      1.83     62.59      1.55     62.34
  110.69      1.54    108.27      1.51    109.48
   61.72      1.65     60.17      1.57     60.95
  111.15      1.59    109.06      1.61    110.10
   71.89      1.52     70.88      1.68     71.38
   91.19      1.47     90.30      1.38     90.75
   60.24      1.62     61.40      1.70     60.82
  109.97      1.73    110.23      1.83    110.10
   65.89      1.70     62.46      1.76     64.18
  102.61      1.60    102.13      1.49    102.37
   69.37      1.57     69.23      1.30     69.30
   98.29      1.71     94.68      1.70     96.49
   73.77      1.78     73.87      1.67     73.82
  105.29      1.90    104.09      1.78    104.69
   71.60      1.80     69.81      1.79     70.71
   98.64      1.73     97.97      1.71     98.31
   72.42      1.65     73.57      1.88     73.00
   78.89      1.65     76.57      1.81     77.73
   70.63      1.35     69.11      1.42     69.87
  116.37      1.71    113.70      1.45    115.04
   80.09      1.45     79.72      1.62     79.91
   98.21      1.63     97.51      1.74     97.86
   60.22      1.84     59.79      1.58     60.01
  107.27      1.52    106.10      1.46    106.68
   68.06      1.70     68.78      1.62     68.42
  104.38      1.56    102.13      1.67    103.25
   48.43      1.51     48.43      1.50     48.43
  110.18      1.64    109.72      1.70    109.95
   70.50      1.62     66.86      1.72     68.68
  107.16      1.65    106.98      1.65    107.07
   58.41      1.44     58.32      1.48     58.37
  101.74      1.55    101.18      1.52    101.46
   66.65      1.49     66.90      1.83     66.78
  108.31      1.67    107.33      1.63    107.82
   65.27      1.69     65.43      1.74     65.35
  102.59      1.98    101.40      1.65    101.99
   70.85      1.69     70.16      1.50     70.51
  106.40      1.69    104.90      1.71    105.65
   59.98      1.76     58.45      1.51     59.21
  120.98      1.64    119.91      1.82    120.45
   97.48      1.63     95.55      1.61     96.51
   74.71      1.70     74.08      1.55     74.40
   59.22      1.60     57.72      1.43     58.47
  105.69      1.70    105.32      1.84    105.50
   70.59      1.68     69.37      1.52     69.98
  105.82      1.67    103.27      1.61    104.55
   59.17      1.61     60.13      1.56     59.65
  116.42      1.97    111.87      1.98    114.15
   66.09      1.97     64.39      1.58     65.24
  153.68      1.93    148.75      1.59    151.21
    1.80      1.60      2.33      0.94      2.07
  118.20      1.90    121.38      1.70    119.79
   78.17      1.62     76.62      1.53     77.40
  107.48      1.54    104.98      1.75    106.23
   36.14      1.39     35.46      1.52     35.80
  105.15      1.72    108.61      1.51    106.88
   63.64      1.35     60.22      1.75     61.93
  116.72      1.75    115.85      1.36    116.29
   41.72      1.60     41.05      1.78     41.38
  114.81      1.57    111.76      1.36    113.28
   75.35      1.55     74.49      1.57     74.92
  113.18      1.55    111.44      1.64    112.31
   40.56      1.30     40.60      1.50     40.58
   89.60      1.29     89.36      1.46     89.48
   46.68      1.53     46.36      1.76     46.52
  123.31      1.61    119.80      1.49    121.56
   57.70      1.73     56.58      1.90     57.14
  126.00      1.63    126.00      1.54    126.00
   49.06      1.64     49.20      1.74     49.13
  107.63      1.69    105.11      1.55    106.37
   68.89      1.75     66.68      1.67     67.79
  111.08      1.68    110.60      1.67    110.84
   38.43      1.32     36.33      1.22     37.38
  128.87      1.47    126.63      1.76    127.75
   70.08      1.75     71.38      1.60     70.73
  111.71      1.59    108.48      1.48    110.10
   39.36      1.49     37.96      1.76     38.66
  123.52      1.91    120.61      1.67    122.07
   64.89      1.65     67.71      1.62     66.30
  111.10      1.93    107.15      1.91    109.13
   46.88      1.41     46.92      1.34     46.90
  115.39      1.50    115.22      1.71    115.30
   61.37      1.40     61.79      1.75     61.58
  108.39      1.84    108.75      1.53    108.57
   56.15      1.29     55.17      1.64     55.66
  110.20      1.71    108.55      1.71    109.38
   60.21      1.59     59.41      1.48     59.81
  122.86      1.54    119.68      1.54    121.27
   39.27      1.62     38.57      1.62     38.92
  117.11      1.57    115.02      1.77    116.07
   67.59      1.57     66.42      1.88     67.01
  111.00      1.50    110.18      1.74    110.59
   47.34      1.39     47.48      1.27     47.41
  119.19      1.70    118.28      1.53    118.74
   52.30      1.45     48.39      1.60     50.34
  127.81      1.51    128.75      1.47    128.28
   28.08      1.49     27.87      1.42     27.97
  130.53      1.78    129.63      1.65    130.08
   58.10      1.67     54.66      1.54     56.38
  110.37      1.61    109.05      1.78    109.71
   45.61      1.35     46.68      1.59     46.15
  103.84      1.63     99.28      1.59    101.56
   76.74      1.84     77.58      1.80     77.16
  113.34      1.63    111.23      1.78    112.28
   51.27      1.44     51.03      1.25     51.15
  112.26      1.59    109.13      1.67    110.70
   67.60      1.20     66.06      1.53     66.83
  112.01      1.66    110.29      1.56    111.15
   47.46      1.95     47.15      1.44     47.31
  110.88      1.87    107.70      1.76    109.29
   65.52      1.54     64.36      1.62     64.94
  111.12      1.50    111.72      1.51    111.42
   56.87      1.29     54.88      1.10     55.87
  110.09      1.77    108.65      1.51    109.37
   53.41      1.57     52.35      1.56     52.88
  136.66      1.77    134.93      1.60    135.80
   37.84      1.35     37.55      1.58     37.69
  106.05      1.70    105.93      1.46    105.99
   72.74      1.58     71.03      1.72     71.89
  116.80      1.75    115.55      1.45    116.18
   50.74      1.37     49.96      1.40     50.35
  117.19      1.81    115.33      1.65    116.26
   59.52      1.80     56.93      1.81     58.23
  114.57      1.83    113.31      1.71    113.94
   32.45      1.50     32.36      1.52     32.41
  122.59      1.74    121.38      1.65    121.98
   56.13      1.65     56.89      1.57     56.51
  106.98      1.76    108.58      1.80    107.78
   61.81      1.81     60.55      1.14     61.18
  109.29      1.59    106.49      1.56    107.89
   68.08      1.21     67.74      1.57     67.91
  110.88      1.67    110.38      1.61    110.63
   40.95      1.27     39.81      1.68     40.38
  130.65      1.92    128.13      1.46    129.39
   50.30      1.71     48.14      1.65     49.22
  108.11      1.61    107.20      1.82    107.65
   51.14      1.50     50.70      1.61     50.92
  102.62      1.67    100.07      1.55    101.34
   61.04      1.38     62.00      1.81     61.52
  123.26      1.77    120.72      1.54    121.99
   44.08      1.36     44.11      1.59     44.09
  119.96      1.66    119.61      1.69    119.78
   63.79      1.61     63.40      1.72     63.60
  113.47      1.87    112.05      1.75    112.76
   61.19      1.58     59.33      1.47     60.26
   95.87      1.60     95.02      1.83     95.44
   58.96      1.43     54.46      1.57     56.71
  118.34      1.69    120.38      1.73    119.36
   53.97      1.57     53.87      1.62     53.92
  119.72      1.77    116.42      1.79    118.07
   62.33      1.45     61.78      1.57     62.06
  106.08      1.70    104.43      1.48    105.25
   55.65      1.56     53.49      1.82     54.57
  108.45      1.66    108.67      1.60    108.56
   53.47      1.52     53.17      1.79     53.32
  125.68      1.90    123.62      1.50    124.65
   48.90      1.82     47.27      1.39     48.09
  121.44      1.42    118.41      1.67    119.92
   60.64      1.77     57.66      1.68     59.15
  113.49      1.44    112.52      1.31    113.01
   45.23      1.61     43.85      1.47     44.54
  111.48      1.65    108.96      1.56    110.22
   61.90      1.59     60.42      1.68     61.16
  117.32      1.50    115.91      1.57    116.62
   45.94      1.47     46.22      1.89     46.08
  116.63      1.57    115.23      1.73    115.93
   54.73      1.24     54.54      1.43     54.64
  128.71      1.80    128.56      1.62    128.63
   62.88      1.54     59.93      1.83     61.40
  103.33      1.53    101.74      1.51    102.53
   72.47      1.51     71.84      1.71     72.15
  103.96      1.86    101.15      1.62    102.55
   45.00      1.74     45.22      1.38     45.11
  112.02      1.70    109.02      1.66    110.52
   69.45      1.73     68.78      1.89     69.12
  119.67      1.67    116.81      1.65    118.24
   40.13      1.42     41.41      1.76     40.77
  112.13      1.71    113.52      1.64    112.83
   77.05      1.52     74.77      1.51     75.91
  105.00      1.45    102.56      1.66    103.78
   48.91      1.49     47.32      1.47     48.11
  106.87      1.61    106.56      1.53    106.71
   67.19      1.54     67.74      1.49     67.46
  119.43      1.57    117.55      1.53    118.49
   39.63      1.57     38.21      1.34     38.92
  113.98      1.75    111.09      1.62    112.54
   62.43      1.62     62.07      1.71     62.25
  120.39      1.54    117.47      1.65    118.93
   43.86      1.61     44.35      1.09     44.10
  110.76      1.85    107.34      1.72    109.05
   81.90      2.25     83.45      2.57     82.67
   98.98      2.23     98.76      1.91     98.87
   37.24      1.54     36.59      1.22     36.91
  111.82      1.64    110.70      1.52    111.26
   69.82      1.68     68.18      1.45     69.00
  110.05      1.53    110.51      1.81    110.28
   67.85      1.83     67.97      1.66     67.91
  110.00      1.66    105.80      1.62    107.90
   59.67      1.74     61.12      1.69     60.39
  123.35      1.67    119.92      1.53    121.63
   50.08      1.44     48.14      1.56     49.11
  100.17      1.63     97.60      1.78     98.89
   61.59      1.61     61.58      1.96     61.58
  115.28      1.48    113.79      1.68    114.54
   57.98      1.39     56.24      1.61     57.11
  102.03      1.61    101.92      1.58    101.97
   66.88      1.64     64.93      1.44     65.90
  127.56      1.55    128.29      1.60    127.93
   48.12      1.45     48.35      1.87     48.23
  103.19      1.57    100.62      1.75    101.90
   65.58      1.82     65.45      1.70     65.52
  113.02      1.85    112.22      1.73    112.62
   45.26      1.65     45.21      1.25     45.24
  112.91      1.83    109.33      1.73    111.12
   60.85      1.87     62.62      1.79     61.73
  114.48      1.84    111.59      1.71    113.03
   38.79      1.21     38.00      1.70     38.40
  123.68      1.98    120.98      1.78    122.33
   64.67      1.47     60.16      1.63     62.41
  117.70      1.93    121.24      2.06    119.47
   40.18      1.54     37.93      1.53     39.05
  109.80      2.08    108.77      1.79    109.28
   66.60      1.45     67.63      1.84     67.11
  110.21      1.84    109.52      1.63    109.87
   37.97      1.99     36.31      1.51     37.14
  126.18      2.06    123.46      1.82    124.82
   67.71      1.44     67.15      1.90     67.43
  111.52      1.71    109.53      1.53    110.52
   40.75      1.71     42.77      1.63     41.76
  107.64      1.60    104.79      1.61    106.21
   59.43      1.54     59.92      1.49     59.67
  130.58      1.54    129.84      1.57    130.21
   53.29      1.69     54.32      1.24     53.80
   91.36      1.42     90.09      1.47     90.72
   63.96      1.63     63.55      1.63     63.76
  117.69      1.62    116.85      1.53    117.27
   49.37      1.44     46.65      1.48     48.01
  107.46      1.76    107.78      1.46    107.62
   81.28      1.58     81.43      1.59     81.36
  123.90      1.71    122.24      1.33    123.07
   41.00      1.29     39.87      1.65     40.43
  112.47      1.65    109.22      1.67    110.85
   71.62      1.58     71.60      1.48     71.61
  110.20      1.75    108.65      1.58    109.43
   52.29      1.56     52.44      1.41     52.37
   94.28      1.52     94.00      1.61     94.14
   62.84      1.91     60.93      1.62     61.89
  117.81      2.05    116.70      1.28    117.25
   27.38      1.33     29.55      1.38     28.47
  123.15      1.96    122.94      1.69    123.05
   63.61      1.37     60.31      1.84     61.96
  131.05      1.74    130.27      1.65    130.66
   39.15      1.39     36.31      1.55     37.73
  114.61      1.81    111.26      1.58    112.93
   76.17      1.62     76.06      1.77     76.12
  104.18      1.84    102.83      1.66    103.51
   52.96      1.58     51.41      1.51     52.19
  107.17      1.60    106.72      1.48    106.94
   62.97      1.54     61.39      1.62     62.18
  121.55      1.63    120.44      1.54    120.99
   36.69      1.81     35.36      1.80     36.03
  123.35      1.62    124.04      1.86    123.70
   51.04      2.02     49.84      1.71     50.44
  130.73      1.59    130.03      1.48    130.38
   41.73      1.48     42.23      1.46     41.98
  113.36      1.43    111.40      1.68    112.38
   72.39      1.60     71.13      1.77     71.76
  111.81      1.74    108.51      1.91    110.16
   50.41      1.67     51.11      1.61     50.76
  107.63      1.76    105.37      1.62    106.50
   52.75      1.84     50.52      1.57     51.64
  124.36      1.75    124.89      1.67    124.63
   55.68      1.86     52.64      1.87     54.16
  106.33      1.89    106.88      1.51    106.61
   56.59      1.59     54.50      1.43     55.55
  107.45      1.76    105.63      1.74    106.54
   56.37      1.57     55.51      1.56     55.94
  111.45      1.71    110.55      1.81    111.00
   64.40      1.48     62.51      1.52     63.45
  106.41      1.68    106.98      1.53    106.70
   51.76      1.64     49.54      1.51     50.65
  118.32      1.71    116.44      1.67    117.38
   55.44      1.61     56.05      1.82     55.75
  120.40      1.57    118.73      1.83    119.56
   41.42      1.19     40.75      1.79     41.08
  123.05      1.66    121.20      1.54    122.13
   55.20      1.41     52.90      1.31     54.05
  112.27      1.57    112.07      1.67    112.17
   53.88      1.82     53.09      1.43     53.49
  105.88      1.87    103.20      1.66    104.54
   78.92      1.67     77.53      1.56     78.23
  104.73      1.70    106.38      1.59    105.55
   51.30      1.42     51.00      1.49     51.15
  115.41      1.61    111.98      1.56    113.69
   67.17      1.82     66.76      1.74     66.97
  109.70      1.75    107.53      1.66    108.61
   38.33      1.43     39.00      1.17     38.67
  123.42      1.82    121.77      1.57    122.60
   60.78      1.64     58.40      1.65     59.59
  127.20      1.59    128.41      1.56    127.80
   38.56      1.37     35.30      1.50     36.93
  113.42      1.68    112.09      1.85    112.76
   71.00      1.80     70.14      1.74     70.57
  113.09      2.03    113.19      2.15    113.14
   43.81      1.65     41.25      1.51     42.53
   99.74      1.60    100.31      1.58    100.02
   80.83      1.79     77.84      1.33     79.33
  109.79      1.91    109.72      1.66    109.75
   45.73      1.67     44.45      1.58     45.09
  109.88      1.48    109.04      1.77    109.46
   84.38      1.72     83.81      1.54     84.09
   98.44      1.67     97.74      1.45     98.09
   52.35      1.56     51.47      1.52     51.91
  114.48      1.75    112.21      1.70    113.35
   52.32      1.32     52.11      1.64     52.22
  113.04      1.75    111.71      1.75    112.37
   46.11      1.72     46.77      1.87     46.44
  113.47      1.85    113.65      1.68    113.56
   68.45      1.43     65.31      1.57     66.88
  125.82      1.87    123.85      1.62    124.84
   31.41      1.69     30.65      1.23     31.03
  115.87      1.53    113.14      1.66    114.50
   57.41      1.71     54.62      1.70     56.02
  124.05      1.57    123.48      1.67    123.76
   42.81      1.26     43.56      1.80     43.18
  113.57      1.84    112.88      1.61    113.22
   77.87      1.65     75.03      1.47     76.45
  110.69      1.80    106.44      1.59    108.57
   46.32      1.47     47.70      1.38     47.01
  112.50      1.48    109.93      1.87    111.22
   58.79      1.56     55.04      1.39     56.91
  113.82      1.51    114.06      1.55    113.94
   50.79      1.43     50.85      1.39     50.82
  108.94      1.64    106.84      1.61    107.89
   79.10      1.46     78.97      1.57     79.03
  119.10      1.66    116.48      1.37    117.79
   31.57      1.68     31.42      1.61     31.50
  122.51      1.67    121.44      1.60    121.98
   61.69      1.61     60.74      1.67     61.22
  108.08      1.77    107.59      1.35    107.84
   52.33      1.60     50.76      1.76     51.55
  117.10      1.70    114.14      1.83    115.62
   74.00      1.72     74.26      1.64     74.13
   92.73      1.32     92.91      1.47     92.82
   45.87      1.56     43.10      1.55     44.49
  123.86      1.92    123.12      1.55    123.49
   63.58      1.85     62.76      1.48     63.17
  119.89      1.59    117.28      1.64    118.59
   36.16      1.32     34.10      1.23     35.13
  122.48      1.58    120.23      1.62    121.35
   71.58      1.64     73.62      1.76     72.60
   98.01      1.36     97.19      1.61     97.60
   45.90      1.50     45.11      1.61     45.51
  121.36      1.66    118.55      1.70    119.96
   58.53      1.56     57.93      1.81     58.23
  119.47      1.64    118.95      1.84    119.21
   48.61      1.40     49.58      1.44     49.09
  115.43      1.78    112.92      1.59    114.17
   62.94      1.83     62.31      1.51     62.62
  124.09      1.70    121.57      1.76    122.83
   30.33      1.37     31.13      1.15     30.73
  121.67      1.79    119.30      1.59    120.48
   65.31      1.80     65.03      1.50     65.17
   97.84      1.63     95.92      1.56     96.88
   55.83      1.59     54.21      1.50     55.02
  122.95      1.67    118.37      1.70    120.66
   66.91      1.67     64.90      1.83     65.91
  112.65      1.48    112.84      1.62    112.74
   45.94      1.94     45.28      1.59     45.61
  109.71      1.80    107.49      1.82    108.60
   65.91      1.94     64.07      1.74     64.99
  115.53      1.50    113.56      1.73    114.55
   53.38      1.14     52.52      1.59     52.95
  115.09      1.67    113.64      1.46    114.36
   64.49      1.67     63.00      1.84     63.75
  104.13      1.68    103.85      1.61    103.99
   56.45      1.48     56.77      1.44     56.61
  108.22      1.61    106.29      1.57    107.25
   58.67      1.37     57.22      1.78     57.94
  125.44      1.59    124.02      1.60    124.73
   49.39      1.42     50.04      1.60     49.72
  107.50      1.90    105.02      1.80    106.26
   68.00      1.81     64.91      1.71     66.46
  116.97      1.80    115.94      1.55    116.46
   44.74      1.34     42.88      2.06     43.81
  106.89      1.58    106.25      1.52    106.57
   73.70      1.57     72.52      1.56     73.11
  105.31      1.75    105.91      1.47    105.61
   43.25      1.28     43.06      1.81     43.16
  123.41      2.00    116.91      1.85    120.16
   65.36      1.58     65.03      1.79     65.20
  121.67      2.36    124.63      1.90    123.15
   36.67      1.72     36.16      1.42     36.41
  119.56      1.77    117.41      1.73    118.49
   51.48      1.68     50.83      1.95     51.16
  129.81      1.79    127.19      1.85    128.50
   29.50      1.44     28.50      1.66     29.00
  118.89      1.56    118.46      1.50    118.68
   78.35      1.51     76.70      1.84     77.53
  114.20      1.58    112.96      1.50    113.58
   40.70      1.38     40.63      1.11     40.67
  114.22      1.96    115.68      1.76    114.95
   80.71      1.72     78.43      1.61     79.57
   99.50      1.51    100.39      1.49     99.94
   39.48      1.17     40.45      1.23     39.97
  121.10      1.88    117.41      1.71    119.26
   65.72      1.72     64.80      1.82     65.26
  100.93      1.72    101.00      1.68    100.96
   36.83      1.95     36.00      1.53     36.41
  147.29      1.70    144.58      1.79    145.94
   65.71      1.52     64.00      1.67     64.85
   99.43      1.78    100.44      1.44     99.94
   48.74      1.58     47.81      1.83     48.28
  114.86      1.55    111.47      1.76    113.16
   79.49      1.64     75.72      1.46     77.61
  111.59      1.82    109.74      1.73    110.67
   28.44      1.55     28.50      1.53     28.47
  132.26      1.79    133.75      1.69    133.01
   65.13      1.82     67.47      1.87     66.30
   92.10      2.05     87.66      1.72     89.88
   50.50      1.59     48.45      1.48     49.48
  111.46      1.62    110.77      1.72    111.11
   71.57      1.99     71.29      1.29     71.43
  107.88      1.45    105.36      1.58    106.62
   42.37      1.46     43.25      1.56     42.81
  130.57      1.87    127.98      1.61    129.27
   62.92      1.74     63.12      1.41     63.02
  107.14      1.58    103.60      1.71    105.37
   48.82      1.85     47.00      1.35     47.91
  106.36      1.67    105.04      1.77    105.70
   70.57      1.66     69.36      1.56     69.97
  108.83      1.45    106.69      1.58    107.76
   50.59      1.56     52.43      1.47     51.51
  123.43      1.70    122.05      1.63    122.74
   59.87      1.39     59.13      1.26     59.50
  108.39      1.68    105.45      1.55    106.92
   60.42      1.35     58.84      1.58     59.63
   94.09      1.65     93.24      1.71     93.67
   75.12      1.55     73.97      1.70     74.55
   94.08      1.59     94.96      1.87     94.52
   69.57      1.69     66.61      1.69     68.09
  102.84      1.55    101.85      1.77    102.34
   62.73      1.47     60.19      1.53     61.46
  110.23      1.63    110.23      1.66    110.23
   38.33      1.53     36.74      1.58     37.54
  116.22      1.70    113.46      1.53    114.84
   62.91      1.56     63.69      1.49     63.30
  123.46      1.69    122.50      1.66    122.98
   51.59      1.69     47.67      1.77     49.63
  110.67      1.79    109.50      1.66    110.08
   57.35      1.60     55.55      1.43     56.45
  127.38      1.76    126.80      1.58    127.09
   38.27      1.41     37.18      1.56     37.72
  119.25      1.62    118.04      1.40    118.64
   57.86      1.54     55.85      1.57     56.85
  118.07      1.59    117.27      1.58    117.67
   54.05      1.79     51.17      1.48     52.61
  104.52      1.69    107.21      1.55    105.87
   57.68      1.65     56.16      1.75     56.92
  123.24      1.95    122.93      1.72    123.08
   43.43      1.55     42.73      1.84     43.08
  116.73      1.45    117.38      1.80    117.06
   71.56      1.57     69.94      1.63     70.75
  121.39      1.57    118.67      1.76    120.03
   51.65      1.45     47.90      1.49     49.77
   99.80      1.65     97.33      1.81     98.56
   64.59      1.72     64.00      1.73     64.30
  124.19      1.58    121.93      1.46    123.06
   39.72      1.72     36.91      1.50     38.32
  113.55      1.81    112.05      1.66    112.80
   59.64      1.71     60.63      1.52     60.13
  111.97      1.65    110.51      1.65    111.24
   41.30      1.30     41.00      1.68     41.15
  128.72      1.44    127.70      1.55    128.21
   70.03      1.75     67.28      1.65     68.66
  106.39      1.59    104.98      1.61    105.69
   51.89      1.68     51.23      1.42     51.56
   99.99      1.69     97.41      1.64     98.70
   66.22      1.75     67.15      1.31     66.68
  135.93      1.54    133.98      1.82    134.96
   37.87      1.61     37.00      1.34     37.43
  110.18      1.53    109.63      1.73    109.91
   59.97      1.75     58.61      1.47     59.29
  112.41      1.61    110.26      1.74    111.33
   61.53      1.77     59.16      1.58     60.35
  108.23      1.72    105.83      1.63    107.03
   63.42      1.69     63.82      1.46     63.62
  106.51      1.61    105.15      1.63    105.83
   48.62      1.46     45.70      1.71     47.16
  109.27      1.62    109.21      1.65    109.24
   72.44      1.46     70.60      1.59     71.52
  112.53      1.70    112.81      1.47    112.67
   53.36      1.27     51.76      1.51     52.56
  102.18      2.12    100.59      1.79    101.39
   73.34      1.78     70.81      1.76     72.08
  127.68      1.35    128.09      1.70    127.89
   41.70      1.42     38.16      1.60     39.93
  120.81      1.59    120.03      1.90    120.42
   57.67      1.26     56.23      1.62     56.95
  111.95      1.59    110.78      1.61    111.36
   45.63      1.49     45.09      1.89     45.36
  112.54      1.59    110.14      1.63    111.34
   68.12      1.49     67.62      1.85     67.87
  112.76      1.40    111.16      1.61    111.96
   56.52      1.47     56.37      1.73     56.44
  101.54      1.72     99.15      1.67    100.34
   64.26      1.60     62.57      1.66     63.41
  112.49      1.57    111.31      1.70    111.90
   56.89      1.53     55.07      1.30     55.98
  103.32      1.62    102.88      1.75    103.10
   76.85      1.57     74.48      1.68     75.67
   99.40      1.49     98.62      1.83     99.01
   54.92      1.58     51.78      1.89     53.35
  120.30      1.53    118.20      1.67    119.25
   54.19      1.18     50.63      1.51     52.41
  128.50      1.45    129.98      1.58    129.24
   42.81      1.56     40.88      1.41     41.84
  112.08      1.61    110.90      1.92    111.49
   56.22      1.64     54.63      1.44     55.43
  112.64      1.57    110.72      1.48    111.68
   53.37      1.63     52.06      1.45     52.72
  113.18      1.32    114.01      1.76    113.59
   66.58      1.60     66.92      1.44     66.75
  103.48      1.89    103.53      1.98    103.51
   39.37      1.45     37.12      1.49     38.25
  131.77      1.82    129.32      1.74    130.55
   53.16      1.36     53.40      1.44     53.28
  121.26      1.64    119.34      1.75    120.30
   49.11      1.05     47.50      1.36     48.31
  110.94      1.58    109.06      1.65    110.00
   70.76      1.75     70.84      1.54     70.80
  109.69      1.77    109.32      1.61    109.51
   43.48      1.51     41.63      1.33     42.55
  112.74      1.57    110.69      1.54    111.71
   68.93      1.60     65.92      1.80     67.42
  109.07      1.70    109.23      1.51    109.15
   38.64      1.67     36.19      1.49     37.41
  130.12      1.50    126.47      1.71    128.29
   59.88      1.44     61.04      1.63     60.46
  115.53      1.56    113.39      1.55    114.46
   50.12      1.17     51.59      1.71     50.85
  106.91      1.51    102.60      1.73    104.76
   58.80      1.83     55.55      1.72     57.17
  120.93      1.49    121.81      1.71    121.37
   59.14      1.72     58.70      1.61     58.92
   91.73      1.81     90.78      1.64     91.25
   75.46      1.71     76.76      1.60     76.11
  112.36      1.71    110.83      1.65    111.59
   54.96      1.53     55.83      1.82     55.40
  100.06      1.52     99.20      1.60     99.63
   65.81      1.45     65.57      1.73     65.69
  127.16      1.53    122.86      1.69    125.01
   83.18      1.68     81.38      1.38     82.28
   65.37      1.84     65.49      1.65     65.43
   67.62      1.76     62.80      2.20     65.21
  110.96      1.72    108.65      1.45    109.80
   93.49      3.17     92.98      2.67     93.24
   78.61      2.14     78.39      2.01     78.50
   74.59      1.82     74.88      1.57     74.74
  117.22      1.66    116.11      1.64    116.66
   61.89      1.52     63.52      1.69     62.70
  120.36     17.17    116.34     22.66    118.35
   29.71      1.94     28.44      1.60     29.07
  110.49     21.63    111.26     15.08    110.87
   83.52      1.92     81.91      1.67     82.72
   97.03      2.00     94.98      1.68     96.00
   49.84      1.55     46.63      1.44     48.24
  103.71      1.68    105.39      1.51    104.55
   71.72      1.30     69.74      1.66     70.73
  130.02      1.80    131.95      1.86    130.99
   53.86      1.81     52.58      1.65     53.22
   91.86      1.77     89.72      1.59     90.79
   71.21      1.82     71.37      1.53     71.29
   93.62      1.69     91.97      1.50     92.80
   69.98      1.41     69.91      1.63     69.94
   79.19      1.79     78.52      1.55     78.85
