 2078.51  2135.65  2075.66  2074.50  2100.37  2047.13  2039.04  2083.17  2197.54 
 2018.67  2049.86  2048.53  2019.18  2067.43  2042.71  2041.91  2038.15  2139.30 
 2081.06  2110.28  2067.39  2082.17  2105.24  2104.93  2052.59  2096.84  2192.48 
 2038.95  2034.04  2040.93  1974.47  2050.12  2029.86  1988.63  2020.18  2152.85 
 2067.89  2099.02  2049.18  2045.13  2103.81  2039.12  2087.70  2081.39  2204.64 
 2031.01  2049.14  2019.72  2013.18  2052.84  2024.19  2019.90  2044.24  2140.33 
 2086.03  2151.36  2078.54  2027.32  2124.11  2115.86  2115.07  2071.15  2194.33 
 1993.03  2042.42  2060.94  1989.20  2044.38  2026.31  2003.33  2010.80  2170.34 
 2060.19  2095.26  2075.68  2062.62  2052.90  2117.93  2103.24  2048.09  2217.13 
 2028.51  2068.68  2067.77  2014.32  2074.63  1985.21  2038.40  2023.26  2170.96 
 2065.52  2064.62  2087.18  2019.37  2100.49  2108.77  2072.60  2077.75  2223.90 
 2027.89  2033.14  2024.99  2012.54  2074.72  2063.32  1996.39  2056.89  2135.05 
 2070.94  2100.30  2097.97  2034.92  2116.82  2100.93  2084.57  2040.58  2206.24 
 2063.09  2031.78  2046.00  1986.51  2068.76  2018.41  1989.88  2056.97  2160.47 
 2105.88  2065.83  2090.09  2042.55  2148.38  2097.29  2061.20  2132.14  2189.95 
 1997.00  2023.86  2026.13  1996.52  2044.44  2007.45  2042.66  2058.16  2147.44 
 2112.62  2105.66  2103.45  2014.46  2083.53  2080.14  2072.99  2070.73  2222.51 
 2028.71  2067.78  1987.87  2015.80  2059.30  1990.87  2049.65  2010.74  2143.54 
 2042.08  2122.73  2130.28  2061.67  2105.07  2087.26  2097.60  2068.28  2235.65 
 2017.35  2077.50  2043.59  1996.38  2042.31  2031.20  1992.71  1972.53  2175.16 
 2087.56  2103.13  2108.83  2030.96  2115.61  2078.17  2092.15  2103.03  2166.45 
 2021.06  2036.54  2050.49  1989.99  2074.24  1998.03  2015.18  2069.36  2166.13 
 2103.04  2106.96  2043.90  2048.20  2120.24  2090.14  2104.15  2103.96  2216.67 
 2030.72  2058.02  2039.00  2014.12  2062.47  2006.68  1973.09  2038.53  2171.05 
 2057.51  2075.53  2098.65  2030.35  2124.99  2104.78  2086.60  2104.73  2156.24 
 2030.87  2058.67  2041.93  2012.70  2056.28  2011.65  2001.92  2078.22  2152.03 
 2102.02  2101.02  2097.34  2039.26  2133.39  2098.07  2065.47  2077.99  2214.54 
 1993.45  2056.41  2018.43  1970.44  2047.94  2022.81  2012.72  1997.62  2185.45 
 2085.72  2142.60  2067.07  2037.01  2130.56  2084.00  2049.86  2080.19  2169.99 
 2074.41  2040.62  2006.83  1965.62  2068.08  2041.01  2037.01  2040.83  2165.99 
 2073.93  2077.98  2083.57  2064.43  2097.33  2044.78  2059.08  2070.35  2202.28 
 2019.92  2037.17  2045.77  2022.59  2018.15  2022.53  2014.94  2060.71  2143.15 
 2055.33  2076.73  2096.24  2064.62  2111.07  2079.12  2070.28  2071.65  2195.89 
 2033.29  2049.07  2089.88  2023.46  2091.27  2043.56  1986.98  2015.15  2144.75 
 2103.28  2115.45  2123.25  2047.44  2140.45  2105.11  2065.88  2103.05  2219.41 
 2037.26  2047.75  2046.18  1983.07  2048.78  2000.49  2025.54  2007.79  2126.10 
 2062.00  2077.73  2107.00  2046.72  2142.62  2045.92  2076.60  2116.12  2180.23 
 2010.39  2020.84  2015.96  1982.36  2059.71  2025.38  2023.41  2035.62  2162.42 
 2109.89  2142.37  2103.28  2081.36  2116.31  2055.55  2106.04  2117.10  2185.60 
 1989.00  2083.02  2045.62  1991.50  2047.08  2010.15  2020.77  2017.93  2134.31 
 2060.94  2102.00  2091.64  2027.60  2135.75  2078.99  2064.76  2080.60  2202.39 
 2011.54  2049.78  2050.39  2009.15  2055.80  2030.51  2047.25  2029.33  2138.34 
 2103.68  2090.32  2100.34  2076.17  2102.31  2067.12  2092.24  2097.69  2216.62 
 2036.79  2091.16  2056.92  2002.50  2068.34  1999.69  2014.07  2030.95  2139.66 
 2092.15  2107.03  2083.11  2073.84  2103.83  2093.89  2076.12  2056.15  2207.81 
 2025.97  2038.36  2033.75  1960.41  2066.20  2020.11  2022.14  2038.62  2161.67 
 2066.36  2089.41  2087.60  2068.76  2145.66  2093.27  2083.95  2094.96  2217.90 
 1999.39  2055.13  2021.82  2004.41  2047.65  2050.88  2067.57  2035.60  2169.29 
 2086.83  2098.33  2093.74  2042.53  2068.35  2110.27  2077.29  2126.37  2172.06 
 2069.92  2053.18  2043.46  2011.17  2081.18  2044.55  2033.48  2058.70  2165.94 
 2099.62  2084.74  2129.65  2026.16  2148.88  2065.02  2072.95  2101.87  2206.77 
 2062.34  2039.45  2040.96  1992.99  2046.98  2026.89  2050.79  2000.76  2158.93 
 2093.21  2101.11  2059.27  2065.02  2105.50  2079.93  2062.29  2095.70  2216.18 
 2035.69  2091.21  2043.98  2021.26  2075.49  1994.28  2035.93  2027.06  2193.74 
 2080.37  2118.92  2096.33  2077.41  2099.29  2092.65  2078.75  2111.38  2188.15 
 2054.71  2047.01  2007.85  1956.87  2080.73  2048.28  2013.64  2032.23  2142.83 
 2089.83  2108.87  2088.22  2045.05  2092.37  2102.72  2066.44  2090.06  2207.09 
 2017.15  2048.49  2058.64  1975.38  2027.39  2037.14  2021.73  2030.65  2170.68 
 2076.04  2102.74  2088.69  2063.32  2109.46  2048.38  2069.47  2078.74  2199.00 
 2038.57  2039.44  2063.68  1955.40  2032.51  2081.51  2024.81  2004.47  2185.09 
 2093.23  2108.35  2073.66  2009.41  2141.97  2055.76  2034.49  2080.35  2234.91 
 2000.91  2054.38  2033.29  1976.80  2070.58  2057.92  2042.26  2041.80  2146.44 
 2090.82  2120.86  2079.32  2065.38  2113.10  2065.43  2077.02  2072.18  2186.00 
 2005.11  2018.58  2052.07  1982.65  2052.11  2045.96  1975.24  2017.07  2148.11 
 2063.86  2091.27  2049.84  2042.12  2119.53  2082.73  2093.78  2060.28  2203.59 
 2012.53  2059.77  2057.65  1993.16  2039.66  2023.37  2040.59  2023.19  2182.31 
 2068.14  2126.89  2095.92  2053.80  2123.77  2105.12  2078.67  2109.78  2195.66 
 2022.10  2073.71  2045.03  1971.18  2050.16  2037.44  2005.28  2021.18  2161.50 
 2069.63  2128.34  2121.91  2009.04  2057.58  2055.44  2072.10  2102.25  2204.10 
 2021.97  2037.61  2034.72  2012.75  2054.19  2049.99  2026.56  2001.66  2165.61 
 2102.79  2129.57  2085.78  2030.07  2123.38  2079.76  2088.26  2091.23  2229.69 
 2029.51  2022.49  2043.58  2017.08  2031.21  2005.62  1990.68  2045.63  2151.65 
 2089.64  2097.14  2066.92  2010.42  2109.40  2083.91  2062.08  2096.44  2220.26 
 2018.89  2067.46  2023.02  2000.48  2050.13  1997.03  2008.33  2015.30  2170.82 
 2093.35  2095.84  2086.16  2017.67  2114.62  2089.83  2097.03  2102.74  2219.26 
 2030.50  2082.41  2061.29  2023.39  2073.49  2036.70  2037.64  2029.35  2155.67 
 2053.30  2124.03  2066.49  2045.90  2093.05  2086.28  2072.91  2106.81  2216.44 
 2061.16  2030.32  2022.29  2015.72  2043.33  2038.17  2039.25  2042.54  2167.41 
 2110.23  2101.39  2111.30  2068.86  2124.31  2115.43  2073.12  2071.65  2197.30 
 2067.41  2036.52  2049.03  1967.32  2062.56  2004.88  2027.37  1999.17  2138.58 
 2087.11  2124.64  2064.49  2030.97  2146.12  2058.38  2069.16  2080.48  2166.95 
 2027.44  2031.55  2060.56  1976.72  2046.86  2057.27  2049.72  2069.95  2156.77 
 2084.13  2147.47  2127.83  2029.00  2085.07  2103.79  2087.54  2099.09  2210.02 
 2038.92  2026.50  2045.51  1994.36  2076.90  2074.24  2042.92  2060.08  2142.29 
 2045.65  2120.14  2085.57  2065.35  2076.84  2075.53  2050.12  2122.19  2193.07 
 2026.62  2064.28  2050.12  1986.31  2034.46  2025.52  1984.56  2045.75  2122.41 
 2088.49  2129.48  2091.04  2071.92  2118.89  2079.90  2082.60  2103.60  2221.46 
 2027.33  2073.79  2060.45  2009.75  2066.27  2048.99  2030.07  2036.78  2165.42 
 2114.09  2113.48  2092.84  2028.05  2096.81  2074.15  2070.74  2084.76  2171.85 
 2068.30  2077.78  2057.29  2038.45  2089.56  2050.93  2033.15  2054.46  2157.22 
 2088.72  2078.65  2096.05  2032.82  2135.68  2089.35  2093.02  2065.77  2211.47 
 2082.80  2072.02  2044.91  2000.38  2084.07  2038.06  2035.14  2013.69  2190.21 
 2054.62  2104.12  2076.58  2080.22  2126.94  2098.52  2060.68  2105.96  2213.91 
 2065.04  2009.34  2042.62  1991.84  2087.07  2036.78  2025.57  2023.97  2166.57 
 2053.45  2112.83  2095.78  2043.89  2124.65  2087.51  2039.23  2117.52  2252.93 
 2040.46  2049.09  2034.50  1989.85  2052.70  1999.44  2039.93  2044.64  2126.74 
 2039.13  2076.90  2085.83  2040.83  2156.90  2072.05  2086.43  2056.30  2175.53 
 1998.34  2044.26  2022.21  1990.95  2050.43  2021.19  1999.59  2027.58  2182.47 
 2121.42  2098.74  2090.67  2055.22  2131.43  2083.15  2072.72  2076.68  2202.34 
 2007.49  2044.71  2045.19  1980.43  2017.21  2012.37  2032.95  2026.16  2156.93 
 2110.03  2099.97  2086.94  2035.96  2100.48  2119.99  2093.82  2080.76  2187.61 
 2024.94  2053.49  2018.47  1982.06  2065.59  2020.70  2002.51  2024.84  2181.75 
 2097.78  2102.89  2129.31  2042.07  2107.97  2092.24  2078.01  2070.91  2201.15 
 2036.37  2099.34  2024.83  1986.08  2069.62  2006.57  2006.80  2060.83  2106.93 
 2034.68  2089.40  2092.17  2027.92  2083.32  2087.76  2093.37  2075.16  2229.01 
 2051.41  2067.72  2028.67  1970.79  2080.51  2058.09  2052.93  2051.73  2155.16 
 2064.55  2092.14  2083.90  2049.47  2107.12  2083.87  2098.33  2081.78  2181.59 
 2072.31  2053.57  2058.73  1983.56  2048.98  2043.72  2036.05  1987.32  2175.09 
 2092.27  2071.30  2075.34  2055.92  2110.60  2042.34  2055.04  2064.42  2226.64 
 2018.51  2097.43  2050.39  2008.23  2043.81  2042.52  2027.38  2008.86  2153.72 
 2101.38  2121.34  2094.68  2040.11  2128.29  2118.75  2123.13  2134.95  2244.50 
 2045.73  2040.07  2002.30  1943.07  2082.09  2043.97  2018.62  2021.80  2172.31 
 2034.25  2106.67  2063.97  2075.80  2089.71  2082.65  2040.82  2079.55  2184.16 
 1997.00  2037.55  2079.97  1987.43  2040.56  2049.26  2038.22  2025.29  2141.84 
 2108.01  2100.24  2091.11  2050.08  2125.21  2096.99  2083.54  2045.84  2198.14 
 1993.32  2074.43  2023.02  2014.53  2050.78  1998.78  2024.87  2039.32  2158.16 
 2149.42  2092.59  2107.61  2051.68  2138.53  2124.08  2106.91  2104.14  2228.11 
 2035.15  2065.92  2030.90  1998.88  2036.06  2042.26  2007.68  2013.40  2117.23 
 2090.21  2084.02  2138.39  2042.20  2145.15  2066.51  2089.66  2104.76  2179.50 
 2033.74  2063.23  1988.52  2024.85  2032.11  2046.90  2009.62  2006.55  2171.33 
 2081.88  2070.97  2086.27  2072.72  2121.98  2085.35  2067.18  2069.10  2186.42 
 2077.10  2061.57  2028.89  2011.77  2079.71  2045.70  1986.11  2062.11  2151.91 
 2107.21  2104.02  2086.04  2058.20  2134.96  2073.93  2062.66  2071.18  2202.20 
 2018.11  2063.82  2056.59  1989.56  2039.34  2020.85  2034.92  2019.41  2112.31 
 2088.54  2102.84  2056.56  2005.99  2120.47  2096.40  2105.46  2085.95  2182.19 
 2024.14  2049.29  2036.94  1999.21  2060.55  2014.33  2013.07  2017.14  2107.48 
 2071.94  2095.76  2101.10  2062.58  2093.14  2081.93  2072.00  2089.77  2190.22 
 2041.87  2017.57  2013.06  1985.72  2048.48  2040.02  2024.59  2017.38  2145.12 
 2073.05  2108.96  2097.26  2054.31  2099.58  2103.00  2061.82  2091.27  2171.70 
 2016.13  2028.12  2055.49  2042.63  2065.48  2018.83  2030.76  2042.80  2141.66 
 2096.52  2102.42  2091.84  2060.11  2137.70  2095.06  2060.22  2091.66  2201.06 
 2017.93  2091.94  2037.56  2032.04  2029.03  1990.45  2018.76  2055.38  2167.72 
 2131.98  2106.07  2082.29  2029.19  2127.12  2069.67  2090.35  2088.24  2188.55 
 2005.28  2022.79  2045.75  1999.75  2049.48  2021.44  2009.93  2014.12  2150.01 
 2130.82  2129.90  2092.04  2021.25  2095.79  2089.12  2077.07  2101.51  2179.99 
 2030.54  2088.43  2022.44  1968.13  2093.01  2033.32  2036.50  2023.80  2130.66 
 2044.05  2092.30  2094.41  2020.91  2082.68  2089.46  2127.42  2101.98  2208.06 
 2038.82  2059.87  2014.81  2014.01  2091.14  2019.77  2016.98  2026.72  2130.24 
 2056.14  2120.68  2108.10  2088.91  2144.18  2097.30  2080.01  2105.11  2200.69 
 2013.59  2067.62  2056.77  2001.94  2068.89  2015.73  2022.86  2007.01  2174.60 
 2030.34  2088.08  2101.96  2006.04  2137.95  2061.78  2066.08  2093.68  2192.12 
 2057.50  2063.04  1997.54  1945.84  2071.25  2044.32  2058.28  2056.95  2152.32 
 2089.22  2126.33  2084.17  1996.39  2119.58  2069.66  2133.73  2110.53  2202.88 
 2049.20  2011.23  2059.26  1982.52  2068.19  2025.19  2029.99  1995.69  2187.09 
 2116.64  2132.82  2040.20  2036.66  2137.47  2066.64  2027.45  2074.36  2192.63 
 2047.63  2062.52  2061.73  1970.89  2092.51  2035.07  2024.48  2038.26  2168.51 
 2110.91  2092.12  2126.48  2021.74  2124.58  2137.95  2075.31  2091.55  2217.86 
 2018.90  2089.64  2048.84  1998.89  2036.07  2029.07  2011.54  2011.07  2136.96 
 2107.38  2089.53  2090.68  2043.86  2129.32  2110.38  2043.80  2087.75  2205.04 
 2048.28  2022.51  2007.60  2011.47  2054.12  2061.31  2021.32  2070.68  2181.70 
 2077.92  2086.34  2115.00  2058.91  2137.82  2063.41  2095.48  2093.05  2194.45 
 2050.23  2068.30  1980.46  2026.50  2074.65  2049.36  1995.15  2024.50  2105.11 
 2056.37  2102.88  2080.82  2036.50  2126.18  2086.75  2100.65  2140.61  2230.30 
 2052.72  2036.75  2032.81  2028.07  2063.18  2028.68  2008.03  2018.33  2151.97 
 2118.00  2123.53  2093.79  2057.04  2117.93  2101.72  2101.82  2070.45  2213.21 
 2050.03  2057.57  2063.37  1989.34  2078.93  2027.36  2060.50  2045.75  2165.67 
 2080.40  2108.47  2092.37  2034.56  2118.79  2078.40  2051.14  2071.17  2189.16 
 2054.47  2045.71  2051.02  2019.75  2027.64  2070.38  2039.70  2032.31  2153.87 
 2097.68  2100.42  2101.70  2039.23  2134.79  2088.04  2086.86  2058.95  2200.52 
 2003.12  2070.22  2060.12  1981.50  2049.68  2055.14  2016.29  2016.83  2119.85 
 2068.08  2074.90  2086.83  2066.39  2092.96  2065.32  2080.83  2056.39  2221.83 
 2039.23  2070.70  2066.45  2020.99  2072.53  2026.47  2012.30  2052.28  2159.11 
 2128.89  2059.45  2072.65  2058.36  2102.26  2103.52  2060.15  2064.48  2222.58 
 2035.13  2031.02  2028.86  1968.88  2071.69  1988.98  2023.37  2046.94  2147.76 
 2089.76  2070.23  2056.72  2040.22  2141.52  2087.39  2059.32  2086.15  2144.89 
 2017.37  2018.44  2032.58  1988.30  2057.23  2030.31  2023.57  2055.69  2178.96 
 2105.07  2119.45  2132.24  2035.84  2093.74  2071.35  2008.49  2105.45  2230.55 
 2041.36  2055.98  2076.76  1983.49  2075.74  2042.76  2016.18  2017.07  2171.02 
 2061.84  2079.48  2103.35  2073.47  2125.24  2112.47  2063.12  2101.15  2212.66 
 2050.71  2053.53  2063.44  1992.77  2052.02  2053.70  2062.12  2017.90  2143.73 
 2053.69  2102.41  2115.57  2057.55  2120.11  2056.98  2097.81  2094.49  2189.92 
 2022.33  2074.86  2026.69  1958.32  2055.13  2012.88  2024.52  1989.73  2144.34 
 2041.28  2112.28  2118.11  2054.42  2107.60  2075.82  2100.29  2058.50  2228.68 
 2025.44  2049.14  2035.59  2012.02  2063.67  2036.18  2011.70  2001.06  2175.34 
 2091.37  2089.23  2046.92  2080.46  2116.86  2106.97  2119.17  2105.92  2173.74 
 2016.92  2093.17  2072.57  2017.41  2043.32  1992.89  2050.21  2031.97  2174.56 
 2097.37  2103.57  2071.71  2069.16  2071.23  2098.44  2079.09  2079.04  2185.94 
 2020.97  2051.05  2074.63  2003.33  2043.13  2059.28  2025.00  2036.19  2147.11 
 2097.16  2122.86  2072.35  2063.87  2141.01  2124.17  2076.34  2104.97  2210.94 
 2062.04  2046.94  2067.93  1981.40  2020.74  2024.41  2083.43  2028.88  2192.31 
 2073.30  2136.84  2093.87  1991.08  2108.76  2071.55  2110.20  2057.72  2182.47 
 2030.51  2035.73  2038.24  1981.03  2069.41  2038.44  2013.22  2028.40  2163.88 
 2063.60  2109.50  2065.21  2068.72  2114.71  2104.61  2073.22  2099.23  2220.01 
 2045.65  2019.05  2073.10  2007.07  2068.52  2019.77  2031.74  2053.32  2196.53 
 2077.39  2116.85  2097.38  2038.70  2103.39  2090.68  2039.65  2077.52  2198.61 
 2022.31  2039.81  2027.52  2001.88  2076.48  2036.34  2022.81  2015.25  2136.61 
 2098.68  2073.40  2109.95  2036.08  2169.84  2043.33  2088.61  2124.94  2209.01 
 2012.38  2050.18  2057.36  1975.32  2040.08  2019.19  1971.73  1991.94  2148.18 
 2092.77  2090.98  2102.34  2049.84  2103.42  2081.01  2049.76  2058.07  2171.78 
 2010.16  2044.21  2008.80  1999.07  2090.47  2006.12  2015.91  2030.98  2172.54 
 2051.34  2122.01  2100.68  2042.21  2162.86  2094.87  2060.34  2095.78  2192.97 
 2007.95  2024.91  2002.59  1952.13  2082.96  2030.51  2072.99  2048.26  2171.47 
 2084.08  2064.23  2056.07  2050.29  2088.14  2080.15  2104.15  2106.99  2202.29 
 2031.15  2043.94  2052.12  1986.05  2051.55  2018.76  2035.11  2001.92  2141.85 
 2041.38  2098.65  2100.01  2039.19  2120.62  2074.80  2064.78  2104.99  2199.67 
 2039.43  2055.45  2042.30  1931.85  2024.12  2014.31  1987.28  2030.22  2152.99 
 2063.18  2123.20  2125.68  2090.94  2107.05  2070.18  2057.42  2057.52  2188.56 
 2046.45  2088.63  2034.06  1989.09  2048.93  2048.41  2002.85  2025.42  2106.87 
 2057.80  2104.72  2122.01  2064.77  2121.75  2055.67  2064.36  2100.84  2192.61 
 2010.77  2066.52  2030.24  1991.43  2073.96  2041.76  2039.72  2025.17  2163.19 
 2066.28  2089.61  2100.67  2021.71  2141.79  2044.12  2070.36  2074.42  2200.45 
 2009.47  2084.71  2058.73  1988.89  2023.90  2019.03  2003.64  2051.61  2149.60 
 2115.97  2073.22  2098.45  2029.97  2103.10  2081.39  2058.30  2112.46  2177.06 
 2027.38  2057.34  2007.83  2017.46  2092.11  2044.09  2031.29  2042.75  2148.58 
 2049.65  2112.53  2081.35  2029.82  2116.91  2113.68  2069.86  2090.97  2203.09 
 2039.35  2085.11  2051.12  1999.26  2055.09  2039.90  2029.60  2052.60  2156.34 
 2091.74  2117.14  2096.39  2058.67  2108.54  2106.80  2116.85  2105.70  2177.03 
 2015.55  2035.96  2026.50  1970.20  2080.41  2028.20  2020.46  2006.96  2197.93 
 2090.57  2085.75  2066.51  2045.00  2099.11  2105.20  2068.18  2063.71  2185.42 
 2017.76  2069.97  2039.90  1998.92  2059.83  2041.37  2006.56  2006.75  2140.41 
 2086.72  2098.06  2108.49  2029.17  2098.97  2089.55  2042.29  2078.86  2191.25 
 2048.96  2094.56  2027.73  1993.19  2087.56  2043.07  2031.85  2030.60  2124.23 
 2069.05  2052.35  2075.20  2060.43  2146.29  2108.86  2063.29  2056.26  2187.46 
 2016.49  2090.42  2030.84  1976.40  2088.95  2060.96  1995.14  2055.55  2123.80 
 2078.10  2060.09  2104.52  2047.84  2120.39  2042.86  2102.77  2098.16  2240.05 
 1984.63  2043.05  2034.40  1972.00  2062.60  2007.30  2048.77  2033.25  2181.52 
 2093.31  2135.02  2055.16  2047.80  2101.15  2067.08  2067.23  2103.29  2209.61 
 2061.44  2053.47  2040.02  1973.41  2074.10  2053.16  2027.81  2018.28  2157.99 
 2088.61  2130.53  2111.84  2077.05  2133.40  2066.91  2047.90  2081.45  2220.65 
 2070.27  2078.42  2048.28  2002.99  2050.18  2029.14  2000.31  2038.87  2129.61 
 2078.23  2129.25  2084.28  2021.72  2138.29  2125.28  2086.19  2088.13  2184.14 
 1980.39  2086.18  2037.36  1973.90  2033.20  2029.20  2007.41  2002.78  2127.18 
 2072.82  2088.99  2057.69  2054.87  2115.73  2063.07  2065.03  2082.49  2193.48 
 2022.38  2062.64  2027.11  2022.05  2030.40  2040.50  2010.09  2027.30  2141.99 
 2091.76  2096.66  2087.77  2030.84  2120.45  2073.95  2073.46  2067.86  2204.68 
 2052.69  2079.30  2070.79  1976.78  2053.53  2045.78  2050.32  2063.91  2144.17 
 2069.32  2067.15  2118.99  2053.32  2096.75  2100.29  2051.70  2092.66  2163.49 
 2045.48  2046.78  2052.45  1996.76  2096.99  2022.74  2016.36  2022.15  2157.82 
 2046.61  2088.70  2046.58  2043.23  2107.03  2072.71  2089.00  2064.90  2178.00 
 2062.11  2030.78  2093.50  1963.34  2061.40  2026.07  1986.17  2009.38  2168.66 
 2067.74  2152.12  2075.25  2051.96  2110.01  2109.50  2083.60  2103.27  2198.38 
 2022.23  2019.89  2025.30  1965.06  2056.65  2039.07  2023.86  2028.71  2096.87 
 2071.30  2131.19  2059.48  2024.46  2097.90  2082.60  2093.55  2103.74  2194.35 
 2025.01  2091.68  2053.21  1985.05  2087.26  2040.85  2042.86  2015.53  2189.38 
 2060.11  2135.31  2071.92  2067.35  2115.70  2124.76  2088.49  2111.52  2194.03 
 2027.60  2070.27  2025.63  1984.54  2057.63  2037.88  1968.87  2020.01  2124.02 
 2103.05  2081.60  2073.78  2050.26  2095.48  2098.29  2091.89  2072.43  2228.24 
 2046.77  2048.88  2063.98  1977.73  2057.44  2037.80  2033.22  2009.50  2171.03 
 2078.14  2102.81  2078.06  2049.97  2134.60  2053.15  2086.81  2062.75  2184.51 
 2038.18  2082.25  1995.94  2014.57  2088.40  2029.64  2042.29  2033.16  2144.68 
 2079.70  2105.31  2089.80  2083.31  2090.63  2102.06  2076.91  2112.97  2238.74 
 2012.21  2065.21  2023.86  1975.33  2069.43  2060.52  2053.34  2050.30  2163.50 
 2106.21  2152.68  2087.06  2061.49  2119.98  2060.28  2089.96  2104.92  2220.20 
 2027.91  2068.98  2044.76  1983.08  2065.08  2088.06  2019.16  2024.98  2153.27 
 2098.94  2066.90  2103.29  2037.14  2126.81  2058.98  2039.34  2091.53  2212.22 
 2044.40  2069.56  2053.15  2006.99  2074.44  2048.94  2006.02  2042.83  2182.93 
 2066.07  2118.66  2065.62  2058.17  2127.45  2079.07  2070.43  2041.16  2215.86 
 2056.59  2050.51  2033.47  1996.50  2009.50  1995.23  2042.03  2005.58  2109.43 
 2100.43  2104.47  2107.41  2038.11  2089.36  2079.91  2077.76  2075.80  2235.16 
 1997.85  2076.74  2039.19  2015.81  2036.58  2036.60  2048.72  2007.63  2163.61 
 2068.90  2080.58  2096.59  2065.78  2117.47  2084.12  2049.35  2080.91  2231.84 
 2007.12  2052.00  2031.33  1983.37  2038.70  2047.37  2045.55  2030.54  2139.57 
 2053.07  2106.20  2077.65  2022.64  2123.76  2115.19  2056.00  2074.99  2201.91 
 2041.69  2055.17  2022.48  2009.03  2098.02  2050.73  2054.55  2032.22  2147.04 
 2040.11  2110.51  2068.95  2084.05  2108.76  2097.22  2075.58  2101.14  2192.84 
 2031.61  2056.84  1982.39  1979.45  2058.13  2011.60  2007.54  2029.09  2179.59 
 2087.54  2116.39  2101.30  2038.09  2110.30  2100.62  2019.36  2064.20  2211.87 
 2074.22  2073.34  2058.37  1977.42  2062.30  2064.99  1989.30  2053.38  2136.57 
 2085.38  2090.14  2099.22  2022.31  2084.77  2095.14  2082.73  2087.06  2183.97 
 2003.31  2077.48  2039.53  1993.07  2076.23  2027.98  2013.48  2003.78  2169.66 
 2085.26  2049.39  2073.58  2091.04  2097.34  2065.72  2060.88  2062.71  2162.81 
 2053.21  2032.84  2022.64  2007.61  2051.18  2031.35  2044.51  2055.22  2129.36 
 2087.78  2080.34  2082.49  2082.58  2116.02  2105.96  2076.87  2102.79  2217.82 
 2015.50  2039.41  1999.81  2010.79  2096.12  2021.81  2008.28  2011.86  2168.70 
 2072.60  2068.57  2069.85  2075.58  2106.41  2083.57  2037.76  2126.74  2215.01 
 2068.08  2036.82  2087.91  1996.17  2108.18  2062.05  1997.25  2034.47  2132.68 
 2061.34  2115.74  2107.51  2070.72  2121.56  2110.31  2072.08  2065.65  2235.55 
 2049.87  2075.01  2020.60  1997.62  2038.19  2016.25  2010.55  2060.34  2127.53 
 2075.49  2094.54  2086.16  2047.54  2134.63  2073.16  2093.62  2077.54  2237.46 
 2030.53  2070.99  2019.19  1978.71  2069.75  2038.91  1997.58  2049.43  2161.63 
 2079.11  2130.35  2086.32  2067.72  2093.19  2114.40  2085.02  2114.63  2234.24 
 2057.87  2054.48  2027.46  1995.62  2057.69  2016.42  2062.95  2019.68  2161.44 
 2070.50  2086.16  2059.67  2056.93  2100.84  2073.33  2076.35  2098.89  2188.01 
 2044.12  2046.62  2067.18  2009.14  2061.25  2034.09  2035.97  2056.18  2167.33 
 2082.11  2091.62  2098.18  2054.67  2111.88  2071.62  2078.99  2058.48  2188.41 
 2011.39  2012.36  2047.98  1973.26  2056.19  2032.89  2024.86  1981.83  2143.23 
 2082.39  2061.34  2044.96  2055.47  2132.67  2054.22  2103.98  2088.54  2210.67 
 2074.07  2052.89  2016.47  2024.71  2069.66  2035.84  2042.62  2045.51  2142.62 
 2054.43  2054.76  2090.53  2066.51  2143.07  2089.56  2067.88  2081.07  2218.55 
 2037.35  2046.45  2026.13  1981.12  2068.42  2015.90  2029.41  2050.80  2135.86 
 2053.82  2099.66  2116.80  2041.11  2099.62  2092.52  2056.41  2072.55  2210.49 
 2039.72  2043.54  2055.33  1990.63  2119.18  2078.69  2020.72  2013.19  2189.65 
 2121.01  2108.67  2066.56  2070.55  2143.15  2106.24  2047.74  2086.64  2205.01 
 2043.35  2040.34  2072.40  1975.38  2071.38  2036.68  2037.53  2015.37  2124.52 
 2041.47  2103.05  2108.25  2056.90  2114.51  2081.19  2085.65  2071.21  2197.08 
 2054.95  2069.84  2057.39  1990.70  2096.02  2057.80  1987.44  2007.95  2149.89 
 2090.75  2118.96  2098.94  2053.58  2095.94  2032.41  2088.47  2072.04  2193.53 
 2000.97  2036.73  2028.42  1997.78  2038.47  2016.83  2035.33  2010.39  2152.99 
 2091.13  2107.21  2072.41  2058.28  2120.90  2086.54  2105.18  2070.32  2194.63 
 2014.13  2062.72  2058.72  2031.05  2055.27  2001.72  2024.79  2023.08  2206.47 
 2087.91  2092.56  2112.88  2042.86  2079.80  2125.10  2106.16  2096.36  2181.24 
 2025.46  2076.90  2063.15  2019.38  2087.15  2057.57  2049.01  2058.11  2142.36 
 2047.23  2100.22  2069.27  2075.74  2138.34  2107.41  2085.97  2111.50  2175.42 
 2061.97  2066.25  2069.34  2001.49  2015.37  2032.35  2026.25  2055.40  2116.09 
 2102.48  2101.95  2037.64  2035.28  2115.84  2069.50  2120.29  2103.51  2204.11 
 2028.36  2017.27  2059.99  1979.89  2060.62  2028.26  2053.18  2017.63  2179.35 
 2099.34  2089.57  2084.27  2046.13  2132.74  2109.95  2074.78  2096.50  2173.46 
 2037.08  2074.67  2023.69  2027.89  2071.93  2066.33  2020.25  2059.43  2176.70 
 2096.25  2126.69  2121.53  2061.47  2124.90  2102.74  2051.49  2126.68  2221.20 
 2053.53  2038.06  2036.71  2004.50  2055.01  2038.74  2028.54  2038.00  2142.74 
 2068.61  2087.97  2084.94  2030.17  2134.68  2082.79  2039.48  2121.01  2212.16 
 2025.53  2050.01  2066.36  2017.45  2088.58  2059.18  2054.01  2062.86  2171.80 
 2085.41  2095.64  2105.19  2063.03  2131.73  2087.44  2075.64  2076.92  2190.26 
 2061.05  2040.79  2046.19  1986.83  2049.19  2019.42  2047.57  2045.64  2181.85 
 2080.56  2093.33  2090.58  2053.69  2092.41  2124.30  2073.01  2103.18  2229.98 
 2000.63  2065.47  2052.59  1986.12  2083.13  2029.68  2007.49  2002.38  2137.20 
 2087.39  2103.41  2099.16  2028.14  2108.41  2091.53  2064.70  2119.22  2175.05 
 2056.73  2041.30  2080.92  1941.53  2054.44  2003.18  2033.64  2006.19  2163.42 
 2115.48  2129.47  2084.74  2052.81  2106.55  2083.91  2071.97  2075.67  2174.83 
 2048.12  2086.80  2061.74  1983.04  2064.75  2060.25  2045.99  2048.29  2126.16 
 2088.11  2100.15  2087.79  2057.97  2091.32  2110.85  2075.67  2104.23  2200.09 
 2017.09  2060.01  2052.28  1994.69  2070.03  2044.98  2033.55  2043.08  2151.99 
 2092.54  2094.94  2071.66  2036.67  2092.57  2047.88  2083.52  2065.71  2208.23 
 2065.91  2039.00  2053.40  1985.59  2082.37  2029.62  2021.29  1997.41  2199.38 
 2068.31  2130.70  2075.79  2050.80  2124.47  2087.18  2071.01  2107.37  2199.30 
 2037.23  2031.82  2045.52  1981.48  2084.92  2087.38  2043.37  2045.05  2188.60 
 2079.64  2142.40  2060.42  2037.08  2096.30  2069.41  2052.72  2088.98  2219.92 
 2041.23  2032.19  2073.79  2003.63  2057.67  2027.92  2003.58  2024.10  2166.03 
 2044.56  2089.62  2068.48  2062.41  2115.70  2099.75  2047.58  2091.27  2209.32 
 2018.26  2045.44  2013.76  1966.99  2070.45  2083.75  2022.09  2041.35  2132.03 
 2096.66  2134.08  2133.54  2026.74  2103.22  2087.26  2053.77  2081.34  2180.77 
 2058.37  2038.32  2026.09  2002.73  2055.36  2051.69  2049.80  2042.59  2164.12 
 2050.19  2123.15  2130.40  2054.13  2141.30  2063.76  2057.25  2109.30  2189.81 
 2018.88  2049.94  2014.28  1997.47  2025.98  2043.78  2022.81  2003.48  2115.50 
 2078.12  2137.02  2072.03  2064.48  2114.11  2103.32  2075.14  2042.24  2202.15 
 1974.56  2032.06  2027.23  1997.93  2037.98  2003.37  2025.51  2050.76  2194.39 
 2079.31  2085.82  2107.47  2066.28  2105.67  2104.17  2055.83  2087.26  2212.97 
 2022.37  2060.82  2033.79  1953.45  2031.17  2026.18  2022.24  2044.13  2156.80 
 2062.78  2082.61  2102.45  2020.58  2118.41  2107.83  2103.08  2099.75  2189.09 
 1998.33  2046.00  2052.99  1959.60  2064.93  2042.75  1995.54  2061.08  2144.31 
 2065.33  2119.06  2091.17  2059.19  2112.42  2062.82  2108.34  2102.18  2213.47 
 2015.06  2026.78  2030.76  1979.94  2059.78  2042.97  2023.28  2018.27  2124.35 
 2088.61  2113.81  2060.64  2059.40  2122.04  2105.52  2054.42  2108.36  2241.16 
 2014.43  2050.71  2031.14  1977.58  2096.34  2030.20  2033.03  2024.73  2157.28 
 2052.64  2122.59  2104.24  2055.51  2102.35  2094.05  2089.33  2054.54  2178.74 
 2003.34  2053.39  2022.21  2014.70  2045.35  2038.46  2015.46  2037.15  2139.24 
 2069.80  2109.35  2120.73  2013.77  2162.14  2097.76  2089.53  2087.39  2187.38 
 2013.69  2007.35  2068.00  1997.20  2055.49  2074.55  2042.16  2055.79  2178.22 
 2073.02  2100.82  2084.57  2035.04  2117.94  2129.34  2109.12  2076.14  2192.06 
 2066.90  2052.78  1988.95  1970.58  2040.90  2009.34  2035.69  2020.40  2128.41 
 2055.63  2141.36  2133.10  2040.53  2097.26  2101.93  2076.79  2096.79  2187.91 
 2040.31  2090.37  2069.82  2000.18  2076.93  2010.74  2030.38  2008.75  2158.61 
 2062.06  2075.98  2054.56  2021.52  2068.54  2078.30  2044.23  2082.36  2187.95 
 2014.75  2052.70  2028.24  1985.43  2090.24  2017.54  2050.86  2053.95  2150.33 
 2076.61  2093.50  2115.01  2069.69  2105.07  2105.80  2088.72  2100.57  2186.52 
 2021.62  2071.48  2007.54  1993.65  2050.41  2023.69  2035.97  2055.47  2149.39 
 2084.06  2118.29  2110.94  2081.28  2128.37  2094.83  2090.22  2102.47  2215.82 
 2042.66  2076.29  2028.65  1993.21  2075.15  2018.12  2061.61  2049.55  2159.66 
 2107.88  2099.03  2108.35  2069.12  2093.15  2074.56  2098.49  2070.17  2183.83 
 2019.30  2048.67  2003.16  2047.17  2078.83  2039.77  1990.49  2000.37  2122.55 
 2097.89  2132.65  2072.29  2076.36  2136.99  2114.30  2061.53  2087.40  2203.22 
 2025.15  2067.74  2036.34  1993.61  2041.99  1999.59  2019.87  2002.72  2164.35 
 2095.25  2063.09  2118.65  2073.48  2091.64  2126.37  2062.61  2071.42  2218.71 
 2034.99  2060.51  2014.64  2017.12  2071.81  2027.06  2025.86  2028.45  2113.67 
 2063.64  2105.31  2095.70  2000.82  2115.99  2088.73  2080.37  2078.22  2193.63 
 2037.22  2066.07  2022.32  2018.13  2069.36  2030.18  1993.18  2025.77  2111.46 
 2080.75  2082.80  2082.34  2073.24  2116.97  2070.00  2063.91  2078.70  2230.50 
 2048.45  2013.83  2037.18  2007.89  2068.78  2022.21  2047.85  2037.70  2143.68 
 2090.11  2113.40  2110.04  2039.22  2130.27  2077.36  2102.35  2089.23  2206.68 
 2056.16  2036.27  2054.27  1997.65  2078.96  2024.79  2018.90  2043.24  2143.92 
 2044.60  2063.88  2086.71  2051.74  2114.62  2076.88  2038.99  2071.81  2239.67 
 2005.39  2081.04  2051.64  1998.29  2059.76  2009.59  2015.99  2056.24  2116.54 
 2077.78  2108.91  2124.16  2072.58  2108.31  2084.11  2099.83  2057.00  2179.97 
 2048.11  2030.32  1992.84  1983.62  2085.94  2045.75  2011.76  2027.21  2165.71 
 2107.09  2093.81  2059.51  2053.30  2132.62  2097.45  2071.79  2084.01  2148.97 
 2015.52  2058.02  2036.30  1982.68  2047.50  2049.29  2059.07  2035.96  2164.57 
 2101.03  2099.99  2060.70  2050.36  2129.26  2048.53  2095.31  2127.59  2194.84 
 2050.70  2071.51  2077.09  1986.81  2070.86  2056.80  2010.27  2018.61  2164.97 
 2083.62  2123.35  2071.59  2071.26  2111.83  2082.41  2057.38  2099.99  2204.80 
 2060.03  2043.75  2057.65  2000.71  2077.51  2037.06  2048.13  2000.93  2157.31 
 2056.66  2096.95  2094.17  2037.66  2072.61  2108.71  2095.43  2110.79  2184.55 
 2006.89  2070.43  2036.93  1978.77  2051.02  1999.77  2023.02  2024.38  2143.86 
 2071.11  2129.22  2097.85  2080.57  2105.95  2067.05  2074.28  2103.97  2180.75 
 2041.76  2032.81  2065.37  2003.33  2046.63  2089.59  2041.12  2007.39  2176.31 
 2079.38  2095.26  2110.18  2029.71  2124.85  2114.01  2106.01  2101.47  2210.30 
 2037.25  2055.72  2000.99  1955.40  2059.67  1990.81  1970.22  2023.41  2179.05 
 2099.28  2126.43  2045.71  2070.23  2105.93  2092.16  2050.91  2117.46  2237.63 
 2038.05  2042.77  2042.93  1986.72  2079.73  2048.02  2058.33  2042.92  2149.72 
 2114.66  2097.71  2073.93  2055.58  2106.72  2117.18  2073.90  2084.53  2187.34 
 2016.28  2048.28  2016.50  2001.95  2054.37  2045.73  2043.84  2026.01  2126.24 
 2084.51  2087.44  2096.21  2046.93  2140.45  2092.59  2064.47  2115.27  2175.24 
 2035.34  2087.30  2011.32  1994.61  2073.86  2031.80  2036.15  2014.05  2149.55 
 2057.28  2067.44  2099.40  2061.73  2102.58  2110.55  2134.49  2092.51  2239.47 
 1996.53  2058.86  2062.59  1964.64  2063.52  2043.72  2005.61  1994.05  2138.95 
 2090.56  2078.71  2087.98  2034.05  2144.44  2084.35  2075.57  2059.05  2171.68 
 2033.45  2034.20  2037.93  2001.74  2044.45  2057.09  2012.55  2055.39  2160.89 
 2071.95  2135.41  2083.95  2044.31  2128.19  2108.99  2091.49  2087.28  2191.32 
 2015.74  2038.43  2066.74  1979.91  2042.53  2001.91  1961.33  2017.39  2156.40 
 2043.51  2112.18  2085.84  2055.86  2125.17  2115.51  2091.55  2069.79  2191.88 
 2000.84  2066.68  2026.51  2019.76  2050.32  2022.72  2039.98  2042.21  2135.38 
 2060.51  2107.77  2086.84  2074.94  2146.25  2087.83  2061.16  2094.50  2210.53 
 2043.90  2033.55  2047.43  1984.29  2075.55  2045.23  2010.90  2075.17  2141.96 
 2055.76  2105.47  2095.11  2030.41  2123.82  2103.17  2090.12  2106.90  2201.28 
 2034.70  2050.43  2021.49  1994.44  2090.50  2017.88  2003.19  2013.20  2172.47 
 2058.55  2099.28  2081.05  2050.70  2113.23  2096.05  2069.44  2068.00  2223.58 
 2042.66  2058.71  2050.13  1974.43  2049.67  2034.93  2026.44  1985.37  2161.16 
 2043.62  2073.43  2074.92  2067.55  2106.49  2096.57  2111.33  2090.13  2221.80 
 2039.33  2071.18  2021.53  2016.45  2092.40  2036.18  2020.15  2028.02  2202.64 
 2063.45  2121.27  2120.53  2045.01  2087.36  2113.77  2048.48  2113.48  2210.47 
 2043.36  2081.61  2076.82  1975.60  2062.21  2012.16  2043.11  2040.24  2170.30 
 2084.89  2067.70  2086.00  2038.41  2109.71  2106.89  2096.81  2087.03  2191.85 
 2061.55  2045.34  2062.93  1968.03  2088.30  2028.91  2035.64  2052.51  2190.13 
 2052.90  2119.79  2087.03  2043.82  2107.78  2081.05  2066.35  2109.84  2216.48 
 2020.66  2058.84  2016.35  2003.26  2070.01  1974.64  2023.08  1993.31  2172.36 
 2114.77  2091.90  2119.77  2041.23  2126.49  2079.09  2094.43  2069.79  2228.11 
 2022.69  2077.03  2044.75  2027.37  2066.38  2030.21  2026.09  2030.98  2191.15 
 2057.08  2105.47  2110.26  2052.89  2134.51  2098.41  2076.48  2101.91  2218.46 
 2042.39  2062.28  2064.02  2025.36  2074.75  2071.65  2010.88  2019.20  2135.59 
 2073.73  2059.54  2061.29  2055.09  2086.37  2096.11  2080.23  2096.00  2181.89 
 2056.16  2099.66  2039.04  1975.55  2068.55  2030.10  2012.99  2030.62  2184.53 
 2087.72  2128.96  2079.75  2071.64  2105.78  2101.98  2061.93  2102.40  2156.23 
 2032.79  2055.59  2072.25  1980.53  2045.48  2085.85  2023.49  2073.46  2200.20 
 2065.39  2098.59  2094.30  2063.79  2124.42  2089.12  2082.36  2103.19  2235.02 
 2005.97  2057.93  2031.28  2010.71  2050.10  2030.38  2050.11  2028.42  2143.11 
 2057.11  2103.24  2088.82  2037.72  2118.82  2086.57  2057.89  2085.99  2221.32 
 2063.94  2014.99  1985.15  1996.66  2053.16  2021.41  2021.05  2011.73  2127.71 
 2106.08  2140.75  2078.56  2034.51  2146.03  2095.62  2109.07  2083.47  2250.74 
 2063.45  2101.61  2005.40  1993.17  2073.12  2051.65  2051.22  2045.38  2133.11 
 2087.45  2067.02  2092.25  2053.29  2142.65  2087.86  2075.47  2055.45  2224.93 
 2046.79  2093.51  2023.71  1990.69  2075.45  2041.42  2023.18  2013.60  2143.93 
 2090.14  2089.74  2086.71  2052.50  2097.34  2094.20  2102.74  2085.93  2237.93 
 2046.47  2077.86  2021.65  1998.23  2025.59  2050.58  2023.64  2014.72  2146.22 
 2091.51  2075.33  2078.85  2053.58  2064.38  2068.31  2079.33  2096.72  2202.90 
 2060.93  2106.81  2051.93  1959.49  2038.91  2014.80  2044.82  2052.10  2144.74 
 2069.40  2118.63  2080.46  2044.78  2118.42  2080.55  2090.58  2102.17  2182.09 
 2065.56  2068.56  2072.65  2004.08  2059.36  2057.09  2034.03  2015.12  2164.00 
 2062.70  2133.27  2103.87  2031.96  2117.30  2068.75  2064.22  2086.49  2229.65 
 2053.56  2040.43  2035.88  1999.98  2081.16  2033.14  2036.61  2034.42  2144.80 
 2110.37  2088.17  2101.89  2069.92  2116.95  2115.03  2073.24  2074.44  2232.68 
 2048.66  2015.99  2054.18  1981.25  2056.16  2048.77  2045.47  2057.09  2204.75 
 2095.62  2137.34  2111.55  2042.47  2102.40  2113.62  2080.26  2106.04  2245.08 
 2011.61  2068.15  2050.17  1990.35  2027.24  2071.26  2026.64  2031.44  2153.47 
 2095.48  2111.13  2105.55  2062.91  2122.26  2113.96  2090.52  2090.68  2189.88 
 2028.76  2056.44  2053.17  2001.12  2034.98  2006.08  2028.90  2029.63  2186.63 
 2088.29  2122.87  2114.92  2065.32  2077.92  2112.61  2049.17  2068.11  2217.51 
 2069.11  2085.14  2036.99  1989.04  2051.54  2019.40  2039.06  2019.66  2142.13 
 2086.00  2088.91  2091.71  2048.78  2124.31  2078.59  2097.79  2116.12  2227.71 
 2045.61  2017.82  2052.78  2006.80  2071.18  2034.65  2003.41  2076.02  2158.40 
 2097.97  2101.91  2102.41  2049.59  2135.51  2095.50  2093.07  2095.98  2205.50 
 2045.36  2039.38  2050.28  2018.29  2051.66  2013.68  2004.10  2065.41  2154.05 
 2058.76  2075.38  2066.33  2066.91  2081.71  2052.26  2077.28  2134.43  2195.18 
 2064.07  2082.26  2012.06  2016.07  2076.05  2034.82  2026.55  2022.98  2176.32 
 2085.36  2090.75  2097.15  2053.99  2108.55  2078.47  2074.34  2116.75  2193.06 
 2018.92  2032.74  2031.07  2018.63  2076.63  2050.09  2046.92  2011.12  2183.12 
 2074.22  2089.80  2096.93  2058.41  2103.96  2058.43  2075.72  2096.27  2202.40 
 2039.62  2008.40  2057.45  2013.40  2055.51  2007.75  2025.49  2037.84  2158.57 
 2045.59  2125.94  2069.09  2018.03  2075.06  2108.12  2076.68  2097.72  2229.32 
 2027.15  2052.04  2034.04  1985.35  2093.28  1993.93  2015.39  2011.01  2142.43 
 2083.61  2122.19  2070.59  2084.51  2105.83  2076.64  2054.04  2091.55  2151.43 
 2044.11  2062.01  2011.44  2000.64  2060.48  1988.20  2038.57  2045.55  2155.76 
 2088.24  2157.38  2069.88  2052.37  2137.50  2059.61  2094.44  2066.05  2219.19 
 2046.23  2056.77  2013.89  1989.74  2054.12  2029.11  2022.81  2014.40  2141.74 
 2070.01  2127.43  2070.21  2074.24  2081.96  2080.61  2073.97  2072.84  2188.04 
 2023.42  2057.25  2041.01  2038.16  2057.75  2050.16  2008.22  2025.12  2184.73 
 2085.82  2095.92  2108.67  2076.66  2099.23  2069.86  2065.26  2097.89  2213.49 
 2032.29  2075.16  2039.93  1999.40  2054.25  2006.63  2047.80  2014.93  2142.86 
 2092.90  2088.07  2082.94  2054.39  2124.97  2085.50  2053.43  2070.00  2213.08 
 2090.46  2075.11  2039.70  2002.91  2061.33  2032.15  2009.87  2058.18  2111.88 
 2097.39  2102.65  2075.72  2062.57  2156.59  2075.19  2050.36  2112.85  2215.43 
 2073.44  2054.73  2049.35  1971.73  2073.74  2035.58  2021.44  2022.43  2157.45 
 2081.02  2122.75  2081.54  2026.97  2126.72  2087.68  2065.42  2086.11  2219.18 
 2013.93  2051.37  2025.95  2009.46  2068.89  2011.63  2013.24  2043.62  2161.48 
 2039.72  2108.84  2107.08  2031.82  2094.14  2112.46  2080.98  2098.10  2183.23 
 2052.19  2021.80  2022.49  1987.27  2074.08  2016.82  2028.13  2059.26  2159.80 
 2077.44  2096.44  2070.33  2074.66  2153.41  2086.95  2080.54  2094.73  2207.01 
 2005.38  2037.34  2067.21  2013.12  2052.85  2000.45  2018.85  2006.51  2163.92 
 2079.92  2081.74  2074.42  2045.43  2136.10  2074.48  2102.47  2099.95  2207.74 
 2025.06  2056.79  2016.11  1985.27  2085.33  2045.76  2021.37  2036.46  2142.12 
 2081.66  2148.91  2105.66  2036.80  2105.26  2083.47  2084.37  2077.23  2195.58 
 2029.89  2072.19  2021.62  1986.40  2061.27  2052.59  2036.80  2033.30  2141.71 
 2100.55  2109.41  2070.06  2068.60  2102.87  2083.33  2106.99  2089.61  2180.64 
 2044.87  2022.47  2048.26  2008.52  2077.34  2021.34  2022.29  2035.97  2133.46 
 2100.69  2091.48  2075.82  2054.68  2128.31  2103.80  2047.43  2100.18  2223.89 
 2009.31  2005.52  2031.20  1993.01  2114.95  2071.92  2040.23  2037.21  2211.31 
 2068.93  2109.92  2065.59  2045.65  2148.65  2075.60  2089.69  2063.49  2203.14 
 2041.38  2011.96  2048.48  1987.48  2072.03  2047.83  2041.11  2025.67  2192.78 
 2060.31  2117.03  2101.58  2020.07  2082.41  2112.17  2107.13  2095.38  2190.63 
 2048.25  2046.28  2019.15  1990.85  2042.23  2074.00  2018.61  2039.73  2141.07 
 2085.78  2088.49  2096.00  2034.96  2089.86  2066.47  2072.44  2113.31  2204.19 
 2069.36  2042.70  2046.79  2006.44  2043.43  2027.08  2048.50  2042.52  2153.52 
 2071.03  2094.98  2065.83  1997.51  2117.74  2120.17  2068.30  2080.36  2200.72 
 2000.98  2069.48  2050.28  2037.22  2054.35  2051.19  2004.25  2020.62  2176.66 
 2093.05  2110.34  2095.01  2011.39  2151.51  2060.83  2083.83  2122.21  2193.17 
 2033.34  2079.30  2041.22  1996.78  2067.47  2047.68  2024.08  2015.07  2164.80 
 2077.53  2113.18  2081.46  2017.84  2121.92  2105.39  2072.82  2103.04  2199.53 
 2047.13  2048.88  2045.05  2006.85  2082.39  2022.39  2027.20  2078.05  2132.49 
 2100.40  2154.21  2055.36  2042.78  2095.89  2040.01  2090.95  2093.32  2196.23 
 2047.89  2065.74  2051.99  1982.33  2025.71  2040.73  2073.00  2051.93  2155.30 
 2090.71  2071.78  2074.31  2025.03  2101.80  2064.56  2085.16  2098.79  2199.73 
 2020.20  2052.19  2046.98  1972.07  2106.77  2018.14  2026.26  2037.11  2174.34 
 2071.08  2104.46  2102.89  2033.03  2099.03  2065.08  2078.31  2073.28  2194.51 
 2033.95  2036.28  2012.01  1995.67  2022.74  1996.31  2046.46  2001.36  2185.78 
 2042.45  2086.95  2066.97  2044.96  2117.54  2056.91  2086.36  2073.42  2216.97 
 2037.81  2081.94  2030.96  1949.89  2068.89  2032.39  2018.81  2057.41  2152.04 
 2109.55  2089.81  2100.56  2080.45  2104.53  2132.53  2084.80  2099.81  2251.80 
 2036.58  2075.35  2024.86  1994.52  2050.65  2025.00  2036.32  2076.30  2162.05 
 2117.54  2109.54  2107.78  2001.62  2116.03  2068.15  2080.78  2067.87  2213.94 
 2045.53  2022.34  2008.22  2022.90  2055.37  2055.97  2033.39  2051.45  2154.99 
 2029.96  2051.66  1994.15  1987.23  2076.74  2017.14  1995.17  2025.27  2134.03 
 1958.82  1965.99  1949.09  1905.52  2004.71  1955.50  1972.52  1974.15  2083.28 
 1991.14  2038.46  2032.35  1957.46  2039.05  1998.63  1991.81  2031.72  2157.61 
 1935.82  2008.83  1969.04  1940.94  2010.10  1973.73  1967.92  1977.07  2110.00 
 2019.37  2018.39  2041.07  1992.72  2035.10  2036.51  1987.78  2021.46  2135.21 
 1906.02  1968.93  1943.04  1904.28  2020.77  1971.51  1950.44  1979.03  2082.96 
 2090.13  2097.00  2098.29  2005.54  2135.97  2091.68  2058.68  2073.41  2191.07 
 2050.03  2080.89  2064.85  2018.49  2036.73  2042.25  2048.26  2067.82  2170.61 
 2100.79  2109.33  2069.93  2074.58  2093.17  2038.26  2098.49  2076.54  2173.88 
 2011.45  2036.80  2040.69  2003.90  2088.29  2005.31  2014.43  2051.66  2173.00 
 2063.11  2110.66  2041.20  2054.07  2104.48  2091.19  2062.75  2072.63  2193.43 
 2058.41  2079.60  2057.05  2002.75  2019.74  2035.22  2035.27  1993.07  2151.70 
 2069.56  2120.34  2118.66  2042.32  2065.71  2097.03  2056.30  2079.53  2189.79 
 1997.22  2067.22  2036.74  1969.50  2055.76  2029.69  2001.50  2005.24  2109.39 
 2011.35  2050.69  2029.35  2010.21  2081.50  2008.83  1991.41  2009.99  2108.20 
 2025.44  2056.77  2022.85  1983.20  2065.53  2017.26  1995.07  2054.65  2146.81 
 2026.20  2024.51  2034.35  1980.96  2033.08  2018.19  2026.55  1984.61  2121.12 
 1989.06  2041.47  2035.93  1987.19  2046.04  2026.55  2002.43  1972.24  2147.33 
 2009.58  2054.18  2019.41  1983.07  2045.79  2034.66  1994.70  2040.85  2165.51 
 1987.88  2037.96  2032.86  1984.64  2021.20  2020.53  2015.77  2029.51  2155.50 
 2031.15  2041.42  2009.13  1979.60  2049.10  2047.71  2044.61  2010.70  2138.92 
 2014.20  2015.34  2018.56  1984.91  2028.31  2001.22  1990.82  2000.88  2132.11 
 1998.71  2051.01  2040.39  1981.99  2048.90  1987.16  1988.12  2054.16  2164.11 
 2004.79  2029.94  2013.69  1994.08  2041.68  2010.87  1986.43  2031.10  2140.55 
 2000.14  2008.97  2033.01  2000.78  2057.70  2006.66  1994.04  2018.45  2135.04 
 2058.19  2055.96  2030.15  1980.05  2050.26  2049.35  2012.59  2010.56  2137.05 
 1997.82  2023.51  1997.78  1990.31  2059.28  2038.92  2056.28  2035.60  2150.62 
 1980.64  2101.35  2023.47  1993.79  2019.00  2007.88  2016.86  2016.87  2137.31 
 2010.44  2067.15  2028.66  1968.36  2072.89  2032.27  1992.24  2038.76  2137.32 
 1993.44  2006.61  2006.45  1962.04  2006.31  2035.88  2000.53  2037.39  2158.47 
 2005.83  2048.16  2034.61  2007.12  2059.35  2019.34  2026.41  2083.91  2101.39 
 1997.72  2035.97  2012.60  1984.42  2074.21  2006.39  2043.43  2014.06  2145.26 
 2000.13  2044.95  2042.37  1971.05  2039.22  2047.31  2025.14  2053.65  2159.87 
 2031.59  2059.10  2012.48  2005.28  2034.66  2051.77  1992.61  2041.68  2147.20 
 2008.18  2027.08  2019.06  1979.27  2076.54  2021.20  2043.06  2034.39  2152.37 
 2062.39  2062.61  2018.08  2009.02  2065.94  2018.80  2013.36  1997.61  2129.39 
 2034.33  2104.72  2028.95  1964.93  2070.70  2003.47  1992.32  2045.82  2155.56 
 2056.03  2026.07  2049.90  1984.99  2064.79  1988.87  2018.30  2060.41  2178.44 
 2034.89  2049.89  2046.77  1988.63  2028.80  2052.94  2031.39  2041.52  2109.79 
 1991.61  2014.18  2035.65  1994.51  2059.61  2040.81  2036.18  2007.59  2142.34 
 2027.97  2013.08  2043.52  1992.85  2042.07  2043.57  2007.93  2036.69  2145.72 
 2006.62  2051.11  2016.11  1981.13  2034.07  2028.26  2018.88  2025.40  2152.26 
 1991.30  2051.48  2029.36  1993.21  2045.31  2021.04  2071.73  2054.63  2161.25 
 2034.98  2011.06  1996.55  1991.09  2048.78  2037.16  1992.55  2020.96  2108.69 
 2053.81  1996.51  2019.17  1968.09  2054.09  2042.23  2003.10  2002.18  2105.13 
 2068.45  2057.37  1978.48  1997.95  2048.91  2014.80  2022.26  2010.11  2143.62 
 2042.77  2046.03  2016.40  1993.80  2057.58  2036.78  2011.83  2023.04  2138.14 
 2051.42  2072.68  2018.77  1974.73  2044.51  2027.89  1987.16  2033.76  2181.98 
 2029.43  2031.56  2014.89  1978.72  2024.32  1995.86  2001.61  2063.69  2159.84 
 2010.49  2060.91  1999.93  1999.67  2063.72  2039.40  2055.68  2010.88  2146.75 
 2023.84  2047.11  2065.58  1962.54  2078.51  1990.91  2045.63  1994.08  2135.25 
 2016.19  2059.36  1995.90  1965.75  2060.71  2007.60  1956.26  2006.07  2106.28 
 2000.78  1978.60  2013.30  1974.01  2045.38  2019.89  2000.47  2014.16  2135.36 
 2012.50  2049.86  2018.84  1993.77  2045.48  2000.17  1985.65  2008.25  2133.71 
 2044.13  2028.68  2038.31  1959.93  2059.08  1978.96  2000.81  2025.83  2128.10 
 2034.28  2034.27  2027.16  1977.28  2072.78  2012.15  2021.26  1995.46  2128.69 
 2026.43  2026.49  2024.78  1992.15  2055.64  2009.92  2036.78  1977.42  2090.93 
 2001.49  2057.52  2074.71  1988.94  2063.64  2034.00  2046.95  1996.88  2168.39 
 2016.50  2076.33  2059.14  2000.98  2035.49  2026.60  2027.79  2028.86  2124.65 
 2024.25  2019.81  2020.36  1953.46  2074.87  1972.19  2038.34  2017.83  2164.57 
 2029.73  2044.04  2012.51  2002.02  2042.78  2016.64  2014.87  2012.07  2122.31 
 2006.51  2067.67  2052.45  1997.69  2088.61  2006.00  1998.65  2035.09  2170.48 
 1989.25  2056.05  2034.77  1988.00  2074.51  2033.43  2011.77  2032.12  2121.73 
 2002.14  2047.88  2050.72  1982.57  2051.30  2021.78  2005.11  2011.39  2136.62 
 2031.66  2040.13  2025.88  1988.96  2088.21  1987.44  2038.71  2011.76  2137.91 
 2036.57  2008.95  2000.03  1977.65  2022.54  2054.08  1991.12  2009.54  2142.76 
 1991.49  2009.38  2014.30  2002.84  2050.89  2060.70  2024.85  2032.57  2145.97 
 2027.49  2039.92  2025.80  2015.42  2060.47  2018.56  2007.96  2026.23  2170.91 
 2038.46  2042.44  1996.99  1933.85  2063.57  2004.44  1991.12  1997.18  2109.91 
 2030.60  2027.56  2027.81  1991.53  2045.84  2046.42  2039.88  2002.14  2136.57 
 2033.03  2030.09  1992.39  1991.94  2045.91  2027.72  2035.53  2035.21  2152.81 
 1998.07  2044.99  2000.82  1992.42  2052.53  2019.04  2014.17  1994.48  2140.96 
 2007.99  2011.49  1991.60  1960.09  2069.40  2035.45  2002.13  2012.40  2135.18 
 2033.24  2016.24  2046.08  1938.09  2038.32  2013.26  2005.19  2024.80  2131.39 
 2044.54  2045.00  2026.38  1980.45  2055.54  2040.63  2012.45  1983.70  2125.88 
 2035.70  2044.76  2022.19  1981.98  2039.07  2012.44  1991.57  1998.58  2116.40 
 2009.45  2012.25  2007.00  1983.15  2052.72  2036.74  2049.13  1997.98  2169.51 
 2044.12  2068.25  2076.28  1972.99  2025.26  2028.35  2014.98  2009.14  2148.76 
 2010.35  2044.38  1989.65  1964.04  2058.62  2035.47  2021.44  2002.80  2130.83 
 2029.37  2034.30  2037.48  1970.21  2087.68  2047.14  1993.44  2034.98  2103.83 
 2004.50  2010.86  2019.93  1990.01  2061.03  1987.26  2025.24  2018.55  2174.15 
 2008.99  2061.08  2018.99  1956.57  2080.15  2007.81  2033.92  2034.01  2138.68 
 2020.83  1996.99  2011.75  2008.70  2044.83  2027.66  2023.45  2043.97  2119.25 
 2000.48  2062.41  2005.70  2004.00  2052.08  2056.70  2039.83  2058.06  2109.86 
 2010.95  2053.25  2031.55  1970.07  1997.56  2029.52  1985.87  1999.63  2147.01 
 2051.73  1995.78  2042.16  2013.15  2054.71  2033.00  2004.86  2015.66  2135.70 
 2082.78  2072.57  2046.99  1989.94  2073.88  2028.02  2023.95  2055.48  2086.16 
 2032.98  2049.74  2031.99  2014.89  2040.33  2028.46  2020.18  2007.76  2111.68 
 2006.61  2039.12  2050.37  2007.55  2043.52  2007.31  2000.83  2021.69  2121.51 
 2022.45  2031.12  2021.10  1983.97  2050.78  2022.90  1985.56  2022.80  2163.77 
 2015.24  2033.40  2002.46  1977.07  2041.74  2049.94  2021.71  2056.74  2117.26 
 2004.61  2017.00  2022.63  1987.45  2050.89  2014.33  2017.14  2032.53  2118.44 
 1995.22  2020.95  2028.04  1986.37  2068.63  2031.47  1994.89  2030.06  2139.39 
 2028.07  2005.95  1975.68  1964.00  2017.65  2022.60  2061.56  2041.23  2166.75 
 2010.44  2082.74  1983.37  2023.91  2073.55  2028.34  2039.17  2008.97  2156.22 
 2051.53  2008.31  2036.65  2030.91  2030.17  1992.10  1988.60  2045.86  2128.18 
 2038.24  2050.88  2001.22  1977.55  2022.27  2063.38  1998.52  1983.77  2140.04 
 2031.62  2085.06  2041.88  1960.03  2051.74  2032.96  1976.84  1966.46  2164.10 
 2032.35  2036.75  2047.99  1983.61  2067.28  2039.63  2046.26  2050.82  2134.08 
 2017.93  2044.77  2058.04  1972.95  2045.43  2022.43  2005.09  2009.45  2163.14 
 2028.41  2073.27  2037.01  1998.90  2069.39  2024.95  2037.52  2027.28  2131.93 
 2010.40  2044.60  2017.17  2008.09  2077.54  2038.18  2002.84  2034.50  2157.13 
 2016.59  2043.05  2011.13  2002.13  2088.03  2057.62  2039.38  2051.55  2128.53 
 2043.92  2028.06  2019.57  1981.54  2021.02  2039.22  2002.63  2021.94  2156.86 
 2041.98  2067.70  2067.58  1987.47  2027.36  2017.62  2016.56  2021.96  2138.06 
 2002.50  2013.40  2018.75  2006.99  2075.38  2010.06  1982.01  2049.40  2157.09 
 2011.80  2048.59  2035.08  1978.62  2046.94  2046.73  2016.60  2027.85  2119.90 
 1999.52  2021.13  2025.00  1986.44  2045.63  2009.04  2017.64  2027.46  2115.66 
 2011.85  2045.68  2027.81  1962.20  2036.17  2020.63  2028.53  2067.56  2140.61 
 2030.94  2042.56  2003.63  1955.20  2039.91  2035.74  2009.37  2010.40  2144.46 
 2002.99  2036.71  2028.12  1975.91  2066.74  2030.87  2028.97  2057.44  2173.51 
 2010.28  2095.79  2060.03  1967.92  2078.21  1981.42  2033.92  2033.81  2113.54 
 2030.38  2042.91  2069.67  1975.40  2035.47  2026.64  2015.90  2016.00  2083.79 
 2006.53  2040.06  2032.86  2015.92  2032.92  2027.50  2056.81  2021.81  2181.70 
 2004.46  2018.82  2040.58  1990.75  2050.02  2001.77  2007.87  2033.04  2158.36 
 2051.91  2054.53  2025.33  1942.76  2077.41  2003.54  2023.96  2001.11  2172.49 
 2006.55  2057.37  2052.79  1993.72  2046.44  2014.75  2028.31  2018.50  2153.46 
 2031.18  2017.09  2030.60  2019.79  2038.48  2017.53  2024.03  2025.14  2137.19 
 2047.22  2031.89  2035.96  2015.39  2039.69  2025.91  2014.79  2054.47  2152.04 
 2030.98  2066.68  2046.88  2005.79  2018.72  2036.06  2035.57  2059.33  2162.06 
 2031.33  2043.57  2039.69  1991.67  2021.42  2043.44  2028.30  2014.95  2146.83 
 2056.32  2048.22  2035.49  1998.74  2051.24  1995.49  2011.30  2030.53  2115.01 
 2048.47  2047.89  2050.76  2023.82  2049.90  2033.10  2010.93  2053.23  2160.38 
 2054.48  2036.45  2041.31  1976.90  2035.67  2034.39  2016.35  1993.53  2166.63 
 2047.51  2087.45  2019.98  1966.70  2074.04  2061.32  1988.89  2029.98  2102.82 
 2021.90  2045.36  2065.23  1965.42  2039.51  2029.05  1994.78  2054.17  2170.71 
 2003.07  2060.65  2036.71  1988.39  2093.66  2051.79  1989.50  2029.12  2176.04 
 2006.10  2032.26  2052.11  1996.74  2073.69  2022.69  2056.35  2033.63  2114.14 
 2022.56  2055.25  2035.59  1970.13  2050.66  1996.97  2061.18  2011.07  2114.39 
 2057.16  2054.51  2006.86  2012.33  2086.53  1999.33  2003.84  2026.31  2172.85 
 1993.12  2046.68  2034.98  2005.12  2049.02  2041.82  2063.28  2038.81  2147.95 
 2024.65  2035.48  1996.16  1997.29  2059.21  2013.63  2039.14  2016.76  2165.64 
 2035.64  2004.83  2035.73  2001.45  2083.16  2049.85  2035.10  2027.03  2114.38 
 2052.41  2030.31  2049.54  1973.04  2012.01  2041.73  1998.61  2008.06  2141.04 
 2002.43  2046.06  2044.98  1973.00  2058.26  2022.76  2008.22  1986.41  2119.00 
 1993.97  2013.44  2030.48  2004.23  2048.40  2034.12  2041.59  1979.88  2152.02 
 2001.31  2029.08  2053.58  1989.43  2038.50  2022.02  1969.95  2043.26  2109.50 
 2013.60  2029.54  2035.09  1961.86  2092.61  2017.36  2037.94  2020.85  2144.37 
 2000.11  2028.94  2020.97  2011.07  2044.94  2037.42  2002.38  2021.39  2176.64 
 2007.45  2066.44  2024.83  1977.47  2043.51  2011.39  2000.15  2018.74  2143.73 
 2017.79  2025.66  2028.12  1998.79  2034.25  2016.07  1979.22  2061.05  2154.04 
 2046.91  2088.39  2057.74  1978.36  2059.37  2039.89  2002.99  2018.97  2152.78 
 2023.50  2040.29  2049.81  1970.05  2047.17  2007.59  2012.41  2055.27  2103.05 
 1983.07  2051.32  2075.03  2004.53  2040.55  2021.62  2022.37  2026.88  2122.88 
 2018.06  2042.23  2026.65  1933.89  2064.38  1976.12  2002.52  2011.10  2108.58 
 2031.09  2072.44  2045.64  1961.36  2053.40  2015.13  1988.47  2009.70  2158.05 
 2019.38  2030.32  2041.12  2008.77  2024.01  1995.27  1986.75  2011.25  2098.87 
 2010.70  2031.45  2055.06  1972.34  2045.06  2004.87  1990.08  2051.49  2141.13 
 1989.45  2018.37  1994.76  1977.25  2023.22  1977.56  2035.87  2031.54  2106.32 
 1999.58  2049.83  2009.04  1954.84  2039.87  2048.87  2006.70  2027.07  2138.03 
 2041.66  2027.91  2031.86  1981.06  2046.52  2016.81  2011.34  2009.68  2107.98 
 1998.98  2022.44  1983.09  1965.76  2035.89  1995.10  1983.70  1980.99  2102.65 
 2001.69  1973.00  2044.02  1990.36  2042.18  1982.69  2054.62  2001.17  2138.33 
 2016.03  2036.23  2049.30  1978.86  2090.17  2001.17  2055.22  2038.87  2170.39 
 2037.94  2059.96  2026.12  1963.50  2008.38  2033.71  2022.62  2033.96  2129.94 
 2020.76  2035.62  2040.03  1968.19  2057.34  2007.47  2032.39  2047.92  2152.43 
 2014.94  2070.93  2013.93  1979.53  2060.20  2059.11  1998.71  2010.88  2165.82 
 2035.46  2037.48  2015.63  2001.56  2055.62  2027.81  2002.86  2014.14  2106.09 
 1996.27  2029.31  2013.77  2000.71  2037.70  2032.38  1999.46  2011.56  2121.03 
 2009.33  2060.77  2020.44  1964.14  2042.83  2033.36  2001.38  2015.58  2147.62 
 1995.28  2055.04  2027.84  2016.18  2080.15  2006.32  2014.96  2023.37  2115.01 
 2018.74  2069.59  2029.71  1991.11  2073.07  2041.80  2006.57  2057.14  2148.90 
 2000.71  2069.02  2012.37  1995.64  2011.07  2037.80  2009.33  2051.32  2121.39 
 2000.09  2024.64  2067.97  1978.33  2071.64  2063.55  2014.43  2017.42  2164.15 
 2036.27  2007.81  2021.62  1961.53  2071.79  1969.29  2042.89  2023.29  2150.49 
 2028.14  2039.01  2059.64  1964.83  2038.07  2022.90  2027.31  1986.03  2141.44 
 2035.44  2066.34  2021.20  1983.35  2054.24  2016.32  1988.87  2003.87  2174.30 
 2019.19  2059.48  2043.01  1980.94  2074.47  2021.78  2032.43  2044.83  2140.52 
 2039.31  2067.97  2041.65  1992.41  2044.83  2050.09  1990.83  2057.11  2146.79 
 2019.28  2038.33  2047.62  1981.22  2069.18  1997.54  2006.53  2006.71  2170.58 
 2007.30  2036.54  2052.14  1968.01  2035.23  2010.60  2048.77  2041.36  2142.64 
 2024.56  2061.82  2056.26  1950.93  2022.35  2007.39  2003.43  2032.26  2124.12 
 2000.58  2082.21  2041.49  1948.37  2102.99  2061.52  2002.68  2029.44  2117.83 
 2000.93  2008.61  2021.51  1985.72  2084.62  2043.41  2035.96  2035.80  2176.92 
 2010.35  2071.15  2038.01  1981.54  2041.45  2011.92  2022.25  2041.87  2121.98 
 2031.87  1982.86  2030.79  1966.03  2082.80  2036.61  2033.85  1999.56  2144.99 
 1988.96  2054.74  2014.23  2020.03  2083.26  2017.58  2018.78  2009.07  2143.71 
 2023.83  2019.90  2016.42  1983.03  2036.68  2041.90  1998.42  2020.16  2130.72 
 2029.31  2048.40  2058.26  2008.21  2062.95  2053.63  2030.01  2006.29  2150.18 
 2036.66  2048.36  2056.55  2033.14  2048.78  2017.28  1990.85  2040.19  2159.24 
 2001.66  2027.32  2025.71  2008.53  2055.56  2046.00  1976.78  2060.54  2133.64 
 2004.04  2030.62  2013.27  1984.83  2059.43  2062.55  2050.05  2035.22  2119.60 
 2000.09  2008.13  2022.99  1998.02  2070.31  2043.54  1983.85  2019.31  2125.38 
 2014.66  2069.25  2036.65  2025.41  2047.25  2015.88  2040.70  2042.84  2112.72 
 2042.35  2032.33  2043.24  2008.07  2069.07  2054.47  1997.67  2046.72  2104.43 
 2003.68  2052.83  2031.26  1974.46  2001.46  2018.66  2007.86  2044.75  2135.67 
 2010.63  2017.38  2007.20  1995.63  2032.77  1990.65  2007.73  1972.40  2128.82 
 2034.59  2029.26  2035.87  1989.82  2026.41  2068.05  2013.18  2066.60  2159.33 
 2008.16  2021.77  1996.58  1961.84  2073.33  2047.51  2031.25  2012.03  2132.49 
 2061.80  2067.76  2038.36  1995.19  2107.36  1982.09  2039.78  2033.96  2145.00 
 2023.99  2038.86  2041.90  2024.13  2023.29  2000.56  1982.94  2033.88  2121.42 
 2027.04  2073.07  2050.40  1989.11  2088.46  2035.41  2012.38  2002.87  2173.72 
 2012.65  2018.07  1980.50  1945.63  2032.37  2034.47  2045.05  2015.38  2158.24 
 2053.42  2049.40  2036.53  1983.85  2058.63  2045.09  2015.36  2023.58  2130.61 
 2040.97  2019.99  2004.33  1998.22  2057.32  2013.69  2008.81  1988.07  2132.10 
 2032.86  2062.64  2029.30  1987.17  2025.28  1960.94  2014.61  2035.02  2118.89 
 2015.00  2030.27  2051.26  2009.60  2046.69  2045.09  1999.63  2015.86  2107.02 
 2029.10  2003.44  2021.58  1974.83  2056.24  2026.43  2018.01  2021.73  2150.54 
 1995.19  2011.88  2073.36  1961.11  2067.29  2009.69  2026.22  2009.80  2159.36 
 2031.90  2039.33  2059.19  1972.77  2076.56  2024.75  2005.05  2003.39  2167.83 
 2058.30  2031.44  2040.58  1976.59  2039.47  2029.09  2009.20  2038.98  2122.90 
 2034.60  2026.50  2035.53  1991.34  2039.70  2049.24  2025.11  2028.98  2135.76 
 2048.46  2014.74  2021.27  1943.55  2001.78  1991.86  2063.84  2061.09  2143.49 
 1991.96  2054.81  1989.80  1981.24  2032.90  2035.14  2008.62  1976.63  2189.36 
 1999.15  2031.96  1983.47  1965.80  2077.93  2044.03  2024.26  2009.41  2157.79 
 2021.78  2073.02  2023.66  1984.26  2054.54  1977.56  2014.95  2035.72  2156.32 
 2000.40  2034.92  2029.31  1985.19  2052.43  2059.28  2007.22  2010.13  2156.11 
 2030.59  2033.45  1994.38  1968.49  2070.40  2040.92  1995.92  2025.73  2128.57 
 1986.32  2068.45  1978.95  1996.32  2028.34  2057.41  2012.36  2005.40  2163.03 
 2015.16  2039.28  2052.91  1974.74  2069.75  2042.89  1977.59  2054.20  2153.36 
 2046.20  2079.12  1997.47  1965.44  2072.92  2029.80  2010.42  2033.02  2116.97 
 2024.78  2058.69  2016.93  1974.86  2045.44  1991.63  2003.59  2043.84  2181.03 
 2011.80  2042.32  2032.77  1967.38  2027.61  2033.18  1973.43  2027.52  2180.80 
 1988.55  2035.79  2022.45  2014.10  2051.09  2027.95  2031.23  2018.49  2138.87 
 2005.99  2035.10  2033.26  2036.15  2065.71  2056.06  2038.42  2018.46  2128.08 
 1991.63  2041.91  2015.23  1974.99  2056.37  2009.02  1982.30  2035.63  2123.79 
 1988.33  2012.51  2024.94  1959.96  2059.57  2033.63  1976.06  2005.71  2152.30 
 1992.34  2038.57  2002.23  2006.32  2086.27  2002.88  1986.17  2027.61  2112.17 
 1999.34  2052.93  2052.49  1942.37  2045.52  2018.86  1974.72  2038.15  2107.73 
 2036.08  2008.40  2022.62  1978.48  2063.20  1989.30  2018.24  1991.30  2160.15 
 2029.08  2014.25  1985.31  2024.38  2044.56  2048.49  2014.23  2024.94  2115.00 
 2050.64  2060.05  2001.01  1953.84  2069.99  2045.36  1985.80  2070.04  2170.30 
 2033.47  2070.24  2066.90  1971.04  2046.59  2003.74  2019.09  2056.58  2125.22 
 1999.95  2048.81  2018.38  1981.33  2089.30  2066.99  1983.60  1992.89  2113.16 
 1994.41  2032.93  2018.75  1968.76  2080.65  2002.90  2032.35  2071.94  2154.95 
 2005.70  2027.06  2046.10  1963.07  2060.74  2041.97  2010.17  2001.54  2153.35 
 2003.71  2060.56  2017.72  1978.61  2053.56  2047.24  2014.79  2007.83  2167.72 
 2018.94  2024.31  2018.23  1996.36  2071.43  1994.48  2002.40  2024.35  2143.22 
 2024.34  2023.46  2050.49  1981.31  2067.65  2054.41  1986.84  2028.83  2155.15 
 2012.82  2013.88  2041.51  2011.27  2051.96  2031.86  2042.02  2023.48  2113.70 
 2029.19  2075.09  1988.73  2010.05  2065.75  2028.78  2035.48  2031.51  2106.69 
 2027.71  2065.52  2047.20  1979.44  2053.24  2003.01  2025.78  1987.83  2107.43 
 2022.25  2051.39  2048.12  1973.18  2044.14  2053.33  1990.63  2017.00  2113.84 
 2032.88  1992.71  2016.21  2006.94  2048.07  2033.71  2044.65  2011.79  2146.39 
 2018.49  2023.19  2040.85  2000.67  2080.98  2026.15  2052.19  1986.16  2105.20 
 2044.16  2019.43  1990.77  1985.88  2067.70  2008.91  2000.77  2036.55  2122.43 
 2011.73  2020.65  1988.08  1965.81  2044.77  2044.67  2010.20  2002.55  2161.53 
 2020.72  2015.11  2045.17  1987.63  2056.66  2025.73  2003.10  2036.35  2136.78 
 1992.88  2015.05  2054.41  1993.80  2059.85  2051.37  1992.88  2022.55  2146.53 
 2014.04  2045.36  2010.82  2013.24  2064.91  1992.60  1994.07  2026.53  2153.88 
 2025.24  2025.02  1990.17  1999.83  2055.19  2048.92  2042.39  2055.31  2131.57 
 2041.30  2028.64  2034.52  1995.31  2052.91  2018.25  2038.06  2011.62  2113.93 
 2022.95  2006.55  2032.37  2005.63  2080.80  2026.27  2055.03  2051.04  2137.17 
 2047.61  2069.82  2038.87  2004.59  2045.24  2019.08  2068.62  2015.70  2127.91 
 1977.82  2024.93  2020.37  2005.57  2051.81  2030.49  1987.38  2042.44  2133.66 
 2009.08  2027.23  2004.81  1954.31  2048.16  1986.24  2005.97  2057.44  2101.57 
 2036.18  2022.13  2023.90  1964.83  2069.79  2065.26  2014.84  2009.41  2134.36 
 2015.18  2032.19  2027.21  2019.10  2053.27  2022.34  2016.18  1990.19  2121.15 
 2018.81  1987.65  2007.73  1972.19  2038.10  1998.57  2023.70  2030.24  2131.36 
 2009.85  2028.79  2006.82  1986.23  2064.17  2012.37  1995.00  1960.90  2153.61 
 2071.72  2018.43  2025.71  1984.50  2076.23  2019.17  1981.07  2022.36  2140.13 
 1990.73  2081.23  2050.70  2003.12  2035.84  2042.53  2018.63  2032.01  2154.21 
 2040.00  2014.45  2024.71  1972.02  2047.15  2038.20  2040.86  1999.93  2127.49 
 2020.99  2053.91  2016.48  2009.26  2048.46  2038.37  2018.99  1993.96  2145.75 
 2018.24  2037.38  2040.42  2011.89  2041.23  2020.87  2055.00  2070.21  2134.92 
 2042.79  2006.29  2036.74  1952.84  2069.09  2016.98  2058.54  2018.70  2115.94 
 1999.92  2037.60  1977.89  2003.63  2073.31  2024.10  2011.66  2020.02  2104.55 
 2041.61  2036.59  2045.69  1982.19  2085.55  2020.41  2007.83  2042.37  2124.57 
 2039.31  2023.51  2052.06  2011.34  2083.63  2019.20  2005.47  2031.88  2187.83 
 2017.08  2022.09  2042.09  1973.88  2059.54  2006.79  2017.66  2029.23  2142.93 
 1983.46  2049.41  2016.17  2021.59  2065.84  2046.44  2051.29  2029.07  2135.58 
 2021.58  2035.49  2073.22  1998.19  2036.42  1992.86  1989.95  2030.73  2177.81 
 2031.40  2007.70  2065.88  2003.46  2045.79  2002.09  1988.19  2020.44  2131.11 
 2027.89  2072.33  2011.19  1994.19  2073.23  2028.60  2020.53  1998.02  2151.43 
 2004.79  2056.81  1991.70  2019.92  2069.86  2002.24  2065.87  2066.89  2128.35 
 2065.98  2063.59  2023.43  1951.70  2031.87  2020.43  2036.91  2029.85  2131.93 
 2053.99  2048.74  2046.66  1968.51  2012.09  2022.55  1994.64  2001.09  2159.66 
 2049.89  2069.89  2015.85  1984.66  2056.87  2021.96  2017.82  2028.30  2140.57 
 2000.82  2040.29  2030.98  1980.77  2057.38  2024.35  1997.55  1993.19  2154.94 
 2023.75  2045.41  2052.83  1967.91  2051.73  2012.40  2035.62  2040.54  2126.62 
 2038.45  2070.15  2012.96  1995.60  2038.76  2018.36  2022.01  2001.72  2150.48 
 2040.89  2038.27  2020.21  1989.84  2088.41  2020.21  2024.20  2025.19  2108.03 
 1997.46  2028.56  2026.91  1994.58  2051.10  2004.47  2002.36  2011.54  2114.77 
 2036.45  2054.12  2034.27  1995.80  2027.38  2066.90  2017.18  1999.70  2123.86 
 2005.86  2037.18  2023.49  2019.87  2044.60  2022.75  2040.61  2008.45  2155.76 
 1989.94  2012.69  2036.85  1971.76  2058.72  2037.01  1975.29  2031.84  2141.36 
 1985.40  1983.13  2027.26  2021.00  2038.18  1989.41  2019.50  2008.41  2122.12 
 1997.27  2010.87  2018.00  1986.63  2034.35  2008.70  2002.74  2021.14  2104.91 
 2076.34  2011.09  2046.88  1950.67  2021.22  2000.16  2045.54  2022.72  2127.77 
 2006.32  2004.68  2041.79  1950.67  2025.03  2037.46  2014.45  2019.15  2110.11 
 2014.77  2033.44  2046.07  2010.15  2016.15  2025.37  1983.18  1971.12  2124.82 
 2021.76  2040.38  2057.49  1975.97  2034.93  1969.38  2028.17  2022.01  2158.48 
 1997.15  2039.88  2034.89  1991.55  2105.61  2048.76  2057.32  2005.68  2117.72 
 2048.38  2052.23  2062.22  1982.90  2023.26  2073.78  1988.78  2036.89  2165.14 
 1995.43  2045.97  2025.49  1966.55  2034.98  2014.92  2053.64  2060.45  2128.76 
 2015.32  2035.22  2062.50  1972.83  2040.32  2004.00  2038.65  2030.31  2122.82 
 2009.78  2021.07  2050.97  2002.48  2041.96  2026.02  2034.02  2029.00  2135.99 
 2040.52  2048.50  1984.00  1993.28  2013.90  2021.24  2009.16  2024.83  2164.77 
 2029.99  2029.51  2007.18  2003.94  2074.80  2039.78  2016.85  2011.25  2191.29 
 2005.44  2034.36  2019.62  1963.67  2067.74  2033.31  1995.21  2035.37  2159.69 
 1979.94  2060.06  2062.57  2012.58  2035.76  2014.88  2001.47  2032.76  2143.48 
 2030.35  2015.39  2029.12  1978.89  2022.24  1994.47  2019.04  2017.46  2103.89 
 2019.65  2047.19  2029.36  1951.25  2071.99  2023.31  2038.62  2015.40  2166.30 
 2038.05  2059.67  2061.68  2006.26  2061.40  2033.56  2008.12  2031.47  2146.93 
 2030.70  2056.74  2032.79  1998.92  2053.74  2039.32  2047.22  2025.25  2134.61 
 2052.57  2065.29  2040.34  2040.65  2053.39  2022.63  2029.38  2052.35  2139.52 
 1983.56  2058.74  2045.33  1981.58  2049.16  2033.95  2024.72  2056.74  2150.46 
 2055.96  2060.29  2047.19  2013.91  2078.70  2031.39  2019.75  2020.02  2107.17 
 2008.98  2062.34  2009.24  1996.12  2070.86  1988.81  2035.46  2037.25  2154.72 
 2067.49  2051.61  2044.99  2004.16  2051.09  2023.01  2011.44  2011.19  2161.41 
 2023.06  2025.44  2014.87  1973.60  2058.47  2040.10  1994.84  2021.45  2133.51 
 2007.19  2044.13  2052.06  1984.09  2071.72  2034.80  2008.24  2033.29  2168.39 
 2012.50  2044.51  1995.76  1972.49  2048.20  2009.27  2028.35  2012.76  2125.15 
 1995.02  2062.96  2024.87  1959.62  2059.47  2046.33  2038.24  2012.58  2148.22 
 1997.64  2044.06  2043.21  1989.99  2053.30  2004.80  1992.59  1975.84  2133.32 
 2027.60  2040.74  2023.97  1977.98  2046.82  2038.76  2023.88  2047.61  2145.59 
 2001.49  2064.34  2022.31  2016.97  2045.56  2055.01  2021.09  2037.46  2148.98 
 1976.63  2026.79  2050.32  1987.53  2052.29  2024.95  2020.38  2019.49  2160.83 
 2009.93  2013.01  2007.70  1970.89  2027.89  2008.98  2028.88  2006.82  2145.85 
 2031.76  2059.13  2065.49  1978.12  2074.96  2013.98  1996.67  2017.05  2144.56 
 1980.95  2048.31  2056.49  1991.78  2034.87  2029.42  2008.07  2019.17  2169.32 
 2055.91  2062.12  2055.40  2004.69  2066.81  2019.61  1987.96  2038.79  2176.95 
 2069.02  2025.16  2000.87  1952.71  2052.90  2034.74  2021.64  2021.66  2121.64 
 2009.31  2100.21  1979.70  1999.05  2028.83  2032.97  2039.53  2030.25  2129.99 
 1982.35  2017.33  2044.63  2003.45  2056.83  2025.93  2043.66  2011.47  2184.78 
 2009.99  2029.33  2034.64  1996.65  2066.72  2075.11  1989.11  2035.87  2105.27 
 2043.00  2063.24  2012.77  1962.47  2049.77  2035.35  1989.61  2014.33  2129.86 
 1996.45  2027.57  2071.92  2018.35  2092.20  2028.10  2010.14  2020.57  2170.74 
 2028.50  2047.74  2027.28  2002.16  2065.39  2005.40  2006.30  2026.90  2184.20 
 2001.92  2050.01  2028.09  1965.79  2088.77  2024.30  1982.50  2017.94  2207.60 
 2002.54  2030.42  2028.88  1952.12  2022.31  2035.33  1988.48  2046.13  2109.58 
 1999.07  2008.36  2037.38  1979.82  2059.53  2022.68  2016.03  2045.37  2138.66 
 2047.69  2052.56  2060.96  1978.35  2059.52  2050.11  2000.00  2028.41  2127.83 
 2048.64  2029.11  2027.29  2016.89  2043.61  2038.23  2021.02  2023.52  2123.25 
 2017.73  2078.73  2027.73  1994.04  2016.86  2016.92  2044.40  2044.55  2135.89 
 2040.30  2035.54  2055.54  1983.56  2057.64  2039.04  1973.17  2009.24  2159.54 
 2047.31  2063.39  2000.70  2010.52  2064.39  2017.45  2068.92  2059.95  2115.02 
 1996.56  2035.03  2008.93  1990.34  2072.54  2030.48  2030.20  2034.80  2167.09 
 2023.47  2049.20  2013.95  1968.40  2064.83  2047.19  2044.55  1994.78  2160.49 
 2076.72  2029.51  2044.27  2015.84  2070.53  2041.22  2025.88  2031.96  2119.76 
 2042.36  2053.21  2011.37  1949.29  2053.15  2013.30  2030.84  2025.52  2113.95 
 2074.01  2032.48  1997.41  1985.76  2035.57  2060.66  2053.34  2029.20  2168.20 
 2024.45  2041.84  2004.03  1986.33  2032.03  2036.57  2034.20  2050.32  2133.46 
 2020.98  2026.58  2045.87  2001.53  2064.85  2024.21  2001.64  2008.81  2123.75 
 1995.02  2002.91  2029.25  1955.42  2053.05  2031.41  2031.56  2007.00  2091.34 
 2001.30  2002.23  2012.82  1965.64  2042.46  1990.79  2021.26  2020.97  2119.78 
 2050.42  2047.86  2002.59  1983.71  2018.77  2029.06  1979.22  2033.57  2129.58 
 2039.44  2036.81  1991.63  1998.23  2063.54  2020.17  1979.93  2011.37  2133.40 
 1999.82  2017.07  2036.71  2007.49  2037.46  1996.34  2039.44  2000.51  2150.06 
 2012.92  1988.26  2021.28  1974.53  2048.87  2029.31  2023.67  1998.34  2146.38 
 2020.93  2053.41  2027.10  1976.00  2062.98  2068.51  1996.24  2011.97  2111.49 
 2090.41  2055.94  2078.43  1985.64  2039.12  1985.96  2070.18  2050.52  2132.66 
 2018.73  2063.11  2040.12  2008.36  2046.36  1999.58  2029.71  2023.52  2157.11 
 2034.08  2026.37  1989.88  1995.40  2064.61  2026.36  2046.06  2042.15  2169.99 
 2005.63  2023.54  2002.82  1980.75  2062.96  1995.22  2020.19  2004.35  2171.12 
 1995.98  2013.93  1984.99  2000.15  2052.37  2031.39  1994.07  1976.68  2117.03 
 2016.92  2067.77  2010.38  2006.54  2090.34  2004.29  2016.54  2036.97  2141.71 
 2036.73  2028.12  2023.05  1960.20  2064.19  2038.84  2039.11  1993.34  2092.03 
 2026.33  2058.64  2021.79  2008.75  2014.10  2011.29  2030.86  2039.83  2153.50 
 2043.28  2025.21  2034.47  1968.76  2057.33  2018.21  1992.62  2002.10  2162.98 
 2036.11  2034.20  2058.16  1983.93  2101.49  2066.54  2021.34  2022.01  2157.50 
 2045.73  2008.93  2028.35  1995.94  2023.03  2015.03  2002.63  2040.93  2187.81 
 2019.68  2044.57  2022.95  1987.99  2045.71  2054.09  2042.08  1988.01  2170.07 
 2027.43  2047.75  2030.45  2032.06  2048.04  2041.79  2014.95  2031.69  2170.43 
 2043.56  2006.98  2014.64  2012.92  2026.62  2035.96  1978.40  1995.80  2154.77 
 2046.12  2027.19  2022.86  1983.74  2074.62  1999.67  2009.92  2024.82  2154.05 
 2022.87  2060.32  2058.00  1978.50  2074.80  2053.45  2004.35  2048.54  2130.95 
 2019.88  2062.31  2053.69  1970.40  2088.84  2052.61  2053.57  2010.70  2152.98 
 2010.05  2046.40  2039.11  2029.01  2105.11  2032.10  2026.77  2077.41  2155.26 
 2008.35  2045.71  2020.14  1951.97  2061.48  1989.85  2031.53  2041.15  2134.07 
 1991.26  2057.21  2021.96  2000.83  2042.21  2030.36  2037.42  2051.77  2141.48 
 1993.71  2090.55  2016.95  1974.22  2038.54  1974.77  2008.61  2030.76  2168.00 
 2031.43  2044.76  2001.50  2009.29  2054.86  1995.49  1998.89  2061.48  2160.60 
 1980.66  2063.65  2011.14  1996.77  2064.40  2025.04  2023.61  2029.34  2128.52 
 2007.92  1999.41  2012.34  2011.30  2043.06  2031.13  2016.63  2032.46  2116.04 
 2007.17  2077.09  2043.30  2022.21  2061.20  1996.82  1989.42  2055.36  2144.36 
 1975.02  2049.43  2036.16  1987.78  2075.44  2015.71  2045.44  2025.80  2140.10 
 1969.39  2040.13  2012.90  1952.96  2058.77  2000.99  2013.03  2060.51  2127.55 
 2028.60  2005.69  2036.75  1951.02  2034.48  1986.97  2018.89  2039.57  2137.12 
 2029.76  2028.96  2057.85  1959.55  2042.30  2052.16  2027.47  2016.76  2149.93 
 1985.90  2021.18  2030.42  2005.48  2048.22  2024.40  2063.77  2024.60  2118.46 
 2043.33  2011.12  2013.10  1973.76  2037.65  2030.00  1986.44  2050.45  2126.41 
 2024.38  2040.77  2005.48  1972.90  2063.35  2007.01  2020.03  2006.90  2169.90 
 2041.13  2049.00  2055.11  1976.38  2036.02  2019.38  2000.69  2074.56  2127.74 
 2029.85  2030.07  2009.27  1986.71  2076.70  2013.45  2004.42  2050.52  2119.60 
 2029.55  2010.84  2058.82  1978.79  2052.95  2050.44  2015.74  2024.75  2141.00 
 2002.93  2052.25  2013.31  1993.31  2021.38  2012.72  2008.71  2030.99  2143.33 
 2009.90  2074.36  2026.95  1992.87  2051.57  2021.97  2002.32  2062.93  2179.77 
 2049.35  2026.76  2034.95  1964.97  2055.15  2051.72  1993.76  2052.85  2128.58 
 2032.75  2063.26  1995.33  1989.24  2062.80  2038.94  2012.92  2022.47  2166.04 
 2021.64  2020.13  2013.61  1993.32  2042.09  1986.72  2004.66  2011.68  2142.09 
 2019.51  2049.85  2002.21  1996.18  2060.08  2008.36  2003.39  2014.27  2094.82 
 2012.00  2029.71  2043.26  2021.05  2043.18  2061.02  2031.97  2035.05  2117.08 
 2046.98  2040.68  2011.25  1992.01  2071.25  1985.77  2039.79  2067.09  2126.58 
 2022.38  2041.72  2030.29  1974.98  2028.39  2008.51  2025.33  2001.61  2111.67 
 2017.75  2015.35  1992.19  1972.91  2018.16  1993.24  2042.16  2039.57  2140.66 
 2023.89  2047.09  2049.39  1990.24  2063.23  2029.09  2036.18  2032.64  2125.73 
 2029.95  2000.05  2040.43  1990.76  2039.73  2049.26  1990.20  2041.89  2136.58 
 2026.45  2021.46  2031.38  1945.27  2033.90  2041.48  2025.26  2062.24  2103.68 
 2020.02  2043.73  2043.34  1974.70  2064.62  2056.44  2016.37  2045.02  2146.25 
 2014.65  2053.06  2034.13  2022.05  2081.30  2030.84  2012.20  2030.86  2146.31 
 2019.89  2025.44  2065.95  1967.17  2060.98  2024.61  2033.21  2029.50  2177.26 
 1998.62  2000.29  2054.45  1946.55  2056.26  2008.03  2008.80  2006.36  2144.20 
 2024.66  2050.18  1992.75  1982.36  2010.20  1989.02  2010.70  2032.41  2122.41 
 2064.99  2044.88  2015.97  1983.75  2029.06  2045.00  2037.12  2005.91  2156.13 
 2023.39  2043.29  2018.13  1979.88  2077.77  2020.72  2005.93  2029.01  2103.34 
 2035.75  2007.42  2049.88  1961.69  2046.47  2014.75  2003.54  2017.78  2133.14 
 2040.87  2031.31  2009.84  2015.04  2084.87  2038.51  2036.22  2071.54  2130.94 
 2016.37  2073.95  2042.14  1988.67  2061.72  2025.31  2029.45  2052.58  2142.93 
 1999.11  2033.00  2077.02  2000.04  2040.36  2036.11  2007.11  2026.86  2176.73 
 2009.75  2090.14  2013.00  2003.73  2071.31  2016.87  2021.67  2040.23  2135.11 
 2066.49  2035.88  2042.65  1976.76  2049.50  2044.40  2001.00  2020.38  2103.69 
 2017.44  1999.82  2040.92  1993.00  2097.11  2017.63  2026.81  2066.57  2158.14 
 2006.09  2048.31  1995.09  1967.02  2053.57  2015.08  2015.53  2036.34  2136.42 
 2012.30  2021.59  2007.16  1998.25  2076.80  1967.40  1998.22  2011.16  2139.06 
 2031.31  2056.51  2020.55  1953.11  2045.31  1998.67  2018.98  2045.10  2113.37 
 1983.40  2076.43  2015.95  1974.89  2043.21  2050.19  1993.96  2021.82  2133.92 
 2011.50  2019.96  1994.90  1994.73  2034.94  2037.08  1997.00  2027.68  2158.14 
 2016.79  2039.98  2050.11  1950.23  2041.70  2008.45  2050.01  2034.92  2119.57 
 2032.62  2062.79  2038.52  2014.79  2022.66  2019.30  2040.71  2025.20  2131.99 
 2023.25  2059.11  2027.30  2018.62  2035.93  2020.87  2007.99  2015.36  2113.22 
 2023.40  2015.80  2045.74  2018.79  2058.12  2036.51  2006.63  2048.85  2108.73 
 2020.17  2017.20  2039.07  1977.96  2061.61  2047.35  2024.04  2016.31  2164.71 
 2048.15  2043.17  2076.10  1982.47  2021.34  2018.57  1998.76  2042.55  2123.40 
 2012.69  2056.48  2022.95  2007.04  2038.30  2051.24  2037.84  2023.52  2112.90 
 2054.47  2062.84  2034.67  1985.78  2055.48  2044.58  2076.97  2030.62  2144.16 
 2043.43  2048.13  2012.21  1974.24  2021.77  2035.19  2032.19  1993.17  2129.58 
 2037.30  2051.19  2021.85  1977.91  2053.16  1993.70  2040.64  2013.59  2142.33 
 2032.85  2008.25  1999.96  1964.72  2046.91  2049.20  2000.16  1989.36  2143.84 
 2016.38  2037.34  2057.73  2004.54  2041.62  2015.71  2035.18  2032.88  2138.29 
 2019.20  2030.13  2015.83  1963.67  2047.51  1966.13  2056.08  2047.23  2137.32 
 2020.22  2054.81  2037.11  1958.45  2060.38  1992.87  2023.63  2054.67  2153.94 
 2012.38  2065.76  2032.58  1950.94  2067.46  2003.78  2011.45  2050.49  2153.10 
 2037.55  2047.75  1998.25  2010.15  2069.42  2045.16  2023.25  2028.49  2133.80 
 2017.87  2050.89  2030.23  1990.22  2032.16  2032.79  2011.67  2045.07  2113.82 
 2052.28  2058.94  2025.59  1988.68  2018.36  2038.97  2007.67  2013.56  2175.06 
 1995.28  2081.71  2032.73  1980.22  2087.37  2010.54  2008.84  2038.58  2119.92 
 1999.92  2034.40  2003.12  2025.93  2010.29  2039.28  2019.42  2019.74  2139.88 
 2038.09  2059.41  2004.01  2025.65  2041.27  2066.43  2013.19  2044.10  2121.42 
 2027.88  2004.62  1975.20  1948.79  2069.64  2044.81  2014.59  1981.99  2147.47 
 2035.64  2065.56  2043.30  2009.08  2086.63  2019.43  2053.86  2032.87  2135.64 
 2004.88  1982.64  2033.76  1982.00  2042.38  2017.22  1999.84  2019.28  2148.16 
 2015.29  2061.88  2042.04  1977.00  2031.18  2021.43  2012.14  2041.08  2143.48 
 2021.38  2038.90  2029.58  1973.96  2088.95  2008.15  2002.69  2030.91  2091.82 
 2026.16  2053.49  2029.14  2017.06  2033.14  2004.60  2033.85  2030.93  2136.73 
 2000.10  2031.68  2000.73  1954.38  2053.41  2027.38  2001.34  2024.71  2147.06 
 1995.03  2050.09  2015.18  1971.17  2000.04  2003.92  1997.83  2039.42  2158.25 
 2036.46  2042.39  2011.91  1986.36  2042.19  2030.94  2030.63  1989.14  2159.56 
 2029.09  2066.38  2041.00  1968.66  2089.04  2025.66  2034.92  2042.74  2156.53 
 2017.62  2022.84  2053.50  2011.14  2024.62  2023.28  2009.07  2000.82  2168.69 
 2028.38  2045.09  2026.02  2004.88  2090.85  1997.09  2037.01  2025.42  2167.50 
 2027.37  2057.05  2013.95  1972.11  2064.88  2032.62  1970.44  1976.38  2120.79 
 1993.23  2029.82  2084.03  2006.33  2097.96  2026.49  2003.64  2025.84  2121.99 
 2018.70  2057.61  2019.75  1973.08  2042.73  1994.83  1997.00  2027.69  2155.31 
 2022.99  2037.37  2028.19  1994.55  2056.74  1999.44  2035.80  1995.85  2155.89 
 2010.32  2028.42  2054.57  1990.39  2093.46  1996.01  2033.55  2029.08  2169.56 
 2040.97  2062.59  2067.29  1978.31  2087.96  2033.26  2009.65  2077.46  2158.96 
 2006.78  1998.06  2020.26  1974.11  2024.00  2053.42  2015.00  2013.93  2155.41 
 1968.25  2056.01  2021.16  1963.38  2056.19  2017.89  1987.20  2004.69  2170.32 
 2012.87  2056.54  2049.64  1971.23  2047.70  2030.21  2036.77  2049.27  2196.34 
 2014.97  2059.13  2020.35  1978.02  2053.10  2009.48  2015.94  2039.10  2121.89 
 2039.30  2044.92  2013.20  1977.35  2020.44  2018.42  2029.64  2019.89  2155.51 
 2006.32  2031.96  2061.67  1963.90  2018.30  2045.47  2070.04  2010.44  2176.40 
 1984.52  2046.09  2044.13  1983.62  2082.98  2014.57  2039.83  1997.16  2143.78 
 2035.73  2037.43  2013.59  1974.55  2091.01  2031.77  2026.41  2030.04  2150.27 
 2025.59  2079.28  2004.59  1951.81  2042.86  1993.23  1986.77  2001.65  2133.26 
 2013.07  2020.89  2028.93  1976.03  2030.80  2032.93  2039.46  2054.40  2100.84 
 2017.51  2066.83  2012.62  2010.92  2032.00  2046.90  2012.01  1998.33  2154.99 
 1995.64  2058.84  2026.14  1982.09  2014.69  2008.58  2030.53  2036.14  2120.59 
 2008.56  2033.63  2027.04  1996.94  2042.65  2046.86  2021.39  2007.02  2156.63 
 2032.10  2055.45  2004.35  1982.39  2040.89  2018.75  2016.16  2013.82  2135.72 
 1971.75  2061.64  2032.42  1999.16  2030.13  2003.30  2016.44  2000.81  2158.29 
 1994.95  2025.33  2018.39  1993.11  2057.94  2035.09  2017.73  2031.31  2108.39 
 2023.13  2050.82  2046.56  1992.47  2063.15  2034.81  2028.99  2023.24  2092.33 
 2023.12  2049.84  2055.01  1971.43  2052.31  2012.48  2002.09  2042.06  2101.42 
 2067.58  2027.88  2060.72  1968.33  2068.33  2029.31  2053.33  2001.12  2133.94 
 2037.57  2017.35  2010.88  2004.66  2023.38  2048.08  2058.26  2030.27  2126.32 
 2047.93  2043.28  2042.66  2001.06  2016.86  2040.22  1989.38  1986.34  2126.44 
 2023.27  2021.34  2017.00  2011.82  2061.62  1989.92  2005.09  2048.88  2148.12 
 2014.76  2033.77  2006.35  1987.79  2080.89  2010.48  1999.34  2015.74  2148.24 
 1994.80  2009.88  2049.31  1967.50  2054.32  2015.44  2024.14  2045.13  2131.32 
 1999.35  2078.68  2027.35  1998.90  2060.60  2034.11  2051.45  2048.13  2114.70 
 2021.81  2026.30  2012.02  1958.03  2035.05  2046.06  1987.91  2005.61  2145.32 
 2019.60  2033.71  2026.89  1944.56  2067.23  2000.82  1999.56  2053.13  2127.86 
 2005.14  2039.50  2039.17  2047.03  2029.90  2008.14  2050.05  2013.77  2160.93 
 2012.07  2044.32  2031.76  1973.57  2071.28  2029.15  1983.35  2062.22  2131.79 
 2010.14  1967.88  2041.76  1969.68  2022.31  2063.00  2039.05  2049.43  2117.01 
 2010.81  2023.30  2041.10  1979.53  2050.21  2012.12  1976.52  2016.52  2146.85 
 1997.73  2025.10  2074.53  1951.35  2042.72  2033.45  2050.73  2055.06  2150.68 
 2019.44  2075.42  2026.02  1972.36  2080.72  1979.79  2023.69  2005.80  2122.36 
 2024.81  2058.93  1997.46  1993.52  2023.89  2008.55  1999.23  2004.76  2146.22 
 2037.80  2055.05  2060.91  1964.15  2077.61  2024.91  2003.34  2003.49  2138.50 
 2026.66  2049.33  2022.71  1975.49  2026.24  2047.95  1996.59  2033.17  2139.30 
 2016.40  2008.71  2011.34  2002.71  2030.27  2010.97  2020.24  2012.40  2116.03 
 2040.18  1987.18  2025.99  1980.30  2037.27  2013.19  2041.16  2027.90  2113.13 
 1995.36  2031.93  2028.53  2008.27  2029.50  2039.03  2041.12  2041.04  2142.05 
 1996.22  2077.51  2016.93  1986.30  2070.25  2067.36  2017.02  2018.76  2125.38 
 2017.78  2035.97  2041.36  1992.93  2039.52  2025.11  2004.59  2031.62  2118.01 
 2018.95  2048.48  2039.54  1953.01  2023.48  2049.89  2021.03  2035.67  2185.06 
 2012.54  2033.22  2021.08  1969.74  2067.83  2022.32  2036.44  1984.79  2113.99 
 1998.15  2041.20  2035.59  2005.34  2032.06  2007.22  2030.88  2016.77  2165.62 
 2033.87  2036.91  2055.56  1996.17  2022.47  1997.25  2052.50  2025.46  2149.73 
 2054.50  2021.20  2014.48  1963.41  2070.83  2001.75  2017.48  2038.96  2107.84 
 2045.12  2079.34  2041.94  1968.99  2049.66  2031.64  2059.92  2076.99  2130.76 
 2007.66  2021.73  2024.85  1981.30  2046.29  2020.30  2019.29  2000.95  2147.72 
 2004.10  2055.12  2045.79  1996.35  2011.12  2013.69  2011.33  2018.11  2172.85 
 2033.36  2051.22  2009.62  1985.85  2070.70  2000.41  2002.17  2018.90  2137.92 
 2033.27  2062.99  2028.61  2005.44  2039.99  2061.63  2008.02  1992.61  2154.93 
 2008.72  2035.78  2048.84  1991.62  2078.37  2048.43  2060.61  2020.62  2136.20 
 2004.37  2022.43  2037.42  1987.25  2033.32  2024.90  2019.85  2043.26  2147.94 
 2018.36  2065.32  2027.41  1966.14  2023.94  2026.72  2037.48  2017.38  2091.57 
 2043.15  2021.84  2031.10  1999.14  2099.89  1997.38  2038.37  2021.82  2170.48 
 2020.09  2019.44  2041.08  2004.41  2059.32  1993.20  2000.93  2006.82  2127.54 
 2014.83  2044.44  1991.33  1969.18  2060.52  1996.98  2022.96  1990.13  2148.09 
 2014.83  2063.83  2057.44  1988.02  2044.02  2030.44  2024.51  2017.68  2136.55 
 2050.61  2039.83  2037.67  2032.01  2049.99  2028.19  2039.99  2048.72  2165.29 
 2024.38  2028.72  2004.01  1993.75  2062.94  2012.58  2014.80  2035.75  2141.76 
 1973.69  2052.60  2024.90  1959.43  2047.12  2005.93  1992.31  2011.22  2144.24 
 2035.03  2030.80  2021.77  1984.96  2083.84  2064.36  2029.30  2009.52  2124.24 
 2062.34  2042.31  2034.50  1972.19  2036.19  2005.55  2044.15  2016.62  2144.79 
 2009.71  2056.68  2023.19  1987.43  2086.38  2025.82  2021.13  2058.04  2125.59 
 2008.68  2037.02  2047.28  2006.49  2024.14  2004.01  2023.15  2012.36  2139.46 
 2047.93  2025.23  2004.23  1942.45  2003.20  1993.20  2002.72  1988.18  2111.34 
 1975.71  2025.09  2023.69  1937.62  2016.21  2048.80  1993.57  2002.64  2152.77 
 2006.89  2041.13  2036.20  1992.91  2037.95  2035.54  1970.91  1993.57  2151.19 
 2000.10  2013.06  2021.36  2006.84  2067.09  2024.10  2008.88  2015.92  2155.59 
 1998.22  2053.27  2001.77  1983.36  2055.31  1997.88  1998.55  2027.68  2137.25 
 2036.37  2058.31  2033.15  1966.59  2035.56  2000.91  2010.78  2005.17  2175.45 
 2030.82  2092.90  2009.12  1978.70  2051.75  2015.02  2030.85  2013.91  2174.42 
 1982.42  2041.54  2017.62  1977.67  2070.37  2015.17  2008.22  2054.41  2120.36 
 2061.89  2030.49  2034.79  1978.35  2026.70  1990.87  2018.27  2028.30  2138.14 
 2040.35  2029.57  2047.20  1991.14  2086.67  2039.67  2032.49  2022.51  2114.40 
 2057.66  2031.47  1997.00  1994.31  2028.37  2045.03  1998.36  2041.32  2158.01 
 2013.75  2028.26  2018.65  1999.58  2037.42  2017.56  2012.42  2034.34  2144.68 
 2056.57  2029.04  1984.19  1985.87  2017.53  1984.52  2020.32  2003.57  2155.42 
 2033.20  2043.22  2008.92  1975.32  2084.47  2030.05  2015.72  2006.06  2132.55 
