 2130.73  2064.93  2159.89  2107.70  2112.61  2160.34  2097.71  2127.69  2238.71 
 2106.32  2042.84  2117.79  2088.22  2028.39  2114.41  2030.64  2063.94  2210.50 
 2111.37  2101.48  2210.55  2136.32  2088.52  2114.43  2090.70  2094.52  2210.75 
 2066.59  2030.16  2071.53  2100.09  2055.71  2065.12  2039.42  2063.68  2201.66 
 2110.95  2068.81  2150.78  2134.94  2086.82  2145.74  2113.24  2097.36  2235.83 
 2060.11  1995.75  2120.14  2059.72  2086.00  2124.15  2068.31  2076.13  2194.01 
 2094.88  2108.06  2170.27  2108.90  2100.09  2196.27  2118.30  2116.04  2246.18 
 2063.60  2059.13  2120.36  2076.34  2038.00  2095.78  2065.13  2067.38  2197.31 
 2120.61  2079.56  2178.42  2118.94  2130.24  2158.39  2123.01  2134.24  2267.36 
 2074.09  2046.04  2117.28  2071.59  2048.70  2121.17  2053.39  2087.39  2219.84 
 2151.22  2087.31  2159.14  2137.55  2104.85  2145.48  2128.70  2164.72  2215.03 
 2077.81  2046.14  2110.39  2102.74  2030.41  2061.39  2050.24  2079.69  2190.42 
 2147.81  2096.93  2179.17  2103.42  2090.60  2120.06  2104.46  2116.16  2238.66 
 2084.95  2034.94  2120.36  2079.62  2072.36  2093.17  2057.86  2064.06  2191.22 
 2140.18  2086.15  2183.26  2114.57  2067.20  2141.00  2103.99  2135.33  2214.56 
 2068.95  2024.13  2103.74  2053.58  2021.44  2131.29  2039.54  2090.70  2232.54 
 2102.16  2108.87  2203.39  2146.56  2089.88  2170.42  2098.84  2085.89  2223.31 
 2106.23  2027.88  2102.53  2074.44  2044.55  2136.20  2067.64  2076.74  2146.42 
 2117.56  2063.42  2141.10  2177.41  2099.49  2198.64  2117.67  2156.97  2236.74 
 2101.88  2049.70  2104.79  2069.43  2065.24  2100.56  2021.39  2072.44  2197.77 
 2119.97  2120.42  2180.23  2128.33  2130.61  2149.91  2142.64  2102.10  2264.47 
 2101.81  2057.29  2112.89  2103.03  2058.97  2068.46  2056.10  2063.55  2224.41 
 2132.11  2076.28  2158.41  2130.05  2115.13  2153.97  2107.66  2111.19  2256.58 
 2054.62  2057.68  2116.67  2095.90  2078.64  2138.71  2104.67  2073.11  2175.67 
 2134.94  2080.34  2133.81  2135.54  2064.24  2159.22  2102.49  2083.07  2248.88 
 2066.51  2086.18  2119.87  2066.07  2054.85  2118.21  2080.96  2059.86  2236.06 
 2130.22  2097.81  2176.92  2145.18  2112.90  2180.03  2155.85  2126.80  2269.16 
 2064.37  2061.73  2090.63  2070.12  2018.98  2081.56  2060.54  2088.28  2192.83 
 2117.04  2108.15  2132.55  2136.26  2114.16  2149.59  2144.14  2165.49  2241.18 
 2132.06  2047.01  2098.67  2089.41  2049.80  2122.51  2073.25  2088.92  2179.08 
 2105.36  2078.34  2183.68  2161.33  2096.02  2140.66  2098.36  2129.88  2199.41 
 2059.32  2020.72  2133.57  2092.11  2040.95  2094.73  2063.99  2093.74  2173.89 
 2118.53  2088.30  2167.15  2127.55  2084.78  2162.27  2105.18  2106.61  2268.11 
 2111.78  2022.88  2139.03  2112.32  2058.99  2110.62  2084.69  2132.96  2219.86 
 2094.59  2070.83  2149.03  2117.18  2125.35  2139.62  2075.13  2157.25  2278.77 
 2066.42  2047.16  2105.50  2073.44  2041.99  2085.93  2053.77  2082.91  2196.36 
 2132.81  2096.16  2167.32  2160.46  2142.80  2161.91  2096.06  2154.36  2248.55 
 2066.83  2054.44  2105.62  2050.11  2044.39  2150.00  2042.29  2074.73  2240.61 
 2116.83  2056.33  2154.14  2151.40  2134.36  2125.22  2090.42  2129.34  2276.12 
 2074.84  2023.92  2124.83  2039.55  2009.66  2104.52  2103.27  2078.15  2171.73 
 2123.35  2110.78  2160.77  2125.83  2137.15  2162.18  2096.50  2119.12  2236.82 
 2113.74  2045.16  2105.48  2098.26  2035.71  2110.53  2074.40  2063.86  2152.88 
 2122.78  2107.67  2180.87  2134.24  2130.32  2175.49  2083.09  2126.99  2271.19 
 2087.62  2044.80  2096.11  2095.97  2022.63  2105.45  2098.85  2039.95  2184.28 
 2144.57  2111.27  2150.79  2097.66  2099.47  2168.47  2081.92  2147.73  2265.92 
 2074.45  2055.72  2124.73  2084.68  2053.57  2095.49  2053.45  2071.07  2201.24 
 2123.10  2125.97  2212.87  2140.09  2085.26  2161.71  2127.38  2136.38  2249.02 
 2070.49  2059.82  2099.35  2089.46  2033.26  2113.81  2074.53  2097.42  2207.73 
 2141.68  2093.88  2172.35  2111.95  2105.57  2168.39  2092.12  2121.94  2267.47 
 2109.76  2055.66  2158.28  2100.46  2060.61  2115.98  2049.17  2054.39  2193.09 
 2119.79  2100.30  2167.61  2162.29  2080.79  2194.62  2140.56  2112.07  2223.55 
 2100.99  2037.83  2151.26  2115.45  2050.95  2053.14  2091.55  2043.83  2197.71 
 2159.51  2105.65  2142.75  2136.15  2094.48  2152.57  2122.71  2115.22  2243.91 
 2054.77  2052.34  2108.67  2081.31  2096.60  2089.14  2040.01  2113.41  2193.80 
 2135.17  2074.08  2142.32  2096.41  2140.22  2169.92  2113.54  2157.21  2246.85 
 2091.43  2019.20  2103.48  2086.14  2050.57  2116.92  2037.66  2062.98  2191.78 
 2128.92  2118.70  2171.77  2104.94  2125.75  2129.24  2168.66  2121.01  2216.33 
 2099.83  2048.23  2132.21  2066.05  2066.17  2162.68  2016.72  2065.17  2257.93 
 2093.24  2139.14  2188.17  2153.00  2127.68  2119.99  2119.84  2132.28  2216.04 
 2064.40  2008.37  2120.72  2056.32  2022.22  2086.98  2043.58  2054.24  2231.19 
 2127.83  2041.40  2163.86  2154.61  2085.03  2163.87  2117.56  2111.84  2253.48 
 2039.85  2067.43  2110.40  2076.90  2049.56  2121.82  2041.29  2051.99  2208.48 
 2140.68  2106.74  2141.26  2132.53  2128.42  2146.72  2086.94  2079.99  2201.89 
 2084.95  2028.73  2091.36  2084.01  2033.51  2128.13  2025.62  2107.11  2231.09 
 2155.99  2114.59  2176.71  2094.89  2114.23  2136.26  2081.53  2114.80  2231.23 
 2085.49  2000.80  2120.35  2097.03  2043.27  2124.24  2078.33  2077.14  2246.33 
 2121.73  2082.46  2168.09  2125.70  2086.00  2132.80  2100.37  2139.40  2231.63 
 2075.53  2028.99  2147.64  2020.63  2052.16  2056.53  2054.21  2078.59  2208.77 
 2113.43  2086.30  2151.30  2110.49  2105.48  2130.00  2129.15  2116.81  2229.84 
 2042.67  2061.94  2145.34  2087.27  2023.87  2141.95  2084.33  2057.96  2194.92 
 2084.07  2094.10  2173.95  2120.75  2125.13  2153.47  2112.44  2114.80  2269.22 
 2087.19  2047.46  2126.60  2078.70  2008.74  2109.32  2036.08  2044.93  2186.75 
 2085.59  2132.45  2132.23  2094.86  2074.41  2123.16  2102.55  2082.68  2216.94 
 2043.46  2085.46  2119.47  2056.94  2014.34  2094.88  2029.30  2123.47  2198.74 
 2119.80  2093.16  2162.05  2134.01  2108.56  2163.53  2112.74  2138.89  2231.73 
 2069.16  2027.85  2162.63  2092.99  2015.42  2115.08  2071.53  2067.62  2192.79 
 2116.13  2111.98  2205.16  2150.36  2094.30  2139.89  2119.03  2155.18  2249.91 
 2097.40  2039.36  2108.20  2100.51  2024.88  2131.06  2062.49  2073.03  2207.15 
 2156.11  2060.40  2170.81  2129.19  2106.85  2138.90  2110.83  2173.73  2252.27 
 2056.28  2047.29  2097.04  2083.15  2035.76  2104.16  2069.51  2068.90  2194.09 
 2160.68  2102.44  2158.09  2141.84  2092.91  2167.73  2109.98  2114.86  2221.70 
 2034.45  2049.23  2091.60  2090.34  2006.40  2119.67  2082.19  2100.87  2193.19 
 2139.44  2131.70  2162.55  2123.46  2080.09  2141.60  2107.17  2094.26  2217.81 
 2112.35  2016.77  2150.34  2089.93  2043.99  2090.62  2068.62  2076.60  2176.53 
 2113.52  2109.48  2169.00  2132.18  2109.38  2157.65  2117.29  2133.33  2193.18 
 2071.32  2076.93  2113.80  2049.56  2055.99  2134.50  2050.63  2108.32  2210.76 
 2126.99  2077.00  2141.84  2155.18  2094.42  2172.01  2098.16  2149.22  2273.78 
 2079.14  2049.76  2132.24  2076.10  2078.49  2131.89  2102.14  2053.85  2191.18 
 2128.58  2092.07  2151.94  2102.87  2112.53  2165.99  2140.10  2151.93  2239.79 
 2095.20  2017.19  2149.18  2102.18  2053.64  2138.72  2079.02  2095.40  2217.27 
 2097.34  2086.53  2121.23  2138.17  2094.51  2157.67  2107.23  2143.89  2242.48 
 2068.81  2050.15  2140.92  2082.73  2085.50  2094.23  2075.80  2071.11  2194.98 
 2131.05  2066.58  2180.59  2142.59  2075.52  2175.30  2120.44  2126.18  2237.93 
 2070.54  2023.26  2130.23  2103.56  2061.81  2110.01  2016.49  2080.12  2203.66 
 2101.82  2062.51  2173.84  2129.54  2080.53  2114.81  2114.49  2125.09  2247.23 
 2106.50  2014.88  2139.53  2095.97  2070.20  2132.29  2074.58  2088.68  2186.85 
 2083.19  2139.22  2179.62  2151.66  2096.82  2140.05  2125.04  2146.05  2236.02 
 2105.04  2062.65  2105.49  2072.74  2043.62  2089.80  2038.99  2098.72  2221.64 
 2134.82  2078.99  2156.20  2133.90  2097.11  2149.49  2100.81  2143.73  2198.43 
 2063.55  2029.83  2095.89  2073.80  2044.53  2114.24  2072.35  2042.63  2196.44 
 2082.48  2076.67  2142.23  2110.85  2117.72  2125.13  2115.10  2128.29  2232.58 
 2067.68  2045.32  2110.86  2089.66  2079.74  2146.61  2060.00  2063.38  2204.79 
 2126.47  2061.88  2145.53  2166.88  2082.02  2144.01  2088.42  2128.71  2228.61 
 2038.86  2044.82  2118.38  2062.34  2037.66  2130.54  2049.89  2089.24  2150.47 
 2117.52  2120.52  2188.64  2146.58  2114.30  2132.13  2119.98  2129.49  2229.47 
 2082.55  2045.42  2131.88  2072.36  2055.75  2067.69  2059.91  2091.83  2213.89 
 2138.35  2094.83  2247.31  2105.08  2097.71  2165.51  2104.72  2135.61  2206.29 
 2068.36  2039.71  2102.95  2073.47  2018.75  2112.70  2064.38  2088.68  2207.86 
 2104.80  2110.39  2147.70  2121.93  2123.30  2177.52  2108.74  2108.10  2265.37 
 2076.12  2062.55  2132.61  2108.53  2033.16  2122.72  2062.41  2036.70  2197.13 
 2135.17  2083.03  2180.97  2160.89  2079.43  2158.38  2084.94  2150.52  2192.11 
 2074.73  2044.59  2140.82  2114.21  2053.12  2104.86  2029.65  2017.01  2175.64 
 2117.50  2093.12  2174.82  2091.43  2072.15  2139.13  2089.06  2164.61  2276.16 
 2084.92  2053.55  2119.34  2067.32  2028.67  2143.67  2052.67  2083.68  2198.70 
 2093.74  2121.35  2174.59  2123.53  2097.30  2130.15  2115.58  2127.63  2259.09 
 2003.38  2060.03  2116.50  2060.45  2065.20  2122.07  2080.68  2102.14  2195.55 
 2149.54  2108.40  2153.52  2134.88  2125.33  2175.70  2071.18  2119.70  2216.90 
 2062.39  2049.61  2125.47  2091.80  2009.77  2068.78  2043.40  2089.40  2212.67 
 2125.00  2138.27  2146.41  2179.17  2112.82  2145.14  2138.82  2177.96  2257.95 
 2063.48  2012.48  2094.21  2101.17  2049.58  2101.80  2024.48  2076.49  2183.87 
 2095.19  2056.01  2146.25  2112.47  2086.37  2196.95  2136.73  2105.07  2234.78 
 2090.04  2066.63  2118.56  2087.88  2058.64  2089.56  2043.82  2078.45  2208.98 
 2077.91  2087.08  2149.58  2136.97  2102.97  2155.61  2116.24  2137.96  2243.89 
 2096.49  2064.90  2117.77  2108.39  2018.61  2093.41  2031.28  2055.90  2206.95 
 2111.40  2110.43  2187.81  2139.39  2123.61  2156.59  2149.93  2116.12  2261.21 
 2060.40  2035.62  2101.14  2111.40  2019.79  2098.98  2096.06  2092.35  2196.68 
 2113.11  2057.10  2202.74  2105.24  2094.42  2133.28  2109.38  2134.68  2252.29 
 2071.13  2031.46  2109.69  2092.05  2065.73  2100.03  2079.39  2049.43  2247.05 
 2101.36  2149.73  2170.30  2108.16  2083.69  2147.57  2102.13  2133.32  2232.44 
 2064.13  2051.25  2135.15  2053.46  2034.70  2127.25  2055.07  2076.73  2205.62 
 2127.00  2090.24  2177.38  2132.61  2079.95  2175.92  2093.71  2127.70  2247.65 
 2078.33  2022.34  2109.07  2059.63  2042.62  2066.06  2044.28  2047.44  2162.11 
 2106.24  2079.66  2158.16  2085.99  2102.80  2159.86  2113.59  2124.34  2233.14 
 2105.42  1984.61  2092.36  2085.45  2019.26  2071.75  2034.08  2112.79  2193.25 
 2140.47  2107.01  2170.01  2113.09  2076.74  2186.26  2106.93  2146.86  2219.35 
 2065.07  2067.81  2128.43  2087.55  2060.12  2068.07  2036.27  2078.25  2164.64 
 2137.73  2083.93  2154.59  2147.12  2140.73  2142.78  2122.20  2142.67  2238.28 
 2039.51  2058.29  2145.51  2080.63  2033.75  2078.44  2037.18  2086.71  2162.48 
 2138.12  2098.95  2186.53  2123.07  2087.30  2191.73  2105.46  2133.11  2223.28 
 2095.27  2048.98  2098.34  2057.00  2048.98  2116.12  2092.22  2076.68  2183.18 
 2118.86  2091.06  2120.29  2103.22  2123.60  2198.63  2148.11  2125.56  2257.92 
 2087.66  2031.14  2076.58  2059.86  2046.91  2105.13  2033.87  2078.87  2179.55 
 2111.67  2105.48  2128.13  2109.76  2110.03  2193.10  2116.58  2090.37  2242.66 
 2057.19  2107.07  2138.01  2090.66  2031.62  2105.07  2049.87  2091.16  2165.48 
 2121.58  2075.80  2172.00  2120.99  2093.86  2143.82  2076.43  2142.38  2207.52 
 2073.43  2043.08  2137.74  2045.99  2045.60  2095.80  2034.25  2087.46  2167.68 
 2106.57  2123.90  2173.89  2123.61  2109.31  2162.27  2137.11  2145.73  2270.92 
 2041.69  2027.42  2097.78  2079.82  2026.45  2086.55  2045.60  2060.49  2215.17 
 2139.26  2077.68  2194.83  2123.30  2088.58  2157.45  2123.09  2136.16  2246.33 
 2067.14  2027.83  2152.94  2068.97  2055.10  2126.75  2088.43  2071.71  2220.65 
 2138.82  2097.88  2165.03  2124.76  2088.96  2167.70  2091.50  2145.88  2244.39 
 2086.36  2036.07  2135.36  2083.22  2024.52  2100.07  2043.75  2086.60  2151.12 
 2111.68  2106.69  2144.23  2119.41  2072.39  2168.37  2138.30  2101.15  2240.89 
 2083.68  2091.99  2077.49  2116.43  2078.34  2118.87  2059.37  2077.20  2204.23 
 2107.18  2091.95  2147.76  2144.45  2113.39  2149.22  2165.11  2144.95  2252.71 
 2079.42  2051.19  2096.22  2068.27  2059.46  2109.84  2067.78  2086.69  2190.35 
 2121.51  2116.77  2146.59  2116.49  2117.19  2178.44  2117.67  2153.72  2249.55 
 2049.18  2036.33  2152.15  2115.41  2031.86  2127.42  2038.81  2099.46  2208.60 
 2147.21  2145.55  2181.14  2188.34  2116.13  2160.20  2095.77  2098.55  2224.29 
 2084.64  1990.81  2093.59  2049.26  2015.52  2104.30  2046.75  2032.46  2202.88 
 2117.17  2068.33  2152.97  2145.92  2079.55  2154.64  2147.96  2138.80  2246.72 
 2072.67  2051.32  2123.43  2087.47  2039.27  2093.07  2036.51  2064.31  2222.59 
 2113.88  2117.82  2164.81  2178.42  2112.35  2163.38  2103.46  2149.08  2250.90 
 2079.25  2033.69  2121.09  2108.81  2008.62  2100.63  2084.50  2101.74  2253.71 
 2106.14  2090.87  2149.33  2145.89  2120.83  2132.59  2147.12  2142.06  2233.91 
 2056.40  2020.55  2139.93  2113.85  2039.83  2119.01  2039.97  2041.95  2231.20 
 2128.11  2130.09  2129.66  2154.83  2098.19  2195.90  2107.68  2127.14  2225.71 
 2044.38  2024.63  2124.34  2107.22  2031.88  2120.91  2091.17  2085.28  2168.59 
 2138.09  2130.24  2161.82  2118.93  2103.85  2136.66  2128.07  2143.05  2219.70 
 2083.80  2059.79  2120.44  2072.02  2024.22  2119.94  2047.53  2090.80  2195.31 
 2144.91  2103.91  2181.72  2146.01  2087.56  2156.57  2099.99  2127.84  2208.07 
 2054.04  2038.98  2111.04  2108.59  2029.11  2113.86  2064.97  2084.36  2218.01 
 2110.42  2073.14  2158.74  2130.46  2071.92  2172.59  2133.87  2154.97  2257.29 
 2115.72  2076.94  2116.91  2086.78  2011.28  2134.67  2099.27  2064.09  2197.92 
 2127.70  2099.05  2201.96  2153.41  2106.31  2158.57  2131.59  2128.87  2250.62 
 2071.41  2045.12  2115.35  2101.57  2072.94  2119.61  2032.88  2085.90  2225.18 
 2128.59  2105.01  2150.49  2103.86  2095.89  2140.64  2147.71  2101.11  2217.01 
 2123.74  2067.64  2129.60  2084.68  2023.55  2090.32  2041.47  2074.99  2194.77 
 2139.84  2118.20  2181.02  2147.01  2127.34  2180.98  2080.26  2138.48  2250.72 
 2071.66  2046.51  2122.39  2086.59  2068.23  2133.19  2059.83  2063.01  2190.51 
 2120.00  2088.45  2187.61  2124.95  2086.95  2137.88  2151.99  2112.66  2240.49 
 2064.37  2057.77  2099.36  2099.30  2067.53  2115.38  2063.51  2075.52  2237.08 
 2141.64  2103.62  2214.05  2115.49  2090.65  2191.70  2125.36  2101.19  2255.28 
 2050.20  2030.56  2125.76  2055.82  2020.96  2115.84  2040.04  2079.17  2227.40 
 2139.13  2147.45  2187.20  2151.88  2101.91  2176.66  2111.86  2144.38  2241.82 
 2089.55  2061.42  2157.14  2079.27  2059.36  2130.99  2071.48  2058.86  2192.39 
 2119.45  2079.97  2183.60  2120.28  2129.26  2152.23  2082.29  2135.76  2264.52 
 2017.54  2063.64  2108.33  2083.39  2062.12  2101.01  2058.91  2060.33  2193.74 
 2128.76  2074.26  2176.32  2125.63  2077.26  2171.29  2117.87  2125.50  2244.93 
 2115.16  2055.82  2139.32  2094.18  2051.80  2075.47  2092.17  2092.98  2216.42 
 2137.80  2064.34  2147.06  2099.44  2108.37  2133.27  2098.47  2152.89  2276.89 
 2066.70  2018.43  2135.85  2077.32  2072.61  2055.20  2032.41  2086.63  2207.54 
 2141.10  2097.60  2213.14  2122.14  2107.08  2150.06  2093.49  2121.67  2219.12 
 2076.32  2053.81  2121.83  2058.99  2088.23  2103.08  2076.38  2075.74  2215.18 
 2168.68  2090.59  2181.65  2145.42  2098.91  2143.22  2111.98  2121.52  2223.98 
 2071.68  2012.45  2128.71  2089.78  2046.62  2103.33  2067.83  2065.72  2181.22 
 2117.71  2105.49  2149.90  2142.56  2112.21  2180.88  2118.35  2099.86  2259.52 
 2066.55  2044.01  2122.28  2076.46  2057.99  2113.81  2062.72  2125.17  2189.17 
 2109.15  2066.04  2166.04  2152.70  2101.55  2153.57  2140.19  2117.63  2223.97 
 2103.94  2020.26  2106.66  2054.32  2061.30  2131.39  2047.32  2096.21  2189.93 
 2139.72  2096.11  2156.49  2135.62  2109.72  2177.41  2131.88  2149.51  2240.90 
 2086.69  2081.32  2127.09  2085.93  2073.56  2124.39  2003.15  2073.99  2220.62 
 2136.24  2157.81  2176.21  2135.95  2111.20  2189.26  2094.38  2127.53  2220.78 
 2096.23  2036.38  2085.78  2084.98  2076.68  2077.26  2046.70  2083.16  2199.21 
 2125.32  2101.57  2176.63  2132.16  2100.57  2146.93  2106.98  2096.14  2221.80 
 2065.22  2055.86  2112.76  2109.47  2076.00  2084.54  2058.90  2090.29  2220.33 
 2127.42  2045.71  2158.99  2175.47  2109.61  2136.53  2127.52  2132.79  2281.09 
 2067.34  2070.97  2084.29  2064.23  2049.96  2133.73  2050.34  2066.68  2242.30 
 2107.89  2136.95  2193.71  2138.20  2091.88  2174.68  2096.59  2110.50  2238.83 
 2086.12  2058.87  2146.03  2083.62  2058.02  2094.07  2049.11  2079.04  2186.54 
 2165.16  2141.41  2178.03  2103.55  2077.52  2167.30  2140.35  2138.27  2243.17 
 2109.24  2045.96  2144.26  2089.76  2053.59  2123.30  2060.46  2047.84  2193.88 
 2110.80  2102.77  2157.82  2163.85  2095.19  2160.26  2107.29  2128.26  2235.71 
 2044.83  2025.74  2103.59  2081.29  2031.97  2127.94  2051.97  2073.40  2209.42 
 2113.78  2123.77  2180.11  2141.15  2110.77  2178.57  2132.66  2119.14  2235.69 
 2071.82  2052.63  2124.03  2107.32  2063.41  2117.07  2097.44  2080.50  2223.39 
 2132.60  2068.47  2178.06  2140.78  2097.24  2172.21  2102.08  2141.81  2213.71 
 2115.36  2077.89  2104.78  2103.92  2051.65  2095.88  2053.33  2078.89  2185.78 
 2130.31  2087.76  2181.62  2116.19  2092.07  2160.36  2102.40  2140.10  2263.09 
 2084.43  2040.16  2130.18  2086.74  2073.17  2093.10  2062.30  2055.86  2183.71 
 2091.32  2138.05  2149.70  2129.71  2144.47  2169.94  2075.15  2121.84  2211.07 
 2096.37  2042.06  2126.54  2094.53  2030.32  2095.28  2088.63  2084.24  2179.40 
 2107.80  2106.75  2158.26  2107.89  2151.34  2145.46  2085.43  2101.91  2243.24 
 2061.82  2023.57  2116.86  2061.94  2044.21  2097.11  2080.35  2063.46  2187.62 
 2172.29  2076.95  2175.45  2130.92  2118.38  2135.77  2086.82  2147.75  2230.13 
 2082.69  2036.58  2089.12  2101.15  2023.58  2081.23  2036.55  2087.80  2187.80 
 2158.76  2077.66  2199.75  2148.79  2116.88  2157.94  2074.77  2109.93  2251.17 
 2075.20  2012.64  2120.65  2075.66  2090.82  2099.18  2028.45  2066.70  2204.51 
 2098.24  2124.83  2164.45  2112.57  2108.76  2147.72  2115.84  2129.87  2166.09 
 2068.25  2062.87  2097.88  2135.71  2016.12  2116.30  2032.50  2106.06  2190.68 
 2123.87  2094.36  2169.79  2135.42  2092.70  2145.34  2097.66  2069.47  2235.88 
 2079.93  2051.03  2103.98  2034.23  2057.74  2139.09  2041.88  2091.05  2213.03 
 2125.80  2045.16  2143.36  2115.54  2069.06  2203.56  2131.32  2127.94  2208.73 
 2048.29  2055.03  2136.63  2085.54  2044.52  2109.96  2062.15  2085.08  2191.70 
 2134.15  2072.56  2180.89  2134.78  2100.46  2186.95  2122.47  2107.61  2221.65 
 2083.83  2043.88  2105.25  2064.44  2051.37  2094.78  2005.25  2067.99  2199.85 
 2126.93  2060.10  2155.78  2149.53  2099.91  2143.05  2113.46  2128.77  2228.43 
 2068.96  2071.19  2088.01  2028.52  2030.45  2104.90  2034.43  2083.68  2175.88 
 2099.75  2120.42  2169.96  2132.18  2088.55  2141.09  2119.33  2117.44  2267.41 
 2068.80  2009.69  2106.15  2119.57  2018.59  2127.53  2071.25  2109.18  2197.27 
 2115.50  2089.09  2190.27  2123.21  2126.86  2134.49  2065.89  2129.86  2225.71 
 2105.40  2015.64  2122.21  2060.80  2061.68  2079.36  2065.92  2084.92  2212.36 
 2129.70  2115.85  2165.51  2137.13  2142.84  2151.58  2172.81  2125.58  2276.14 
 2109.07  2073.77  2159.70  2092.17  2079.84  2092.85  2046.90  2092.66  2205.14 
 2124.13  2111.86  2208.27  2121.39  2086.38  2181.44  2113.72  2130.07  2219.24 
 2060.30  2052.87  2101.20  2087.71  2038.89  2147.24  2065.83  2089.64  2205.42 
 2111.27  2067.20  2124.12  2145.17  2073.56  2150.70  2084.72  2126.08  2222.99 
 2106.21  2053.43  2108.37  2100.00  2050.43  2132.36  2065.13  2093.13  2196.56 
 2105.95  2075.59  2200.96  2104.16  2080.35  2162.36  2109.28  2118.29  2246.32 
 2068.08  2050.09  2132.05  2094.60  2040.67  2086.68  2064.02  2093.89  2192.41 
 2127.51  2094.33  2173.39  2134.62  2096.23  2123.14  2093.34  2129.05  2242.88 
 2088.10  2021.48  2111.65  2068.65  2030.98  2090.79  2037.52  2053.57  2189.34 
 2105.00  2103.71  2149.96  2113.64  2098.60  2167.88  2088.41  2118.99  2241.65 
 2074.97  2033.92  2135.77  2073.55  2050.43  2075.37  2042.81  2089.93  2187.05 
 2125.43  2089.97  2133.24  2136.35  2096.72  2201.87  2120.68  2122.72  2245.25 
 2067.45  2073.76  2107.41  2069.27  2027.35  2080.79  2052.65  2130.45  2205.20 
 2149.55  2099.57  2161.50  2120.45  2097.65  2145.37  2079.71  2152.63  2243.22 
 2079.97  2033.49  2128.92  2092.04  2051.95  2094.71  2070.95  2076.92  2199.30 
 2173.68  2094.68  2158.75  2095.96  2105.24  2191.96  2113.67  2145.24  2255.85 
 2092.72  2079.31  2150.27  2065.15  1998.42  2089.54  2045.02  2088.22  2169.65 
 2098.00  2095.52  2170.47  2074.99  2141.06  2149.38  2069.97  2116.59  2235.91 
 2118.07  2044.84  2097.49  2091.93  2027.01  2131.84  2063.79  2063.65  2169.29 
 2099.80  2067.05  2161.63  2123.33  2097.12  2153.10  2113.80  2096.46  2222.97 
 2092.94  2113.92  2123.55  2100.25  2049.64  2107.30  2041.34  2097.46  2174.66 
 2111.77  2086.90  2138.99  2140.89  2097.64  2148.18  2106.88  2112.03  2278.16 
 2099.51  2049.95  2128.03  2083.15  2018.83  2088.70  2041.05  2069.56  2212.43 
 2152.98  2119.61  2201.84  2133.44  2138.69  2145.94  2105.39  2096.53  2257.59 
 2034.73  2026.33  2109.91  2099.81  2044.01  2120.34  2056.69  2026.13  2227.92 
 2115.62  2086.93  2186.08  2118.75  2075.47  2153.24  2087.59  2160.78  2250.59 
 2061.57  2066.82  2140.53  2072.78  2057.90  2122.70  2054.35  2107.19  2151.14 
 2148.93  2092.78  2155.51  2135.42  2088.40  2191.48  2119.01  2137.47  2230.81 
 2037.68  2054.71  2145.76  2069.54  2050.34  2128.68  2052.11  2086.02  2213.71 
 2119.39  2092.42  2182.05  2124.03  2136.94  2187.78  2141.41  2144.07  2240.54 
 2047.77  2068.02  2139.88  2098.34  2039.29  2093.38  2089.12  2055.08  2183.66 
 2122.73  2102.61  2185.02  2115.59  2124.49  2152.87  2116.32  2157.03  2212.72 
 2099.35  2017.21  2104.49  2090.78  2006.86  2110.28  2065.86  2100.09  2230.42 
 2122.62  2097.54  2124.83  2139.73  2092.63  2170.82  2117.60  2115.17  2234.66 
 2100.80  2034.21  2117.89  2074.44  2037.52  2097.51  2054.64  2071.71  2183.19 
 2136.69  2108.86  2171.07  2115.04  2093.58  2136.73  2115.41  2105.48  2227.94 
 2124.93  2055.83  2133.86  2110.17  2056.31  2077.85  2035.00  2116.30  2197.18 
 2078.68  2088.77  2198.78  2139.87  2092.64  2143.16  2079.08  2161.16  2207.34 
 2082.12  2041.57  2123.68  2096.66  2073.34  2103.79  2049.30  2095.54  2216.26 
 2112.16  2120.97  2165.31  2088.42  2103.41  2145.59  2131.82  2126.96  2214.14 
 2048.77  2017.84  2105.99  2082.45  2032.74  2127.06  2052.38  2094.02  2221.92 
 2137.29  2129.80  2156.59  2087.28  2128.96  2146.75  2083.46  2116.17  2242.95 
 2089.64  2037.24  2131.69  2068.49  2012.14  2125.49  2040.56  2097.24  2211.59 
 2130.30  2105.31  2156.36  2140.88  2118.49  2133.11  2088.67  2112.88  2228.08 
 2097.01  2081.09  2108.27  2098.54  2043.23  2100.24  2045.41  2125.32  2165.78 
 2107.22  2103.41  2168.58  2158.03  2038.44  2129.74  2098.55  2161.03  2229.39 
 2086.54  2025.84  2120.89  2093.76  2060.57  2072.53  2037.48  2131.80  2186.68 
 2180.93  2121.09  2188.05  2146.87  2150.28  2159.45  2123.88  2120.03  2230.54 
 2103.17  2027.49  2108.44  2043.22  2018.01  2135.95  2043.47  2072.41  2188.44 
 2137.66  2100.31  2159.22  2117.36  2073.78  2169.26  2173.27  2143.66  2262.87 
 2109.64  2044.01  2144.80  2096.60  2071.18  2080.15  2080.50  2085.48  2170.66 
 2131.17  2108.24  2142.54  2138.45  2088.95  2169.18  2120.22  2143.85  2253.82 
 2115.91  2002.65  2130.64  2080.54  2049.18  2103.46  2092.46  2065.45  2167.94 
 2124.33  2091.89  2179.15  2106.44  2077.33  2161.40  2106.49  2124.97  2234.14 
 2083.11  2054.09  2131.10  2094.68  2026.05  2073.79  2065.67  2066.63  2213.89 
 2123.53  2119.45  2156.62  2153.14  2104.02  2164.41  2125.94  2136.42  2260.14 
 2061.53  2032.30  2067.93  2113.71  2064.76  2123.47  2065.77  2078.95  2220.86 
 2135.72  2110.11  2151.31  2126.13  2103.78  2165.78  2081.89  2145.29  2261.07 
 2060.85  2042.94  2136.14  2066.35  2077.50  2123.41  2024.25  2095.89  2197.89 
 2143.69  2089.65  2176.84  2165.75  2121.37  2132.01  2130.75  2128.83  2245.03 
 2087.61  2042.23  2105.02  2102.61  2066.43  2107.90  2061.46  2096.13  2228.13 
 2148.82  2079.58  2167.34  2157.48  2093.38  2134.31  2106.95  2170.39  2249.04 
 2069.16  2070.42  2128.41  2064.48  2086.83  2132.74  2054.27  2060.07  2204.07 
 2092.27  2103.24  2218.83  2144.15  2135.04  2150.47  2080.57  2116.34  2235.80 
 2099.05  2041.53  2070.55  2095.64  2040.10  2105.93  2075.69  2053.98  2174.01 
 2134.11  2104.09  2165.91  2162.07  2090.25  2133.84  2111.14  2121.57  2246.45 
 2068.43  2063.28  2146.70  2067.65  2092.34  2112.58  2069.24  2053.90  2188.96 
 2124.16  2099.32  2165.75  2124.36  2133.08  2157.48  2131.33  2115.53  2235.71 
 2101.95  2029.55  2129.56  2100.57  2029.68  2099.98  2036.75  2088.58  2206.03 
 2085.76  2113.89  2186.33  2135.82  2099.36  2114.95  2116.16  2117.17  2240.78 
 2075.06  2088.86  2116.81  2076.77  2042.00  2135.57  2081.06  2063.36  2204.83 
 2146.25  2083.99  2180.48  2158.92  2063.65  2198.49  2097.43  2123.10  2258.19 
 2052.57  2035.41  2130.81  2092.58  2036.98  2074.85  2087.38  2054.49  2202.10 
 2126.18  2101.45  2189.61  2122.18  2078.66  2152.00  2114.43  2114.83  2253.36 
 2062.37  2084.34  2115.50  2079.06  2085.20  2114.08  2044.06  2073.34  2238.99 
 2121.64  2102.15  2138.77  2117.28  2076.47  2134.43  2150.51  2132.03  2239.64 
 2068.34  2011.31  2091.98  2072.90  2018.60  2098.19  2048.52  2099.94  2163.58 
 2130.85  2094.65  2196.81  2137.63  2081.78  2163.73  2128.55  2130.61  2273.53 
 2097.33  2046.24  2129.99  2052.96  2042.46  2128.28  2091.02  2076.12  2200.60 
 2142.65  2100.74  2167.00  2118.33  2148.68  2149.24  2098.53  2143.99  2225.78 
 2066.68  2034.29  2133.24  2073.96  2064.70  2084.14  2056.78  2059.91  2236.99 
 2128.24  2090.53  2199.91  2111.62  2090.91  2157.58  2116.38  2102.70  2271.12 
 2076.75  2021.73  2158.03  2103.03  2045.17  2097.21  2066.76  2096.32  2158.84 
 2087.57  2109.14  2158.97  2117.10  2108.07  2172.47  2076.44  2135.59  2227.95 
 2094.63  2052.80  2132.21  2117.65  2029.40  2099.47  2046.01  2075.92  2206.06 
 2116.34  2070.12  2185.03  2128.49  2082.55  2134.73  2140.39  2098.54  2268.17 
 2057.76  2057.67  2131.75  2066.43  2050.63  2131.08  2085.72  2087.21  2218.02 
 2112.01  2080.36  2155.05  2107.87  2099.19  2109.20  2095.95  2145.42  2234.17 
 2066.89  2050.91  2132.58  2105.16  2053.75  2105.08  2069.91  2115.61  2238.08 
 2117.51  2117.14  2169.89  2159.03  2098.33  2132.69  2110.24  2163.94  2211.98 
 2076.30  2026.42  2134.00  2054.81  2038.84  2085.64  2101.26  2095.72  2187.99 
 2139.85  2109.30  2171.83  2127.19  2091.04  2167.33  2138.11  2120.56  2234.76 
 2060.09  2043.39  2120.24  2055.90  2094.84  2110.27  2097.29  2085.45  2185.17 
 2099.13  2110.76  2147.83  2118.21  2094.59  2172.83  2121.30  2135.13  2232.55 
 2078.10  2008.12  2146.78  2095.60  2053.61  2100.51  2035.08  2103.86  2205.59 
 2124.20  2104.41  2180.39  2114.29  2094.37  2172.86  2132.74  2144.59  2257.03 
 2069.82  2051.06  2144.47  2082.54  2052.66  2112.63  2066.76  2079.08  2195.54 
 2134.35  2087.18  2150.02  2162.42  2096.38  2132.83  2085.96  2134.46  2241.32 
 2071.01  2044.93  2107.36  2089.02  2049.91  2131.50  2089.24  2079.94  2189.90 
 2139.69  2089.91  2148.89  2115.36  2124.41  2158.98  2127.87  2149.92  2263.93 
 2067.07  2048.03  2115.64  2066.32  2040.47  2119.31  2047.98  2044.64  2237.28 
 2132.68  2090.18  2178.77  2129.72  2150.17  2157.90  2136.91  2100.52  2250.27 
 2050.35  2039.16  2123.97  2093.68  2065.41  2105.87  2071.63  2106.31  2185.08 
 2103.59  2036.67  2169.76  2155.05  2116.76  2157.09  2124.64  2132.56  2247.93 
 2068.62  2032.16  2082.42  2059.43  2022.98  2101.95  2053.83  2074.64  2211.07 
 2119.26  2101.42  2156.60  2139.58  2073.30  2171.92  2125.03  2142.96  2207.23 
 2087.62  2039.71  2130.15  2109.39  2077.01  2084.06  2049.94  2074.34  2199.25 
 2109.02  2079.89  2181.02  2142.81  2106.59  2200.04  2095.83  2108.60  2285.95 
 2074.19  2071.71  2136.61  2088.32  2028.00  2064.86  2022.66  2103.89  2228.28 
 2162.26  2117.12  2144.11  2128.09  2111.61  2165.13  2102.31  2147.55  2241.46 
 2084.16  2064.71  2101.31  2102.25  2044.53  2093.74  2085.62  2074.66  2181.47 
 2145.84  2125.53  2147.44  2099.07  2122.46  2142.47  2101.39  2123.99  2225.89 
 2090.09  2025.26  2145.36  2092.46  2077.13  2092.11  2048.62  2071.40  2186.19 
 2129.16  2094.06  2154.46  2106.88  2095.89  2122.00  2124.57  2113.84  2243.53 
 2090.69  2021.55  2138.67  2053.17  2036.53  2108.45  2050.38  2122.18  2195.32 
 2091.43  2084.49  2159.06  2145.56  2121.80  2153.59  2127.44  2120.41  2255.96 
 2078.60  2040.51  2093.62  2051.13  2039.05  2135.49  2095.46  2083.26  2230.85 
 2106.02  2110.80  2144.55  2163.44  2088.49  2135.57  2084.12  2124.05  2236.80 
 2073.32  2041.92  2136.98  2073.63  2058.18  2080.91  2069.71  2095.74  2199.45 
 2155.95  2084.38  2208.40  2132.78  2135.83  2108.78  2088.97  2139.69  2243.02 
 2057.41  2060.36  2126.99  2083.71  2030.40  2125.36  2019.33  2076.70  2197.71 
 2102.53  2063.88  2175.96  2095.79  2101.83  2167.85  2129.72  2130.65  2241.41 
 2073.90  2103.66  2125.51  2115.86  2085.39  2115.17  2053.62  2099.10  2164.18 
 2141.09  2031.23  2149.02  2121.87  2063.36  2201.03  2095.42  2151.84  2259.63 
 2095.17  2045.26  2098.28  2079.78  2011.28  2105.58  2074.71  2087.59  2187.79 
 2122.26  2158.90  2161.31  2135.38  2117.29  2133.80  2063.65  2166.41  2235.86 
 2092.19  2045.05  2096.20  2098.53  2041.50  2153.13  2063.08  2100.17  2239.41 
 2102.27  2081.19  2149.61  2150.32  2120.07  2165.95  2116.22  2134.08  2235.01 
 2047.59  2054.18  2102.40  2102.18  2005.53  2102.98  2028.15  2059.89  2179.10 
 2088.29  2110.48  2166.27  2120.77  2094.27  2169.84  2094.17  2139.86  2219.28 
 2087.96  1994.14  2115.35  2077.13  2038.63  2125.44  2056.37  2111.92  2236.04 
 2136.90  2069.45  2163.79  2167.84  2118.43  2192.14  2111.94  2151.94  2228.36 
 2078.67  2013.40  2133.28  2070.91  2039.37  2120.03  2085.77  2084.15  2203.94 
 2169.49  2111.49  2162.70  2134.21  2087.70  2151.99  2112.98  2151.95  2240.33 
 2072.37  2061.19  2152.46  2064.10  2050.79  2109.24  2040.63  2087.33  2207.13 
 2149.62  2097.21  2148.93  2121.07  2114.94  2194.46  2121.58  2171.75  2246.19 
 2031.36  2064.47  2115.01  2083.99  2004.16  2105.27  2071.32  2104.80  2227.32 
 2092.30  2078.37  2164.65  2137.73  2143.70  2145.95  2112.11  2135.11  2230.75 
 2094.75  2022.46  2129.19  2065.72  2043.88  2123.03  2057.07  2037.35  2207.98 
 2134.73  2117.78  2184.37  2116.88  2091.67  2172.26  2104.03  2122.12  2226.47 
 2083.46  2014.41  2105.58  2062.47  2012.52  2088.19  2077.06  2054.34  2181.55 
 2091.41  2073.15  2165.87  2128.81  2159.11  2167.47  2111.70  2124.67  2249.03 
 2063.04  2076.59  2114.38  2073.83  2022.73  2105.76  2068.96  2075.43  2204.93 
 2151.82  2099.21  2144.62  2152.34  2116.03  2151.74  2123.76  2137.29  2226.15 
 2074.08  2067.19  2104.32  2077.93  2056.23  2069.09  2062.44  2064.68  2171.37 
 2139.35  2087.87  2130.67  2149.55  2087.34  2144.18  2100.80  2081.73  2253.64 
 2086.83  2018.16  2086.93  2116.50  2025.08  2095.08  2074.66  2029.07  2189.54 
 2150.68  2102.03  2228.29  2150.48  2061.08  2143.85  2087.27  2121.70  2269.11 
 2064.53  2057.30  2096.04  2084.03  2001.91  2134.19  2023.89  2080.98  2205.65 
 2115.34  2077.80  2146.94  2147.48  2056.95  2193.23  2123.33  2123.57  2227.00 
 2098.75  2028.20  2121.12  2052.57  2036.05  2100.72  2037.47  2056.09  2192.32 
 2133.81  2088.10  2151.24  2136.47  2110.37  2149.95  2100.38  2154.63  2271.37 
 2066.47  2026.44  2120.14  2082.32  2015.04  2090.88  2018.49  2029.72  2213.07 
 2136.36  2108.32  2161.83  2126.24  2067.81  2138.61  2101.41  2176.57  2252.89 
 2094.57  2036.56  2112.22  2055.80  2040.75  2129.58  2074.30  2069.77  2167.78 
 2105.22  2072.74  2160.21  2085.22  2089.98  2166.26  2128.88  2137.37  2251.34 
 2048.39  2028.90  2106.05  2079.14  2062.83  2091.80  2039.84  2083.41  2226.01 
 2140.94  2082.55  2176.62  2156.18  2116.12  2153.47  2096.28  2155.76  2223.12 
 2094.86  2044.25  2102.82  2085.79  2056.66  2061.88  2073.09  2089.69  2177.47 
 2175.99  2083.46  2180.81  2148.51  2107.20  2197.09  2123.21  2128.66  2220.50 
 2049.07  2074.36  2103.12  2100.32  2035.26  2113.34  2043.97  2091.53  2167.22 
 2098.76  2104.05  2157.58  2144.78  2076.69  2153.40  2111.65  2145.53  2208.61 
 2072.94  2054.23  2139.03  2058.89  2044.90  2085.99  2061.32  2097.83  2185.22 
 2106.32  2092.51  2187.47  2164.64  2116.22  2162.34  2107.87  2157.04  2224.27 
 2084.40  2037.71  2091.06  2102.57  2044.78  2076.10  2023.40  2075.12  2215.41 
 2127.40  2082.46  2161.05  2129.13  2122.59  2135.72  2089.33  2141.09  2223.26 
 2068.52  2037.45  2140.91  2079.05  2041.44  2100.77  2062.91  2083.74  2220.93 
 2103.02  2144.68  2153.16  2160.37  2081.87  2194.57  2123.98  2104.80  2241.36 
 2107.11  2069.49  2124.67  2084.06  2053.90  2112.07  2088.31  2070.72  2201.76 
 2113.11  2075.15  2157.47  2115.82  2049.73  2135.96  2100.36  2167.25  2284.48 
 2064.25  2035.36  2134.07  2097.45  2039.78  2130.48  2081.14  2088.84  2183.25 
 2125.57  2130.32  2141.52  2146.39  2110.49  2181.53  2103.03  2110.97  2246.22 
 2097.72  2043.76  2119.45  2072.31  2056.74  2151.78  2087.25  2079.64  2166.20 
 2115.72  2079.12  2152.04  2099.31  2088.39  2125.42  2098.55  2152.30  2243.34 
 2072.91  2030.56  2102.68  2072.17  2022.67  2132.09  2044.53  2063.31  2224.86 
 2128.10  2089.36  2180.32  2124.49  2120.91  2159.74  2099.05  2131.50  2246.61 
 2061.26  2036.62  2150.78  2118.62  2072.03  2079.71  2050.05  2067.16  2229.22 
 2136.34  2029.16  2174.00  2135.42  2110.53  2151.10  2118.46  2120.07  2251.40 
 2092.24  2051.19  2127.67  2086.72  2028.90  2086.09  2071.26  2078.55  2245.37 
 2173.18  2109.66  2147.66  2104.43  2080.47  2160.97  2090.64  2149.15  2282.64 
 2042.29  2065.22  2102.14  2066.40  2020.68  2088.42  2028.78  2073.55  2193.55 
 2164.95  2085.59  2186.15  2177.49  2098.26  2127.59  2097.41  2120.99  2227.73 
 2094.15  2067.34  2089.17  2107.31  2073.75  2120.16  2050.95  2099.94  2194.75 
 2088.59  2116.21  2158.42  2118.13  2157.88  2153.39  2121.08  2136.57  2229.28 
 2075.30  2025.55  2108.23  2094.84  2039.60  2102.72  2093.12  2098.70  2197.36 
 2123.34  2126.34  2172.02  2145.28  2120.22  2208.49  2144.43  2117.20  2203.44 
 2093.30  2052.95  2121.68  2080.88  2058.78  2135.78  2047.69  2078.18  2181.69 
 2121.04  2138.37  2155.98  2133.63  2096.27  2151.74  2073.41  2150.29  2252.94 
 2072.85  2044.55  2131.42  2082.97  2074.37  2111.95  2019.74  2068.40  2185.42 
 2135.10  2106.67  2163.03  2136.35  2136.20  2135.88  2122.05  2165.93  2249.64 
 2088.03  2023.56  2073.55  2103.24  2080.30  2098.97  2054.70  2055.05  2172.58 
 2141.20  2103.91  2175.28  2115.70  2119.77  2186.76  2123.72  2121.20  2248.55 
 2075.86  2080.24  2106.17  2074.80  2050.92  2143.96  2059.31  2046.83  2221.92 
 2143.93  2095.87  2124.26  2140.85  2085.02  2192.50  2137.09  2158.20  2258.13 
 2098.96  2087.13  2124.99  2057.10  2070.71  2115.43  2087.86  2056.41  2201.53 
 2103.13  2086.25  2149.83  2089.77  2099.58  2135.50  2131.69  2144.85  2241.17 
 2102.29  2001.77  2108.58  2072.57  2057.85  2090.45  2067.17  2085.19  2179.81 
 2159.69  2081.39  2143.64  2113.37  2104.96  2151.36  2070.10  2176.61  2231.54 
 2049.28  2009.85  2117.10  2105.29  2075.74  2117.49  2049.81  2071.89  2199.63 
 2124.01  2073.90  2155.05  2136.92  2112.76  2195.89  2101.27  2120.79  2252.24 
 2066.62  2024.02  2103.52  2061.47  2043.67  2086.57  2083.61  2042.07  2168.34 
 2130.60  2076.50  2156.74  2155.81  2109.60  2165.53  2119.22  2105.80  2223.28 
 2076.34  2027.88  2120.84  2040.22  2066.55  2135.22  2074.69  2066.73  2192.30 
 2125.25  2083.26  2183.00  2136.91  2084.44  2188.32  2103.62  2146.56  2197.38 
 2071.14  2027.85  2111.75  2079.39  2030.96  2132.21  2053.54  2067.23  2184.36 
 2112.10  2110.28  2145.81  2138.09  2082.03  2137.13  2124.16  2145.95  2220.63 
 2076.17  2075.14  2101.06  2060.00  2062.07  2096.82  2075.98  2104.43  2216.64 
 2116.68  2096.19  2203.07  2092.51  2100.14  2189.08  2131.52  2136.03  2251.06 
 2086.87  2040.72  2116.38  2083.78  2037.41  2097.32  2070.06  2084.33  2181.49 
 2137.66  2080.47  2148.62  2108.91  2099.45  2171.17  2128.87  2140.47  2228.01 
 2066.80  2037.62  2098.46  2091.09  2036.79  2080.16  2077.81  2096.86  2173.13 
 2097.29  2096.97  2121.22  2129.99  2103.07  2186.44  2094.77  2101.55  2287.47 
 2046.78  2016.37  2088.87  2062.41  2050.43  2083.53  2081.54  2035.23  2226.84 
 2157.20  2125.03  2204.53  2168.18  2116.53  2162.34  2092.55  2110.23  2224.66 
 2068.32  2062.34  2117.28  2046.72  2056.71  2093.27  2058.28  2046.50  2214.90 
 2129.70  2079.38  2180.21  2129.92  2091.81  2165.10  2121.24  2153.38  2237.27 
 2074.76  2013.83  2124.98  2093.43  2043.52  2125.57  2053.88  2098.51  2174.43 
 2093.22  2104.64  2164.20  2141.16  2111.57  2237.01  2108.77  2124.90  2243.74 
 2061.93  2057.57  2096.73  2081.01  2083.18  2109.55  2054.15  2098.31  2184.72 
 2140.61  2101.73  2161.34  2123.90  2117.36  2151.10  2134.36  2122.66  2266.25 
 2094.24  2067.16  2093.34  2037.95  2052.21  2101.99  2102.01  2083.51  2177.87 
 2184.56  2062.28  2177.95  2102.36  2101.86  2178.60  2137.89  2173.72  2254.41 
 2072.94  2029.24  2105.43  2077.96  2025.66  2122.40  2053.14  2049.77  2185.90 
 2097.56  2101.21  2212.50  2146.04  2080.19  2138.26  2119.58  2115.78  2251.57 
 2075.02  2068.58  2144.47  2106.08  2003.71  2104.78  2049.48  2067.84  2222.46 
 2096.51  2108.82  2191.26  2131.17  2061.86  2181.70  2120.70  2135.57  2217.59 
 2080.81  2045.17  2106.57  2080.50  2047.52  2098.80  2070.64  2069.00  2218.79 
 2127.45  2110.82  2185.95  2142.70  2081.61  2154.09  2121.53  2153.23  2278.35 
 2080.00  2008.61  2139.04  2039.99  2023.37  2089.47  2044.20  2048.43  2195.39 
 2127.66  2095.19  2190.34  2169.32  2106.97  2182.03  2123.78  2130.41  2221.89 
 2080.39  2066.60  2129.50  2091.13  2064.50  2118.49  2058.03  2068.53  2156.14 
 2135.04  2120.87  2160.55  2141.84  2101.12  2163.95  2077.50  2132.21  2235.66 
 2068.03  2040.55  2161.15  2054.66  2032.20  2103.11  2040.75  2043.69  2186.22 
 2151.09  2135.68  2174.43  2115.86  2073.32  2104.15  2087.84  2149.06  2237.13 
 2053.46  2039.67  2136.86  2101.16  2065.98  2108.95  2044.92  2107.95  2165.54 
 2129.49  2085.40  2168.30  2135.99  2084.03  2150.06  2076.22  2137.60  2271.68 
 2085.92  2063.67  2103.61  2033.36  2034.63  2109.38  2063.53  2116.99  2194.86 
 2098.06  2085.10  2186.63  2114.43  2090.72  2150.93  2076.03  2142.81  2249.81 
 2075.32  2043.05  2100.98  2082.82  2031.51  2102.87  2068.93  2084.32  2219.89 
 2125.26  2110.49  2160.73  2183.01  2108.52  2169.31  2153.54  2106.55  2197.63 
 2091.12  2053.01  2140.50  2046.49  2024.17  2066.93  2064.95  2074.87  2228.20 
 2132.38  2080.22  2202.66  2128.15  2128.98  2148.09  2126.98  2147.34  2244.82 
 2039.65  2074.94  2136.16  2100.11  2065.91  2124.20  2081.10  2076.09  2224.62 
 2152.32  2081.10  2133.27  2147.76  2106.15  2204.74  2128.53  2183.50  2252.76 
 2059.98  2052.84  2113.70  2058.08  2014.35  2121.21  2077.67  2033.31  2222.90 
 2133.80  2072.94  2156.82  2134.75  2101.91  2175.65  2124.51  2101.18  2261.98 
 2115.15  2042.28  2110.09  2066.81  2037.90  2159.53  2070.82  2078.10  2196.77 
 2139.10  2123.63  2177.51  2116.70  2117.49  2142.57  2102.50  2163.57  2268.63 
 2113.33  2048.06  2100.08  2083.49  2058.74  2086.91  2039.94  2033.87  2186.29 
 2128.20  2102.69  2134.24  2123.44  2072.72  2179.80  2116.32  2145.51  2238.10 
 2082.42  2060.59  2084.20  2069.59  2048.26  2113.60  2054.49  2068.20  2237.24 
 2122.71  2095.41  2171.64  2149.68  2071.23  2112.99  2143.15  2139.71  2237.76 
 2069.22  2040.89  2105.59  2096.23  2069.53  2116.20  2059.80  2074.70  2212.58 
 2170.78  2104.84  2163.89  2156.16  2071.15  2162.79  2123.78  2147.82  2279.74 
 2075.69  2075.73  2132.52  2109.52  2059.93  2131.29  2076.58  2082.43  2209.71 
 2036.97  2010.68  2121.41  2076.04  1981.00  2093.51  2033.59  2057.39  2154.07 
 1975.90  1977.28  2074.36  2029.56  1984.53  2047.27  1965.21  1979.16  2103.38 
 2016.79  2029.25  2115.61  2041.05  2004.02  2079.70  2054.02  2039.56  2140.11 
 2042.58  2022.81  2035.00  2007.77  1974.92  2044.81  1982.16  2006.36  2141.60 
 2067.94  1991.27  2109.45  2068.16  2034.07  2066.61  2024.50  2035.81  2176.37 
 1999.20  1949.56  2041.12  1993.71  1982.34  2030.59  1988.33  1983.09  2133.44 
 2130.48  2111.34  2199.51  2109.20  2139.29  2180.38  2125.66  2141.61  2291.54 
 2084.66  2040.36  2114.17  2080.91  2045.36  2126.30  2063.59  2029.55  2176.27 
 2107.91  2134.66  2171.88  2125.82  2105.87  2161.20  2147.91  2126.71  2247.89 
 2055.64  1995.88  2128.72  2093.66  2063.03  2138.98  2093.86  2057.28  2203.44 
 2093.77  2112.26  2162.17  2093.73  2106.59  2201.76  2111.14  2144.95  2244.63 
 2070.79  2032.06  2133.91  2062.82  2009.66  2109.38  2055.67  2122.45  2184.87 
 2141.27  2080.03  2164.05  2112.33  2086.59  2126.05  2102.84  2105.23  2286.76 
 2066.94  2062.11  2133.89  2066.85  2068.14  2109.74  2050.43  2044.15  2188.49 
 2066.56  2051.49  2112.14  2081.90  2051.19  2140.52  2082.35  2078.30  2139.21 
 2092.39  2026.64  2063.47  2092.37  2027.42  2105.99  2069.58  2072.75  2187.69 
 2062.68  2031.20  2138.44  2044.49  2022.92  2114.01  2024.69  2052.56  2160.36 
 2047.85  2061.25  2102.47  2075.00  2029.82  2095.25  2080.22  2071.10  2210.42 
 2080.34  2056.57  2067.29  2046.76  2024.49  2096.50  2063.47  2084.70  2172.54 
 2039.40  1976.83  2072.59  2040.30  2015.14  2082.18  2040.33  2045.31  2166.49 
 2085.57  2044.24  2090.38  2048.14  2017.20  2065.97  2050.96  2076.36  2125.57 
 2051.99  2048.44  2104.07  2076.19  2046.00  2111.16  2044.44  2036.25  2190.92 
 2034.15  2008.69  2120.18  2101.53  2036.02  2094.64  2044.62  2111.70  2168.84 
 2050.71  2008.67  2072.40  2033.98  2032.36  2063.94  2061.28  2045.71  2209.41 
 2079.02  2025.40  2083.24  2060.47  2005.92  2143.11  2061.11  2035.91  2158.43 
 2053.82  2054.21  2100.35  2080.70  2037.84  2099.33  2014.14  2083.57  2155.30 
 2069.18  2016.23  2085.76  2065.16  2052.24  2095.19  2059.22  2069.91  2190.23 
 2067.43  2025.83  2106.19  2112.93  2042.60  2087.70  2042.12  2077.91  2169.98 
 2060.35  2045.47  2115.30  2073.19  2010.43  2093.08  1997.21  2092.64  2174.73 
 2035.87  2059.60  2115.38  2042.96  2030.37  2113.91  2048.05  2103.23  2212.97 
 2043.11  2026.86  2133.72  2067.27  2026.94  2139.43  2059.59  2081.13  2176.53 
 2068.96  2019.21  2122.31  2059.99  2054.03  2061.16  2055.47  2050.51  2180.09 
 2050.78  2070.39  2079.20  2083.78  2048.09  2121.87  2054.04  2010.19  2165.38 
 2034.62  2014.98  2123.97  2067.48  2042.01  2070.25  2043.69  2073.65  2159.32 
 2078.39  2032.41  2086.37  2067.63  2031.07  2103.80  2029.33  2068.42  2177.81 
 2076.33  1975.58  2112.57  2085.20  2033.01  2084.61  2054.35  2077.23  2154.99 
 2028.88  2070.97  2128.64  2060.98  2026.25  2084.80  2077.78  2079.60  2192.30 
 2072.07  2026.07  2133.70  2076.59  2001.62  2081.45  2048.90  2014.30  2173.16 
 2074.75  2002.26  2096.46  2052.14  2066.55  2114.45  2033.71  2054.06  2154.47 
 2060.26  2061.43  2113.70  2095.54  2010.14  2099.73  2051.32  2085.47  2189.61 
 2072.39  2011.70  2132.50  2039.27  2056.77  2133.76  2065.53  2056.90  2171.13 
 2083.80  2070.64  2093.84  2068.37  2012.69  2110.14  2018.00  2084.95  2181.00 
 2062.61  2000.77  2102.59  2048.01  2052.54  2101.53  2043.10  2081.21  2168.88 
 2105.10  2040.96  2095.81  2068.99  2013.63  2081.73  2060.28  2055.54  2199.16 
 2080.36  2045.33  2095.73  2053.27  2040.43  2090.26  2026.83  2095.21  2164.56 
 2068.34  2037.05  2095.57  2070.87  2038.45  2086.59  2038.28  2046.36  2195.18 
 2062.61  2003.76  2124.86  2048.61  2019.30  2097.28  2053.99  2021.49  2188.46 
 2063.58  2023.83  2116.45  2090.09  2019.44  2068.68  2068.86  2063.51  2235.69 
 2032.35  2030.79  2116.46  2083.82  2013.89  2094.22  2035.26  2101.95  2225.18 
 2063.55  2036.08  2094.76  2044.02  2030.07  2078.58  2067.74  2067.39  2199.54 
 2029.92  2043.57  2086.58  2101.86  2058.32  2083.18  2078.84  2110.16  2196.64 
 2026.45  1996.95  2101.73  2070.37  2030.87  2083.88  2054.08  2031.48  2154.18 
 2065.48  2051.30  2108.47  2086.60  2082.21  2111.82  2006.60  2074.86  2204.31 
 2063.94  2080.59  2115.53  2058.55  2066.84  2093.34  2077.21  2125.75  2167.29 
 2047.23  2037.63  2123.93  2068.40  2043.65  2067.36  2056.45  2095.51  2186.91 
 2071.52  2030.11  2127.01  2061.27  2021.61  2049.11  2033.77  2046.12  2174.41 
 2040.42  2024.78  2134.49  2103.26  2043.01  2104.90  2026.51  2070.58  2156.10 
 2069.09  2038.32  2106.50  2106.03  2055.93  2096.97  2039.81  2056.20  2180.82 
 2074.55  2044.69  2098.10  2090.94  2072.87  2093.90  2033.23  2088.88  2174.54 
 2075.92  2035.02  2078.71  2081.59  2071.54  2128.88  1999.47  2091.82  2190.35 
 2093.02  2052.03  2072.68  2055.85  2035.30  2092.46  2079.96  2068.99  2166.90 
 2064.48  2062.72  2099.48  2095.51  2043.12  2131.43  2074.45  2076.39  2194.15 
 1996.74  2002.00  2090.93  2061.45  2011.38  2076.16  2039.95  2078.86  2180.90 
 2054.77  2066.49  2119.45  2084.46  2067.08  2109.64  2051.06  2082.25  2202.39 
 2084.07  2043.74  2128.90  2071.15  2038.56  2089.47  2076.79  2064.44  2221.26 
 2099.21  2032.23  2111.95  2070.10  2040.92  2057.13  2060.43  2044.48  2203.07 
 2045.29  1978.53  2117.87  2063.44  2067.60  2089.99  2042.86  2040.96  2162.25 
 2072.12  2056.33  2106.12  2066.41  2032.31  2118.10  2080.24  2093.21  2195.96 
 2067.89  2017.62  2135.24  2057.43  2027.77  2106.49  2050.77  2063.27  2161.23 
 2062.97  2037.90  2114.07  2067.66  2041.44  2092.27  2063.63  2072.20  2166.44 
 2056.71  2039.47  2115.10  2073.70  2032.55  2098.13  2056.63  2083.98  2195.19 
 2070.91  2040.80  2112.85  2087.34  2034.91  2123.26  2049.64  2086.92  2198.14 
 2040.18  2039.96  2094.88  2025.72  2062.45  2114.96  2079.08  2105.98  2147.11 
 2038.85  2021.50  2138.41  2050.74  2046.83  2141.63  2098.83  2050.38  2205.17 
 2068.23  2035.24  2058.33  2105.63  2036.69  2080.69  2061.16  2036.70  2134.09 
 2027.93  2021.45  2098.59  2036.98  2033.50  2091.28  2010.90  2067.66  2192.34 
 2051.87  2049.80  2112.98  2060.99  2035.66  2088.71  2046.15  2051.90  2224.42 
 2062.51  2003.05  2132.77  2038.51  2050.15  2104.41  2066.69  2039.90  2137.37 
 2044.58  2028.13  2135.51  2060.55  2030.62  2101.96  2054.11  2069.77  2161.67 
 2072.63  2029.41  2084.65  2093.83  2029.84  2103.49  2052.54  2071.59  2209.64 
 2046.68  2044.44  2073.99  2051.52  2044.67  2091.61  2074.93  2099.81  2164.16 
 2058.79  2003.39  2121.78  2050.94  2066.02  2110.34  2063.06  2077.09  2199.91 
 2055.30  2022.00  2102.86  2077.76  2031.96  2089.73  2055.89  2098.20  2158.69 
 2041.07  2050.54  2089.13  2059.07  2011.99  2075.27  2022.06  2020.92  2152.86 
 2060.35  2043.12  2076.35  2061.69  2031.92  2093.69  2070.62  2082.65  2171.54 
 2076.65  2014.11  2122.97  2061.94  2077.15  2101.22  2009.53  2071.91  2180.11 
 2033.27  2025.24  2097.04  2072.43  2056.44  2079.57  2053.55  2061.24  2147.42 
 2057.81  2017.83  2098.52  2090.66  2029.43  2060.14  2066.28  2082.00  2227.53 
 2078.05  2001.86  2095.32  2103.34  2053.45  2112.73  2087.14  2067.01  2178.68 
 2071.58  2017.83  2101.16  2078.63  2036.24  2056.70  2025.78  2068.02  2220.93 
 2064.84  2027.76  2133.43  2082.98  2047.82  2141.25  2045.30  2085.16  2155.70 
 2035.03  2029.83  2119.32  2096.44  2028.11  2092.41  2041.72  2103.43  2191.77 
 2008.91  2018.61  2071.24  2045.37  2039.07  2105.11  2058.11  2046.93  2147.20 
 2093.23  2038.51  2140.36  2063.25  2065.70  2071.17  2077.62  2066.18  2231.21 
 2096.84  2044.59  2113.03  2058.17  2033.40  2088.53  2042.43  2085.68  2148.11 
 2085.60  2034.34  2075.99  2062.54  2036.64  2100.82  2085.89  2074.11  2208.31 
 2044.00  2023.66  2133.73  2067.14  2037.63  2058.05  2028.49  2086.23  2174.98 
 2077.24  2031.20  2126.52  2098.23  2042.87  2070.14  2075.62  2074.92  2210.57 
 2059.21  2051.90  2133.35  2074.76  2052.39  2099.92  2054.21  2075.58  2177.47 
 2056.18  2047.73  2110.18  2075.41  2067.05  2096.60  2073.82  2052.14  2222.64 
 2023.49  2059.27  2095.98  2090.28  2065.64  2100.77  2031.61  2028.58  2193.73 
 2080.03  2054.18  2066.89  2072.25  2010.49  2055.15  2055.35  2087.57  2203.64 
 2066.39  2033.39  2111.93  2063.05  2082.55  2082.34  2078.20  2091.91  2201.13 
 2056.35  2032.18  2108.34  2088.01  2022.58  2083.08  2035.72  2053.24  2198.26 
 2074.59  2045.62  2112.28  2054.67  2058.61  2096.59  2029.33  2063.52  2160.14 
 2086.84  2038.76  2103.73  2094.32  2049.11  2116.93  2041.55  2041.15  2217.05 
 2028.21  2036.45  2108.09  2088.51  2066.63  2119.36  2074.20  2061.67  2205.40 
 2043.86  2059.81  2083.28  2048.50  2068.87  2115.63  2051.64  2060.97  2191.46 
 2084.86  2010.45  2102.11  2072.36  2028.00  2135.18  2051.17  2047.46  2207.81 
 2062.86  2051.91  2118.78  2031.76  2030.79  2082.43  2035.46  2044.85  2184.88 
 2056.39  2062.88  2120.03  2079.34  2053.35  2118.69  2075.53  2075.22  2197.04 
 2095.26  2034.64  2108.88  2052.74  2048.40  2068.74  2060.06  2055.47  2159.99 
 2090.28  2011.03  2121.51  2064.67  2017.69  2101.43  2090.41  2030.57  2170.75 
 2041.14  2053.92  2098.46  2050.85  2042.40  2090.73  2046.95  2107.08  2160.99 
 2086.88  2001.78  2129.72  2052.72  2073.93  2086.20  2076.81  2096.01  2190.16 
 2020.61  2046.29  2107.71  2047.43  2035.95  2067.28  2019.06  2078.18  2230.60 
 2089.17  2034.60  2102.42  2087.57  2050.34  2109.03  2071.32  2085.53  2156.01 
 2085.10  2030.91  2102.25  2070.05  2043.47  2126.75  2024.41  2062.92  2228.18 
 2088.27  2002.38  2118.94  2086.90  2037.79  2088.98  2054.66  2093.45  2185.84 
 2066.77  2039.66  2111.85  2077.82  2049.49  2104.23  2042.64  2043.44  2178.83 
 2063.82  2034.21  2079.89  2086.89  2041.97  2094.99  2085.46  2080.59  2201.96 
 2032.58  2021.77  2122.15  2038.98  2029.63  2138.78  2060.81  2078.40  2183.14 
 2058.43  2030.24  2107.54  2126.87  2023.77  2063.53  2018.93  2100.94  2166.41 
 2086.28  2008.38  2112.42  2058.18  1995.66  2090.21  2052.72  2048.84  2190.28 
 2043.11  2014.58  2082.15  2080.02  2064.31  2100.65  2066.97  2073.01  2168.41 
 2021.05  2064.42  2074.39  2069.36  2022.14  2069.10  2080.01  2074.67  2162.79 
 2050.32  2050.61  2046.77  2091.09  2010.29  2129.96  2027.29  2026.72  2191.22 
 2068.45  2022.95  2098.41  2045.47  1993.93  2076.45  2010.76  2125.07  2196.45 
 2083.16  2015.42  2098.50  2069.41  2060.74  2072.62  2037.03  2059.07  2151.47 
 2081.01  2045.85  2068.07  2106.16  2007.70  2085.11  2031.37  2076.61  2189.14 
 2039.25  2019.15  2113.74  2081.38  2056.03  2098.32  2035.77  2109.05  2152.46 
 2092.77  2065.57  2124.85  2067.76  2013.67  2100.43  2063.07  2097.78  2167.97 
 2067.39  2028.21  2110.64  2051.11  2032.96  2104.94  2080.76  2088.45  2210.27 
 2083.80  2021.72  2113.38  2067.48  2032.11  2136.88  2051.37  2081.41  2213.25 
 2056.06  2025.83  2128.61  2047.06  2030.59  2119.72  2027.81  2074.14  2187.62 
 2087.04  2051.79  2131.84  2085.00  2069.11  2075.59  2070.87  2065.14  2206.16 
 2081.81  1991.65  2128.23  2075.95  2038.52  2071.70  2034.13  2036.66  2192.66 
 2117.34  2023.03  2132.66  2087.67  2025.57  2106.69  2085.97  2063.28  2188.44 
 2076.74  2021.99  2137.53  2076.53  2013.72  2112.27  2084.86  2109.68  2196.89 
 2073.54  2033.36  2118.90  2070.66  2020.12  2114.46  2014.07  2090.92  2198.46 
 2059.80  2051.72  2084.97  2057.20  2011.06  2070.60  2059.84  2097.42  2186.85 
 2089.23  2019.03  2136.96  2048.78  2024.70  2103.50  2064.37  2121.74  2207.56 
 2040.55  2053.34  2103.62  2046.73  2011.63  2097.16  2036.39  2086.03  2181.22 
 2088.48  2031.09  2077.68  2081.10  2037.42  2115.54  2042.16  2052.92  2154.40 
 2034.55  2006.74  2140.49  2090.84  2038.83  2076.81  2028.86  2081.71  2145.05 
 2078.35  2079.36  2135.61  2087.16  1983.16  2090.14  2080.40  2074.52  2203.67 
 2020.59  2034.87  2113.85  2074.11  2064.31  2091.17  2070.62  2092.93  2145.10 
 2079.40  2028.62  2101.43  2039.42  2069.78  2082.18  2038.55  2060.19  2174.38 
 2053.36  2041.12  2053.73  2098.67  2064.35  2088.09  2031.65  2037.03  2165.58 
 2031.73  2009.68  2082.75  2050.71  2017.51  2093.63  2032.46  2039.68  2199.28 
 2034.34  1998.43  2084.80  2059.17  2070.94  2094.27  2035.47  2084.12  2162.06 
 2089.03  2079.45  2112.60  2082.78  2059.76  2105.46  2061.21  2068.34  2174.99 
 2054.23  2006.95  2071.12  2058.31  2028.22  2067.53  2051.00  2039.97  2175.21 
 2050.45  2025.48  2155.83  2091.82  2061.01  2075.12  1996.78  2081.69  2206.94 
 2061.42  2068.36  2090.58  2068.80  2012.03  2127.43  2065.95  2076.23  2197.11 
 2089.86  2028.77  2140.24  2042.00  2007.34  2079.53  2096.08  2077.98  2179.52 
 2030.26  2046.97  2108.60  2064.73  2027.47  2083.73  2013.46  2077.02  2175.01 
 2078.05  2042.48  2086.52  2062.69  2050.36  2073.50  2058.12  2063.55  2194.93 
 2093.36  1991.05  2130.05  2065.87  2062.93  2150.40  2016.58  2087.23  2159.52 
 2057.48  2055.26  2103.11  2056.01  2031.87  2113.73  2021.74  2052.78  2217.72 
 2052.95  2047.87  2088.19  2090.80  2031.86  2099.54  2051.92  2059.78  2181.22 
 2102.78  2033.62  2152.95  2127.61  2037.38  2103.97  2019.18  2075.02  2187.86 
 2077.38  2027.25  2123.69  2095.97  2029.95  2081.48  2036.75  2088.72  2165.67 
 2066.71  2026.41  2089.80  2104.40  2023.75  2106.22  2033.82  2056.90  2216.18 
 2091.31  2051.36  2114.24  2054.56  2023.84  2059.32  2021.84  2082.07  2187.42 
 2045.68  2022.50  2093.51  2078.16  2036.10  2104.86  2049.93  2094.00  2201.74 
 2067.79  2037.59  2149.35  2065.50  2068.26  2115.30  2084.90  2077.49  2186.93 
 2053.05  2049.09  2103.45  2075.41  2067.13  2090.62  2041.38  2045.25  2201.42 
 1989.72  2044.37  2069.64  2065.13  2066.70  2120.27  2075.02  2069.45  2165.40 
 2064.79  2017.40  2121.91  2050.56  2005.31  2099.08  2063.74  2105.60  2202.53 
 2074.90  2043.12  2153.75  2080.36  2032.66  2065.57  2067.40  2065.00  2206.33 
 2071.49  2064.60  2098.04  2061.63  2035.29  2081.17  2065.81  2080.21  2195.03 
 2043.80  2037.06  2118.60  2076.12  2015.97  2135.30  2069.31  2043.10  2180.03 
 2102.14  2010.31  2069.11  2105.43  2012.72  2120.18  2037.61  2101.95  2187.25 
 2051.37  2060.97  2083.60  2086.41  2043.36  2096.74  2043.07  2041.47  2170.61 
 2053.91  2016.87  2079.51  2091.61  2055.15  2066.29  2075.64  2038.31  2184.10 
 2050.67  1992.17  2081.85  2067.70  2038.63  2118.61  2064.30  2065.90  2156.47 
 2069.45  2001.84  2135.90  2093.50  2037.38  2077.57  2057.92  2070.85  2176.44 
 2061.60  2058.94  2071.55  2090.13  2037.19  2102.64  2063.01  2034.55  2183.61 
 2063.22  2030.22  2105.57  2063.18  2027.06  2118.15  2042.40  2042.87  2170.43 
 2031.58  2033.18  2138.35  2101.35  2040.07  2117.59  2064.03  2094.37  2155.56 
 2048.47  2031.49  2118.47  2060.72  2056.37  2123.75  2030.64  2068.85  2158.52 
 2089.78  2072.42  2138.48  2121.82  2022.64  2082.81  2050.44  2082.03  2157.76 
 2034.58  2035.90  2118.24  2077.74  2063.34  2088.95  2063.42  2095.82  2189.94 
 2065.35  2018.06  2157.11  2057.12  2052.72  2099.57  2074.50  2069.14  2186.75 
 2082.44  1964.71  2104.13  2053.67  2061.89  2079.67  2005.87  2023.30  2210.01 
 2060.92  2021.61  2135.16  2072.01  2012.39  2071.26  2073.43  2107.97  2172.97 
 2049.74  2068.91  2103.09  2102.28  1983.50  2068.88  2075.28  2072.83  2173.12 
 2086.75  2032.46  2115.53  2091.41  2045.71  2092.47  2035.68  2077.18  2145.36 
 2087.43  2027.07  2080.97  2065.23  1989.56  2101.91  2069.05  2072.55  2191.12 
 2048.85  2041.54  2110.03  2108.63  2044.41  2077.99  2089.52  2117.10  2200.49 
 2047.68  2064.66  2106.34  2043.25  2035.49  2077.81  2043.17  2038.88  2219.03 
 2067.22  2014.68  2122.50  2115.93  2023.72  2086.00  2057.76  2066.14  2176.61 
 2080.77  2038.38  2098.18  2078.31  2018.98  2119.07  2076.92  2029.98  2165.11 
 2037.69  2012.26  2101.32  2092.47  2067.10  2115.30  2058.75  2098.91  2184.53 
 2058.85  1993.61  2121.87  2096.09  2002.91  2065.72  2084.85  2065.58  2168.65 
 2063.24  2046.12  2065.08  2037.57  2062.92  2103.58  2049.46  2051.42  2186.88 
 2045.62  2014.17  2122.30  2089.57  2050.24  2115.46  2042.72  2049.84  2181.43 
 2056.77  2027.30  2091.90  2079.04  2032.11  2090.77  2071.79  2028.71  2190.55 
 2070.64  2040.70  2083.15  2060.25  2029.66  2113.76  2029.43  2060.77  2195.08 
 2081.19  2027.57  2152.92  2072.41  2000.10  2076.58  2063.82  2041.56  2180.24 
 2094.51  2062.46  2097.59  2079.58  2034.60  2076.65  2050.21  2067.79  2156.65 
 2088.66  2012.46  2114.03  2074.53  2051.98  2080.03  2057.36  2046.31  2164.09 
 2075.13  2009.01  2056.41  2084.55  1997.02  2105.20  2043.78  2121.91  2192.64 
 2060.65  2042.55  2093.83  2029.74  2016.13  2119.32  2064.31  2068.11  2167.57 
 2041.67  2036.03  2113.75  2095.83  2081.11  2105.62  2082.81  2090.29  2220.09 
 2059.54  1991.89  2117.33  2081.73  2024.72  2118.14  2049.64  2082.12  2177.43 
 2043.83  2033.38  2117.13  2094.26  2058.67  2096.80  2052.24  2049.31  2179.82 
 2036.66  2066.40  2100.22  2076.17  2039.28  2125.85  2036.17  2078.31  2189.11 
 2041.29  2066.47  2098.53  2055.33  2059.97  2110.86  2050.53  2055.45  2174.12 
 2061.27  2048.55  2129.71  2087.45  2052.48  2105.37  2043.19  2055.90  2187.45 
 2035.60  2036.88  2139.19  2102.66  2015.13  2119.67  2073.63  2095.72  2186.49 
 2066.70  2000.48  2079.93  2078.82  2031.97  2093.23  2049.19  2071.60  2219.76 
 2026.97  2027.95  2096.10  2087.37  2042.53  2107.04  2030.11  2064.54  2176.77 
 2075.53  2024.78  2105.90  2047.64  2049.88  2128.18  2048.80  2084.72  2185.53 
 2081.25  2047.80  2107.40  2064.34  2019.42  2076.50  2049.25  2104.08  2183.82 
 2040.84  2050.71  2098.28  2053.22  2077.35  2118.20  2035.50  2071.96  2170.61 
 2064.87  2045.75  2090.87  2068.02  2065.93  2080.65  2032.20  2104.73  2150.58 
 2045.48  2014.44  2117.89  2096.93  2021.27  2128.26  2015.98  2050.41  2151.61 
 2072.27  2009.85  2114.63  2067.84  2010.82  2103.66  2033.10  2070.20  2181.18 
 2061.30  2048.46  2096.08  2049.05  2051.70  2107.77  2060.15  2070.75  2168.51 
 2065.94  2052.12  2133.01  2092.56  2022.29  2090.56  2054.22  2078.69  2229.24 
 2055.45  2035.05  2117.07  2050.70  2076.28  2103.46  2031.09  2043.74  2186.53 
 2083.34  2032.89  2100.79  2072.61  2042.31  2056.30  2030.80  2029.59  2157.80 
 2106.35  2003.15  2100.97  2084.74  2053.40  2076.26  2067.01  2076.73  2168.63 
 2086.32  2036.18  2083.07  2116.16  2020.44  2068.64  2050.91  2074.52  2201.75 
 2058.29  2061.55  2127.96  2094.88  2072.87  2110.41  2047.99  2066.46  2190.78 
 2013.29  2039.40  2130.64  2059.73  2064.11  2072.04  2066.42  2041.97  2192.60 
 2055.28  2053.06  2101.69  2063.82  2053.82  2121.54  2048.22  2099.44  2187.05 
 2061.87  2025.68  2129.60  2081.72  2007.49  2128.57  2045.90  2050.24  2188.05 
 2064.80  2006.62  2079.39  2105.80  2059.33  2101.41  2062.75  2055.96  2157.38 
 2063.58  2051.24  2062.11  2049.18  2049.38  2059.73  2065.66  2071.74  2168.79 
 2058.11  2022.12  2146.61  2076.58  2057.79  2086.20  2054.06  2056.66  2185.59 
 2085.40  2032.63  2091.85  2135.97  2053.07  2072.51  2040.65  2006.61  2174.92 
 2085.66  2042.73  2092.17  2044.26  2002.20  2096.19  2055.05  2039.51  2191.21 
 2073.30  2050.46  2111.43  2045.66  2039.32  2112.80  2050.43  2087.90  2185.96 
 2068.87  2052.88  2086.89  2051.89  1990.26  2101.66  2095.91  2070.73  2131.90 
 2097.02  2067.15  2123.46  2091.52  2022.13  2093.41  2049.09  2111.09  2171.16 
 2075.16  2031.90  2109.72  2049.82  2013.49  2079.33  2023.95  2081.15  2180.15 
 2057.12  2024.09  2106.08  2055.86  2012.60  2071.11  2031.59  2088.69  2193.73 
 2077.70  2069.88  2112.83  2060.38  2038.23  2127.17  2052.96  2017.83  2173.30 
 2087.99  2053.87  2099.13  2066.33  2039.01  2061.33  2054.22  2059.34  2174.01 
 2035.92  2030.08  2115.76  2101.52  2073.34  2118.47  2046.55  2055.74  2192.75 
 2031.65  2064.72  2083.13  2057.43  2038.25  2132.11  2058.26  2068.20  2217.04 
 2066.69  2031.06  2110.05  2043.99  2044.84  2123.86  2075.45  2094.98  2217.06 
 2074.97  2015.24  2097.61  2052.60  2050.24  2064.49  2044.84  2065.45  2195.06 
 2054.38  2052.24  2104.18  2099.05  2001.51  2141.14  2062.57  2059.92  2162.62 
 2066.02  2036.29  2132.85  2062.72  2021.06  2089.18  2039.95  2054.35  2203.76 
 2092.38  2026.57  2109.02  2075.04  2077.39  2091.23  2048.87  2085.26  2178.03 
 2065.38  2002.72  2140.06  2103.22  2005.73  2103.51  2033.22  2078.70  2206.46 
 2106.73  2056.47  2092.79  2094.68  2044.18  2079.98  2059.47  2064.19  2182.45 
 2087.49  2056.68  2105.27  2059.57  2066.75  2088.82  2059.20  2067.94  2211.92 
 2061.76  2015.78  2118.12  2093.11  2038.91  2106.30  2058.00  2067.52  2207.59 
 2093.53  2026.88  2111.81  2053.48  2032.24  2116.72  2070.83  2072.82  2194.60 
 2065.77  2048.57  2101.57  2031.37  2024.37  2138.30  2043.13  2063.76  2217.42 
 2035.60  2033.88  2108.26  2098.49  2044.42  2093.47  2041.17  2053.06  2129.39 
 2054.50  2047.94  2148.95  2049.91  2070.49  2146.32  2054.83  2089.28  2177.78 
 2072.78  2015.48  2123.49  2073.47  2064.34  2126.87  2030.99  2036.70  2146.10 
 2078.91  2014.09  2091.79  2049.74  2026.81  2082.66  2026.02  2090.59  2154.16 
 2054.14  2038.91  2154.91  2103.68  2041.48  2072.39  2070.15  2056.79  2189.97 
 2051.54  2014.26  2064.86  2075.77  2070.25  2077.40  2038.34  2103.65  2173.15 
 2077.08  2042.95  2113.15  2060.18  2030.44  2111.03  2032.24  2053.16  2196.04 
 2080.85  2066.92  2112.24  2113.95  2035.29  2088.00  2053.03  2100.61  2184.14 
 2037.45  2001.45  2080.29  2064.34  2046.33  2164.70  2059.94  2067.24  2193.35 
 2055.60  2039.61  2136.33  2072.04  2030.96  2101.09  2014.37  2072.09  2161.89 
 2042.95  2033.69  2096.88  2041.01  2042.33  2078.08  2048.72  2067.02  2213.31 
 2058.67  2041.30  2089.71  2080.51  2031.95  2086.37  2038.70  2077.72  2186.06 
 2061.76  2005.20  2123.13  2064.87  2038.06  2087.15  2074.63  2076.60  2176.91 
 2047.19  1982.28  2115.05  2087.89  2060.47  2088.81  2054.97  2031.71  2180.98 
 2097.70  2014.37  2093.02  2075.57  2007.89  2079.24  2032.29  2075.64  2197.02 
 2042.41  2071.45  2112.44  2065.78  2014.68  2096.29  2008.00  2067.39  2181.07 
 2029.35  2008.90  2115.88  2034.50  2021.90  2080.81  2068.03  2066.84  2181.93 
 2037.49  2059.91  2094.77  2101.98  2004.35  2154.13  2058.01  2076.50  2150.84 
 2023.79  2017.89  2081.35  2065.35  2010.94  2055.86  2086.61  2064.91  2214.93 
 2068.90  2017.54  2111.99  2059.81  2054.61  2129.47  2065.17  2075.95  2151.12 
 2062.57  2056.85  2129.66  2088.61  2041.19  2063.84  2064.07  2088.64  2169.80 
 2067.31  2040.03  2106.43  2068.59  2056.86  2114.65  2077.47  2088.50  2183.26 
 2061.64  2053.51  2117.76  2075.34  2043.06  2125.39  2013.37  2063.90  2201.63 
 2044.72  2075.01  2112.61  2058.59  2042.07  2091.49  2080.43  2078.33  2150.54 
 2086.46  2067.40  2113.64  2035.34  2009.28  2082.02  2088.01  2081.02  2149.22 
 2048.14  2001.94  2102.25  2063.40  2054.60  2126.16  2029.91  2075.68  2185.36 
 2108.15  2059.02  2107.89  2048.68  2027.23  2076.08  2027.93  2107.47  2200.05 
 2061.48  2023.32  2123.41  2062.63  2042.45  2074.15  2061.29  2055.06  2162.86 
 2074.18  2036.84  2092.74  2108.24  2040.15  2072.85  2063.85  2056.41  2132.34 
 2059.13  2009.83  2121.30  2087.43  2018.95  2118.47  2044.07  2065.68  2176.85 
 2086.96  2029.68  2129.99  2104.96  2057.56  2070.05  2063.48  2032.08  2209.87 
 2049.39  2053.91  2130.95  2081.64  2015.29  2112.97  2054.26  2074.21  2194.91 
 2058.86  2019.21  2075.49  2044.23  2047.28  2082.63  2034.72  2067.52  2194.07 
 2066.00  2013.75  2081.62  2039.03  2039.40  2116.76  2071.29  2043.53  2127.73 
 2066.36  2025.36  2146.66  2089.21  2013.57  2118.80  2046.44  2099.33  2190.77 
 2074.75  2019.49  2137.99  2064.06  2004.82  2126.28  2070.64  2071.89  2176.14 
 2061.63  2068.19  2092.89  2059.62  2050.23  2103.07  2069.85  2097.25  2222.60 
 2053.73  2011.83  2112.63  2082.51  2027.55  2087.48  2024.24  2100.89  2183.69 
 2070.70  2063.93  2070.86  2067.29  2055.65  2126.99  2058.84  2101.08  2208.57 
 2051.53  1989.49  2182.28  2082.37  2024.43  2096.88  2074.82  2062.61  2158.47 
 2053.27  2038.68  2097.46  2059.27  2057.75  2069.43  2046.12  2065.62  2185.87 
 2066.27  2039.46  2103.86  2086.02  2022.70  2094.12  2060.36  2097.10  2143.89 
 2097.02  2069.89  2108.28  2069.21  2046.35  2126.19  2044.54  2099.61  2214.50 
 2092.26  1983.67  2126.65  2070.63  2084.92  2118.28  2074.51  2071.30  2161.42 
 2069.07  2072.90  2147.39  2056.60  2028.43  2129.31  2062.02  2051.61  2212.23 
 2092.28  2062.06  2117.70  2068.24  2027.47  2080.39  2045.87  2063.22  2183.90 
 2090.24  2032.54  2130.34  2067.91  2077.68  2123.91  2074.21  2076.03  2197.54 
 2029.78  2033.39  2105.48  2063.72  2047.05  2117.13  2037.75  2110.71  2240.81 
 2011.56  2045.93  2085.71  2022.41  1991.55  2093.64  2059.04  2057.55  2198.08 
 2051.30  2028.46  2096.30  2044.66  2035.95  2115.12  2039.83  2087.24  2177.53 
 2058.64  2034.15  2124.69  2095.21  2029.89  2108.55  2049.32  2063.59  2160.14 
 2062.66  2040.69  2094.34  2082.68  2046.63  2111.21  2070.42  2074.73  2160.73 
 2047.35  2026.73  2109.16  2070.16  2070.95  2092.39  2017.27  2093.66  2177.80 
 2037.70  2035.80  2142.10  2112.12  2032.01  2084.77  2047.71  2047.85  2142.22 
 2107.81  2038.31  2108.84  2091.95  2064.44  2115.65  2051.04  2076.69  2212.57 
 2037.18  2059.25  2110.01  2074.17  2046.31  2065.56  2072.82  2037.89  2176.40 
 2043.37  2036.75  2123.87  2080.98  2079.39  2107.04  2049.80  2104.10  2182.63 
 2084.61  2047.51  2090.92  2053.77  2043.77  2071.34  2037.36  2037.83  2179.20 
 2109.56  2029.16  2105.95  2067.44  2021.94  2114.69  2034.12  2073.10  2207.57 
 2079.36  2031.46  2094.71  2054.93  2053.26  2094.45  2045.88  2060.16  2204.38 
 2057.70  2034.56  2082.16  2067.35  2044.55  2088.85  2066.20  2075.00  2141.91 
 2054.26  2015.13  2094.27  2069.07  2022.06  2136.68  2065.01  2089.15  2154.09 
 2060.39  2043.35  2162.32  2063.27  2070.03  2099.17  2058.56  2078.34  2207.03 
 2075.09  2012.53  2167.63  2054.78  2050.97  2098.43  2042.09  2061.62  2178.62 
 2052.15  2052.32  2108.47  2066.26  2034.03  2115.47  2042.10  2095.81  2193.81 
 2024.46  1977.74  2080.11  2024.80  2061.28  2126.26  2079.04  2052.37  2183.67 
 2044.70  2032.44  2136.08  2066.94  2017.12  2078.16  2035.74  2052.80  2208.04 
 2055.60  2075.79  2118.61  2072.40  2023.33  2128.52  2048.46  2070.89  2195.74 
 2031.51  2043.61  2125.56  2070.99  2060.18  2067.11  2074.56  2075.82  2185.24 
 2047.93  2014.83  2079.86  2023.08  2027.12  2105.98  2046.42  2102.55  2170.46 
 2091.43  2062.64  2092.41  2061.18  2067.45  2076.86  2033.64  2064.08  2239.54 
 2065.71  2000.80  2126.95  2077.97  2064.13  2102.29  2029.40  2075.38  2162.16 
 2042.80  2055.64  2074.25  2063.17  2048.95  2071.13  2045.16  2047.63  2180.24 
 2069.67  2060.70  2103.27  2071.29  2015.43  2104.43  2031.51  2054.21  2170.10 
 2094.92  2046.12  2118.29  2024.73  2045.35  2093.04  2064.55  2045.01  2140.68 
 2027.56  2047.56  2117.50  2091.33  2077.74  2080.07  2066.10  2067.93  2186.87 
 2070.06  2052.14  2097.42  2070.97  2032.24  2082.51  2077.74  2113.73  2163.93 
 2059.12  2019.42  2110.64  2081.89  2037.52  2099.18  2079.35  2066.46  2162.49 
 2079.18  2021.74  2096.48  2118.26  2022.43  2084.44  2034.10  2097.66  2168.13 
 2053.40  2038.12  2078.63  2051.51  1999.61  2097.72  2040.35  2087.88  2177.72 
 2091.78  2039.64  2103.03  2068.99  2012.36  2104.22  2069.74  2093.47  2205.19 
 2064.66  2006.14  2130.67  2087.91  2042.28  2116.07  2074.15  2083.95  2201.72 
 2080.46  2034.72  2087.21  2080.88  2028.12  2076.50  2020.50  2045.85  2184.41 
 2074.66  2016.52  2119.87  2082.45  2020.48  2104.41  2019.51  2092.79  2196.75 
 2064.50  2047.78  2121.12  2030.94  2048.18  2080.08  2062.95  2087.49  2165.84 
 2039.55  2058.11  2073.90  2098.14  2037.68  2112.65  2051.64  2057.99  2186.47 
 2069.18  2015.40  2049.80  2064.61  2051.13  2083.56  2018.12  2086.75  2211.05 
 2055.64  2044.29  2091.09  2096.11  2024.77  2131.32  2012.38  2037.61  2204.65 
 2094.91  2025.91  2082.70  2064.14  2031.89  2098.66  2031.28  2051.30  2214.24 
 2067.26  2036.98  2085.70  2042.37  2010.72  2085.54  2055.70  2072.26  2201.31 
 2075.33  2037.59  2118.98  2071.64  2017.80  2099.56  2030.66  2090.10  2205.18 
 2081.71  2043.21  2110.88  2079.33  2042.71  2083.55  2050.81  2096.49  2219.01 
 2043.49  1991.48  2085.28  2096.45  2024.47  2071.60  2048.49  2057.21  2209.26 
 2048.59  2013.44  2045.15  2045.52  2030.42  2106.71  2026.06  2089.68  2168.18 
 2053.56  2017.39  2156.66  2090.18  2023.62  2093.90  2040.42  2069.00  2215.42 
 2059.97  2014.15  2134.55  2044.71  2042.30  2112.60  2054.01  2072.04  2205.68 
 2085.74  2052.02  2073.27  2064.96  2023.56  2100.04  2041.81  2033.24  2191.32 
 2078.04  2041.58  2106.54  2097.19  2041.11  2071.78  2021.93  2089.54  2165.21 
 2040.56  2038.53  2075.95  2046.23  2004.32  2066.37  2106.08  2016.73  2197.21 
 2056.18  2065.53  2113.36  2033.83  2035.33  2097.33  2038.14  2079.44  2169.20 
 2065.91  2030.27  2113.97  2053.51  2061.35  2102.22  2078.82  2095.39  2185.24 
 2051.84  2031.79  2106.18  2043.46  2061.55  2076.99  2030.33  2074.14  2178.85 
 2017.84  2075.20  2115.44  2043.30  2040.29  2091.25  2046.65  2064.36  2186.53 
 2037.41  2051.91  2108.48  2092.09  2049.18  2090.34  2043.72  2074.08  2184.85 
 2086.67  2030.01  2115.41  2059.78  2036.89  2105.84  2067.69  2041.84  2177.87 
 2071.23  2049.07  2092.89  2084.38  2036.43  2117.08  2082.22  2078.13  2136.49 
 2097.31  2047.24  2101.76  2079.81  2043.57  2080.67  2072.67  2083.25  2192.88 
 2084.13  2071.33  2055.16  2109.25  2034.38  2083.64  2055.04  2064.80  2187.90 
 2059.12  2076.31  2103.19  2094.30  2004.12  2102.41  2054.75  2045.75  2188.92 
 2096.05  2022.20  2107.24  2051.56  2015.71  2097.33  2068.58  2054.76  2205.08 
 2083.17  2043.25  2090.68  2089.71  2044.91  2102.30  2069.96  2073.33  2190.99 
 2065.69  2059.70  2129.22  2067.45  2053.17  2101.30  2045.61  2051.53  2210.00 
 2025.82  2004.46  2071.64  2061.00  2007.11  2069.61  2017.26  2067.10  2166.15 
 2070.96  2020.85  2107.93  2097.16  1991.98  2115.79  2019.98  2094.78  2196.64 
 2115.14  2020.17  2125.65  2068.71  2018.94  2077.45  2057.68  2062.53  2197.76 
 2072.00  2030.93  2142.46  2064.55  2040.24  2106.99  2049.87  2075.67  2194.67 
 2088.55  2062.78  2116.69  2060.81  2033.53  2085.66  2060.38  2095.52  2175.50 
 2062.89  2039.19  2104.06  2061.26  2006.65  2088.27  2049.75  2092.66  2188.16 
 2062.78  2019.25  2063.74  2099.48  2039.13  2106.09  2003.38  2091.65  2175.26 
 2072.00  2023.40  2112.24  2087.33  2007.00  2108.44  2025.96  2075.79  2173.09 
 2056.03  2036.55  2115.60  2077.19  2066.16  2143.99  2055.76  2046.33  2178.18 
 2050.53  2018.15  2107.16  2101.91  2050.61  2074.65  2038.51  2072.06  2146.21 
 2073.94  2027.20  2090.40  2085.05  2050.80  2087.07  2072.37  2044.17  2182.15 
 2037.86  2035.03  2133.00  2013.52  2027.38  2094.03  2042.84  2081.81  2167.37 
 2076.29  2006.82  2115.91  2094.84  2038.23  2083.60  2056.33  2093.96  2169.75 
 2038.63  2020.49  2067.20  2082.23  2062.36  2096.78  2067.27  2051.30  2197.60 
 2074.26  2041.57  2106.15  2082.17  2024.38  2126.15  2042.50  2102.63  2172.18 
 2096.36  1999.29  2075.40  2088.88  2056.00  2101.43  2040.12  2054.17  2159.47 
 2045.68  2015.78  2114.62  2044.41  2019.91  2081.92  2029.16  2029.93  2163.67 
 2087.73  2015.96  2096.11  2065.17  2047.61  2101.41  2026.72  2071.17  2183.49 
 2049.66  2048.14  2073.34  2087.63  2046.23  2088.34  2052.96  2042.54  2215.38 
 2041.55  2090.54  2138.79  2075.47  2025.23  2089.15  2040.40  2060.07  2187.16 
 2045.92  2056.19  2126.54  2032.66  2055.64  2063.58  2031.88  2099.15  2170.76 
 2070.79  2021.74  2126.84  2078.02  1989.67  2077.88  2071.88  2065.65  2157.14 
 2059.14  2037.30  2092.26  2094.55  2049.32  2107.19  2033.71  2033.81  2198.45 
 2099.13  2025.10  2131.25  2043.22  2054.95  2045.49  2034.48  2076.79  2202.12 
 2079.54  2066.68  2117.77  2057.12  2058.30  2110.61  2057.21  2065.10  2172.37 
 2039.13  2005.81  2102.93  2089.39  2051.63  2068.46  2039.90  2058.68  2214.49 
 2062.58  2080.05  2089.73  2103.31  2041.53  2087.57  2026.89  2070.63  2232.13 
 2098.76  2028.24  2143.32  2091.55  2009.28  2109.65  2023.96  2054.24  2174.45 
 2040.32  2031.71  2096.69  2113.01  2004.01  2082.58  2042.05  2068.78  2194.57 
 2090.14  2034.46  2095.64  2037.39  2012.22  2096.90  2056.13  2049.88  2175.89 
 2113.43  2051.58  2084.63  2069.35  2016.64  2100.30  2049.50  2047.45  2193.36 
 2044.66  2032.47  2079.71  2089.48  2047.72  2143.67  2081.88  2088.58  2200.64 
 2059.57  2027.25  2117.84  2054.67  2055.16  2100.68  2048.99  2069.56  2215.10 
 2071.12  2062.66  2110.25  2085.19  2003.45  2033.80  2048.80  2067.48  2180.95 
 2074.85  2048.12  2080.11  2071.39  2010.57  2060.95  2061.91  2084.39  2167.85 
 2063.31  2035.49  2120.16  2048.14  2030.00  2094.44  2053.12  2060.17  2161.71 
 2093.38  2040.11  2132.49  2031.13  2029.24  2088.03  2018.80  2053.93  2173.84 
 2060.88  1997.18  2085.49  2023.78  2040.15  2084.66  2058.94  2059.06  2126.26 
 2104.45  2046.30  2140.61  2065.09  1987.77  2098.59  2046.29  2057.74  2187.93 
 2069.11  2023.02  2107.43  2090.42  1989.09  2081.08  2067.22  2078.66  2208.00 
 2088.01  2025.78  2122.71  2070.30  2009.81  2079.08  2068.57  2092.85  2187.86 
 2050.08  2051.56  2107.64  2060.96  2080.90  2099.66  2055.83  2094.90  2179.09 
 2053.71  2049.18  2099.06  2068.76  2023.95  2071.34  2098.73  2105.61  2178.97 
 2055.87  2003.97  2090.81  2085.46  2021.01  2130.57  2050.49  2102.55  2175.22 
 2017.84  2023.17  2097.04  2079.26  2052.45  2060.09  2082.46  2048.14  2148.37 
 2044.46  2027.25  2111.28  2082.19  2003.82  2097.94  2021.87  2062.94  2181.60 
 2076.05  2074.84  2137.18  2082.93  2020.77  2115.11  2072.26  2072.99  2159.26 
 2065.37  2025.82  2089.32  2081.24  2073.83  2079.15  2061.96  2057.16  2194.49 
 2082.51  2010.67  2095.53  2109.14  2018.40  2099.43  2027.12  2048.50  2190.64 
 2056.65  2009.89  2089.34  2083.21  2042.60  2110.06  2063.18  2052.41  2177.03 
 2072.65  2070.29  2105.45  2093.50  2053.01  2131.24  2079.55  2086.66  2183.24 
 2083.22  2002.36  2101.84  2072.96  2096.58  2095.85  2064.69  2044.53  2180.86 
 2072.74  2020.48  2068.80  2025.43  2044.66  2132.51  2038.37  2054.78  2179.68 
 2056.13  2072.28  2137.81  2078.29  2031.43  2090.67  2061.04  2054.02  2195.74 
 2051.70  2035.62  2100.90  2060.02  2047.86  2105.08  2034.32  2070.41  2187.25 
 2054.95  2040.34  2131.61  2111.94  2040.40  2140.10  2057.11  2070.49  2197.54 
 2039.68  2005.43  2091.64  2081.13  2028.38  2129.16  2042.42  2116.93  2196.40 
 2078.87  2050.05  2056.80  2098.39  2034.22  2112.75  2089.36  2067.30  2155.68 
 2065.25  2044.14  2085.45  2070.78  2064.68  2097.85  2027.16  2061.31  2207.29 
 2102.30  2046.85  2085.34  2062.59  2036.06  2109.45  2020.40  2033.54  2193.26 
 2050.16  2063.41  2107.62  2066.81  2030.71  2121.77  2077.80  2098.74  2171.31 
 2053.02  2066.65  2130.45  2052.89  2043.26  2087.55  2053.68  2069.86  2215.71 
 2044.61  2074.65  2152.57  2089.33  2046.49  2105.79  2047.51  2087.18  2172.45 
 2068.74  2041.98  2118.31  2076.14  2038.95  2105.54  2061.49  2082.44  2156.01 
 2036.65  2032.36  2096.84  2025.96  2077.76  2068.71  2039.41  2051.22  2204.41 
 2073.62  2042.44  2083.84  2091.75  2027.09  2105.55  2069.68  2046.38  2146.17 
 2062.52  2035.42  2122.94  2088.84  2028.22  2123.21  2037.43  2071.42  2184.85 
 2094.10  2062.61  2099.56  2075.75  2019.59  2068.32  2058.91  2034.80  2161.91 
 2052.40  2052.90  2108.74  2085.33  2048.06  2108.12  2033.43  2081.17  2140.56 
 2067.20  2032.20  2112.60  2068.08  2051.95  2109.77  2024.47  2090.19  2185.88 
 2064.49  2005.93  2079.72  2070.75  2053.29  2121.89  2069.74  2046.71  2181.90 
 2055.70  2039.60  2128.46  2045.65  2016.91  2112.99  2020.13  2048.20  2217.37 
 2093.42  2060.01  2112.44  2081.80  2059.00  2102.82  2025.85  2094.88  2204.45 
 2065.74  2060.26  2080.52  2060.81  2031.66  2096.14  2034.05  2052.00  2182.24 
 2040.72  2018.66  2094.43  2099.60  2027.05  2135.12  2045.89  2071.56  2208.55 
 2077.59  2054.07  2121.80  2070.03  2044.95  2080.33  2017.12  2029.48  2144.08 
 2085.49  2031.35  2121.93  2084.88  2037.73  2120.78  2074.17  2075.99  2212.03 
 2034.76  2019.83  2154.26  2074.51  2027.17  2077.51  2096.42  2099.25  2163.90 
 2063.69  2043.61  2123.51  2061.89  2037.09  2033.53  2045.00  2064.30  2141.61 
 2100.92  2024.93  2095.52  2056.85  2062.45  2096.73  2070.97  2059.19  2165.19 
 2046.51  2032.81  2114.74  2094.06  2047.21  2087.78  2057.81  2054.28  2217.45 
 2053.46  2019.14  2101.14  2042.18  2048.48  2140.07  2036.41  2076.83  2178.06 
 2071.54  2001.58  2125.52  2058.80  2003.55  2120.03  2050.21  2032.32  2156.78 
 2055.41  2017.41  2095.27  2070.10  2046.64  2134.82  2040.27  2082.90  2180.38 
 2069.30  2050.05  2111.37  2065.06  2018.76  2071.74  2026.19  2056.65  2210.82 
 2063.62  2060.11  2078.30  2094.85  2048.30  2125.92  2075.69  2069.52  2163.87 
 2055.43  2004.58  2094.42  2066.49  2049.69  2068.41  2032.76  2090.15  2175.95 
 2105.21  2028.92  2105.51  2030.71  2028.50  2071.24  2032.71  2136.68  2175.06 
 2033.28  2030.65  2100.86  2069.89  2069.11  2128.21  2067.19  2052.66  2170.36 
 2087.07  1996.30  2122.93  2083.35  2033.64  2103.58  2072.87  2049.25  2172.35 
 2054.54  2035.30  2120.54  2082.60  2071.93  2090.83  2036.24  2088.15  2191.84 
 2039.43  2034.67  2104.73  2064.52  2038.45  2099.11  2075.99  2077.43  2202.50 
 2055.14  2018.00  2123.05  2033.46  2029.52  2065.55  1998.21  2065.67  2203.65 
 2052.65  2011.30  2079.49  2052.90  2043.40  2114.33  2040.99  2091.35  2187.24 
 2091.26  2011.37  2110.29  2089.75  2069.96  2076.31  2052.51  2081.15  2147.66 
 2051.08  2068.60  2060.45  2100.11  2036.28  2093.87  2042.64  2067.76  2211.29 
 2041.89  2065.70  2096.34  2051.12  2053.21  2100.73  2077.71  2069.38  2167.05 
 2087.78  2040.07  2124.08  2063.20  2036.63  2085.59  2044.70  2068.74  2188.34 
 2076.32  2074.86  2092.99  2080.89  2007.01  2052.43  2074.65  2049.38  2152.59 
 2055.78  2042.43  2090.45  2045.15  2057.48  2081.49  2056.75  2054.32  2169.19 
 2025.02  2039.57  2101.01  2064.07  2044.16  2087.71  2058.17  2090.80  2218.91 
 2061.35  2047.73  2067.80  2066.05  2038.38  2083.89  2063.73  2071.89  2189.76 
 2024.05  2035.69  2139.52  2082.49  2073.32  2084.33  2068.52  2027.75  2201.06 
 2061.64  2035.61  2129.21  2100.11  2069.94  2040.71  2116.11  2049.76  2193.80 
 2048.21  2004.43  2085.74  2068.28  2028.12  2139.75  2064.37  2067.52  2190.97 
 2048.74  2024.34  2121.84  2062.47  2012.18  2106.82  2043.97  2083.01  2155.31 
 2045.53  2044.06  2068.39  2083.92  2018.98  2123.96  2016.23  2057.99  2198.42 
 2095.50  2057.27  2095.34  2066.49  2049.45  2069.50  2033.29  2032.32  2165.79 
 2074.94  2050.94  2085.10  2065.56  2026.14  2067.46  2021.81  2064.02  2179.90 
 2059.00  2043.49  2101.97  2039.63  2064.72  2098.27  2015.05  2023.60  2164.92 
 2086.63  2002.71  2100.02  2074.81  2005.83  2114.22  2070.06  2088.91  2206.94 
 2053.68  2055.09  2068.14  2045.31  2015.77  2112.16  2081.03  2117.79  2186.48 
 2060.85  2013.90  2121.83  2049.25  2044.22  2122.31  2082.27  2079.29  2157.21 
 2061.79  2012.02  2111.17  2062.15  2068.25  2092.16  2089.69  2055.12  2150.73 
 2052.03  2011.46  2132.07  2034.41  2060.17  2105.30  2052.94  2085.81  2188.20 
 2090.27  2035.02  2137.99  2059.88  2027.23  2092.71  2058.60  2061.08  2179.24 
 2080.10  1994.26  2110.28  2027.63  2022.95  2087.24  2055.25  2081.22  2155.97 
 2029.40  2031.25  2096.60  2040.18  2037.31  2127.80  2042.98  2073.45  2188.72 
 2079.00  2045.94  2104.49  2063.35  2049.66  2102.54  2051.59  2049.55  2159.93 
 2048.92  2023.79  2108.01  2029.92  2003.66  2095.26  2060.35  2058.46  2163.29 
 2084.09  2029.99  2112.49  2058.44  2033.96  2105.67  2014.17  2051.30  2184.01 
 2089.54  2028.45  2070.70  2048.92  2066.31  2085.55  2057.94  2046.81  2182.67 
 2035.54  2026.03  2124.28  2100.01  2029.32  2100.99  2061.42  2089.74  2219.50 
 2071.89  2031.14  2103.22  2108.41  2014.29  2076.65  2010.95  2067.17  2175.35 
 2088.21  2017.91  2076.44  2044.71  2046.77  2101.89  2049.36  2088.57  2202.98 
 2078.13  2006.41  2129.95  2099.28  2037.83  2110.32  2072.47  2065.37  2165.56 
 2041.37  2038.17  2114.09  2101.44  2022.50  2099.05  2027.82  2081.50  2190.38 
 2048.85  2069.51  2104.12  2096.83  2035.00  2111.49  2088.31  2080.38  2167.34 
 2090.43  2054.40  2086.55  2083.37  2018.61  2087.03  2067.03  2095.09  2149.37 
 2066.83  2038.00  2098.02  2047.92  2004.78  2111.90  2061.50  2089.63  2135.48 
 2080.01  2047.07  2120.41  2076.55  2009.87  2123.51  2071.92  2084.65  2144.64 
 2100.20  2038.61  2097.92  2083.64  2051.72  2063.38  2068.01  2078.33  2177.43 
 2077.68  2027.70  2108.72  2056.40  2071.99  2065.20  2009.28  2043.32  2173.33 
 2059.79  2031.27  2120.12  2076.51  2055.33  2117.07  2049.30  2094.32  2131.51 
 2043.46  2014.37  2087.58  2066.94  2037.48  2095.03  2100.40  2065.23  2145.93 
 2062.14  2055.80  2109.53  2130.90  2036.79  2074.57  2054.62  2090.22  2166.58 
 2068.51  2036.71  2119.49  2045.62  2026.00  2112.34  2043.05  2092.36  2208.95 
 2075.70  2032.65  2138.33  2077.92  2043.48  2085.52  2056.05  2073.97  2159.08 
 2049.08  2022.46  2115.43  2085.58  2034.55  2095.38  2050.00  2085.58  2203.47 
 2083.61  2024.59  2098.69  2078.64  2064.80  2069.41  2018.26  2064.02  2185.07 
 2066.81  1996.51  2129.88  2073.77  2025.41  2097.18  2029.21  2079.72  2165.73 
 2048.16  1990.77  2098.33  2052.74  2037.29  2061.03  2042.32  2068.63  2165.28 
 2043.31  2003.29  2091.62  2101.05  2029.05  2097.65  2047.83  2080.97  2192.51 
 2055.81  1998.76  2096.24  2127.64  2062.93  2118.30  2037.45  2064.81  2210.31 
 2062.89  2040.05  2128.99  2055.15  2050.16  2108.06  2022.80  2060.24  2189.88 
 2022.14  1975.52  2053.75  2041.57  2024.78  2095.34  2046.51  2069.70  2142.13 
 2042.15  2009.81  2094.82  2043.73  2017.69  2119.50  2042.27  2047.72  2172.68 
 2031.99  2036.73  2113.45  2083.06  2026.60  2093.64  2036.69  2059.76  2186.25 
 2082.68  2012.22  2110.20  2052.32  2008.18  2113.95  2030.11  2070.75  2207.71 
 2047.66  2012.81  2084.42  2075.47  2020.17  2129.65  2061.90  2013.62  2148.22 
 2070.21  2012.00  2109.63  2043.49  2012.11  2111.36  2045.44  2088.62  2202.40 
 2101.99  2037.85  2096.70  2102.04  2041.65  2080.52  2040.84  2095.55  2162.70 
 2057.60  2074.02  2089.53  2064.69  2033.89  2086.52  2056.95  2080.55  2185.81 
 2059.54  2028.74  2104.32  2065.49  2021.20  2101.17  2008.10  2050.12  2160.76 
 2069.20  2046.93  2100.32  2078.79  2048.38  2060.23  1997.66  2084.14  2190.16 
 2040.56  2032.02  2079.38  2040.74  2028.83  2096.18  2039.90  2075.29  2170.56 
 2081.13  2021.68  2090.92  2039.74  2016.35  2096.43  2009.33  2037.40  2159.71 
 2084.18  2036.08  2068.64  2075.25  2043.24  2071.38  2065.19  2066.04  2119.90 
 2063.64  2038.28  2121.37  2052.46  2078.72  2089.72  2058.38  2031.92  2188.86 
