   65.34      1.44     64.75      1.65     65.04
  117.76      1.43    118.13      1.65    117.94
   48.06      1.21     41.94      1.58     45.00
  121.29      1.75    123.31      1.78    122.30
   51.48      1.68     50.54      1.79     51.01
   99.96      1.29     98.89      1.48     99.43
   77.00      1.41     77.00      1.55     77.00
  110.69      1.75    108.80      1.43    109.75
   66.15      1.61     66.43      1.60     66.29
   94.62      1.65     91.48      1.48     93.05
   63.42      1.59     61.46      1.70     62.44
  119.33      1.76    116.63      1.96    117.98
   65.65      1.98     71.08      1.82     68.36
  111.06      1.73    105.02      1.43    108.04
   61.90      1.41     62.54      1.24     62.22
  113.84      1.69    111.74      1.65    112.79
   61.44      1.63     63.81      1.81     62.63
   92.47      1.68     91.48      1.56     91.97
   79.58      1.49     77.11      1.73     78.34
  100.39      1.63     97.58      1.63     98.98
   65.97      1.33     66.48      1.66     66.22
   99.55      1.55     95.54      1.72     97.55
   72.90      1.50     73.78      1.46     73.34
  112.95      1.77    112.30      1.33    112.62
   76.64      1.87     75.53      1.60     76.08
   95.36      1.61     96.79      1.64     96.08
   58.95      1.57     57.31      1.32     58.13
  104.04      1.57    102.65      1.62    103.34
   58.84      1.57     56.80      1.49     57.82
  115.57      1.52    116.89      1.64    116.23
   60.92      1.65     59.76      1.59     60.34
  113.93      1.66    113.00      1.53    113.47
   64.27      1.79     65.83      1.82     65.05
  101.73      1.57     96.58      1.45     99.15
   55.22      1.68     54.82      1.46     55.02
  119.91      1.48    119.34      1.59    119.62
   69.00      1.68     69.00      1.79     69.00
  104.50      1.69    102.69      1.56    103.59
   64.94      1.59     64.82      1.56     64.88
   93.99      1.43     92.55      1.58     93.27
   66.31      1.46     68.88      1.59     67.59
  118.43      1.69    113.17      1.88    115.80
   72.94      1.56     72.27      1.46     72.60
   93.00      1.75     89.99      1.54     91.49
   73.54      1.65     74.37      1.81     73.95
  101.89      1.73    103.64      1.61    102.76
   68.23      1.87     63.42      1.49     65.83
  104.18      1.34    103.35      1.62    103.76
   57.33      1.68     56.47      1.65     56.90
  126.94      1.39    125.86      1.55    126.40
   53.24      1.57     53.85      1.53     53.54
  108.03      1.66    103.95      1.56    105.99
   65.54      1.55     70.04      1.70     67.79
   96.93      1.63     96.55      1.38     96.74
   80.32      1.40     75.49      1.32     77.90
  103.63      1.61    108.19      1.55    105.91
   63.00      1.41     58.91      1.61     60.95
  102.67      1.72    103.33      1.54    103.00
   55.50      1.85     54.64      1.48     55.07
  117.54      1.96    108.85      1.95    113.19
   70.13      1.53     74.88      1.66     72.51
  102.83      1.62    100.42      1.48    101.63
   68.54      1.63     62.97      1.16     65.76
   92.72      1.65     95.07      1.66     93.89
   70.58      1.99     69.48      1.55     70.03
   98.93      1.73     95.83      1.74     97.38
   62.75      1.61     64.05      1.24     63.40
  105.80      1.69    104.16      1.66    104.98
   67.69      1.72     69.99      1.87     68.84
  116.20      1.66    111.77      1.62    113.99
   70.89      1.42     72.32      1.41     71.61
   84.67      1.45     85.40      1.61     85.03
   80.85      1.47     79.30      1.69     80.08
  104.60      1.60    101.52      1.51    103.06
   68.69      1.76     66.35      1.68     67.52
  106.83      1.64    106.52      1.35    106.67
   67.86      1.81     67.81      1.50     67.83
  105.57      1.62    103.13      1.36    104.35
   63.31      1.42     60.90      1.51     62.10
  105.00      1.72    106.35      1.47    105.67
   55.78      1.69     55.44      1.34     55.61
  122.95      1.58    121.69      1.69    122.32
   58.44      1.60     56.49      1.48     57.46
  114.83      1.70    113.09      1.74    113.96
   74.94      1.86     73.48      1.56     74.21
   86.70      1.84     83.56      1.48     85.13
   68.10      1.12     69.58      1.43     68.84
  111.41      1.58    113.69      1.63    112.55
   71.48      1.56     68.75      1.74     70.12
   96.75      1.53     95.32      1.71     96.04
   63.27      1.65     65.03      1.61     64.15
  113.18      1.46    108.94      1.59    111.06
   68.52      1.63     68.90      1.47     68.71
  103.69      1.67     99.90      1.50    101.80
   59.14      1.47     58.19      1.55     58.66
  111.98      1.59    112.15      1.46    112.07
   55.45      1.53     57.29      1.56     56.37
  106.67      1.84    105.22      1.51    105.95
   61.30      1.25     61.67      1.41     61.49
  125.07      1.79    118.83      1.42    121.95
   69.71      1.42     70.35      1.51     70.03
  102.03      1.57    103.18      1.71    102.61
   52.74      1.60     52.97      1.79     52.85
  116.69      1.82    113.67      1.60    115.18
   68.73      1.44     71.78      1.23     70.26
  110.97      1.69    110.41      1.76    110.69
   68.37      1.64     65.58      1.48     66.97
  106.50      1.51    103.70      1.53    105.10
   49.16      1.47     45.87      1.80     47.51
  105.50      1.68    107.84      1.70    106.67
   66.63      1.49     65.22      1.47     65.92
  102.56      1.56     97.16      1.41     99.86
   76.62      1.76     78.24      1.67     77.43
  104.27      1.62    101.85      1.53    103.06
   79.85      1.26     78.27      1.82     79.06
   93.91      1.78     90.23      1.72     92.07
   71.88      1.56     76.61      1.62     74.24
   99.11      1.76     90.59      1.66     94.85
   71.43      1.72     73.65      1.57     72.54
  113.71      1.51    110.20      1.81    111.96
   65.78      1.48     66.20      1.47     65.99
  108.69      1.44    106.92      1.59    107.80
   60.19      1.58     59.46      1.50     59.83
  102.55      1.72    100.44      1.61    101.49
   72.53      1.58     71.54      1.64     72.03
   99.62      1.62     98.85      1.64     99.24
   62.41      1.75     65.50      1.48     63.95
  109.24      1.55     99.96      1.69    104.60
   64.48      1.40     66.57      1.74     65.52
  109.43      1.85    110.45      1.70    109.94
   61.37      1.49     60.41      1.53     60.89
   94.71      1.69     92.66      1.78     93.68
   74.16      1.65     73.22      1.46     73.69
  101.00      1.50     98.84      1.54     99.92
   67.60      1.34     68.30      1.67     67.95
  103.92      1.82    101.85      1.74    102.88
   56.95      1.70     57.13      1.63     57.04
  121.50      1.71    118.03      1.57    119.76
   67.03      1.40     65.87      1.34     66.45
  107.64      1.64    105.55      1.64    106.60
   61.83      1.74     63.68      1.50     62.75
  110.14      1.69    106.87      1.36    108.50
   63.52      1.68     67.41      1.94     65.46
  104.24      1.55     98.73      1.38    101.49
   70.87      1.45     68.59      1.76     69.73
   97.95      1.82     96.66      1.63     97.30
   68.03      1.38     65.97      1.34     67.00
  111.14      1.48    111.63      1.57    111.38
   47.35      1.52     47.24      1.24     47.29
  121.61      1.55    123.99      1.76    122.80
   51.96      1.51     48.44      1.45     50.20
  117.85      1.70    114.25      1.61    116.05
   71.93      1.74     73.79      1.64     72.86
  108.09      1.40    105.38      1.61    106.74
   49.65      1.65     52.68      1.47     51.17
  107.02      1.42    102.73      1.65    104.87
   64.69      1.56     67.03      1.56     65.86
  109.18      1.85    104.55      1.91    106.86
   65.37      1.35     65.79      1.46     65.58
  101.06      2.01     99.55      1.75    100.31
   83.60      2.06     81.42      1.46     82.51
   97.45      1.80     95.31      1.62     96.38
   63.30      1.61     65.38      1.26     64.34
  109.92      1.41    111.31      1.50    110.62
   64.16      1.69     62.54      1.53     63.35
  111.19      1.52    110.38      1.47    110.79
   53.96      1.46     53.50      1.29     53.73
  100.34      1.39    100.43      1.61    100.39
   68.92      1.75     68.16      1.30     68.54
  125.66      1.53    128.55      1.25    127.10
   52.78      1.99     51.76      1.33     52.27
  111.02      1.82    108.63      1.52    109.83
   78.46      1.43     80.48      1.72     79.47
   95.81      1.42     90.94      1.70     93.37
   66.41      1.45     68.70      1.57     67.55
  106.16      1.79    103.19      1.50    104.68
   68.46      1.79     69.03      1.33     68.75
  101.00      1.79     98.85      1.36     99.93
   66.30      1.61     65.83      1.82     66.07
  106.44      1.69    102.10      1.35    104.27
   66.33      1.61     69.70      1.52     68.01
  120.85      1.68    114.44      1.65    117.64
   47.59      1.33     48.60      1.50     48.09
  100.87      1.62    101.91      1.60    101.39
   71.06      1.45     69.45      1.58     70.26
  103.94     14.08    101.77     21.50    102.85
   72.45      1.69     75.17      1.64     73.81
  111.14     19.99    111.12     14.08    111.13
   67.86      1.44     69.13      1.50     68.50
   88.49      1.59     85.77      1.60     87.13
   68.49      1.58     68.39      1.52     68.44
  114.71      1.63    109.81      1.67    112.26
   75.29      1.41     79.08      1.72     77.18
   99.48      1.75     98.95      1.83     99.22
   66.92      1.44     63.68      1.45     65.30
   99.57      1.79     97.52      1.67     98.55
   69.94      1.68     70.97      1.60     70.46
  101.41      1.68    100.73      1.74    101.07
   66.57      1.27     65.85      1.57     66.21
  104.71      1.70    104.96      1.73    104.83
   79.48      1.62     78.24      1.55     78.86
   90.40      1.66     84.29      1.63     87.35
   66.66      1.59     71.09      1.35     68.87
  121.23      1.59    116.42      1.62    118.82
   51.74      1.50     52.53      1.61     52.14
  112.43      1.70    106.49      1.64    109.46
   68.48      1.61     68.32      1.48     68.40
  100.55      1.62    102.18      1.66    101.37
   60.69      1.65     57.77      1.46     59.23
  100.42      1.55    103.85      1.67    102.14
   71.56      1.71     72.87      1.57     72.21
  108.98      1.43    105.60      1.68    107.29
   67.88      1.40     70.06      1.33     68.97
  102.01      1.49     97.87      1.35     99.94
   53.44      1.31     52.50      1.66     52.97
  107.16      1.58    105.02      1.68    106.09
   69.35      1.67     68.34      1.76     68.85
  108.49      1.64    107.84      1.85    108.17
   71.28      1.32     70.68      1.31     70.98
  106.12      1.57    107.29      1.67    106.70
   58.77      1.44     57.68      1.68     58.23
  113.97      1.76    109.81      1.58    111.89
   56.02      1.72     60.69      1.46     58.35
  113.61      1.46    106.38      1.62    109.99
   61.34      1.61     62.97      1.65     62.15
  103.53      1.51    102.26      1.80    102.90
   73.60      1.50     74.44      1.45     74.02
  101.78      1.50     98.50      1.55    100.14
   71.73      1.56     71.68      1.66     71.71
  106.25      1.77    105.19      1.43    105.72
   63.68      1.62     64.07      1.57     63.87
  107.62      1.50    107.04      1.64    107.33
   68.50      1.61     65.53      1.49     67.01
   97.13      1.60     96.76      1.63     96.95
   67.00      1.69     67.82      1.66     67.41
  104.94      1.68    101.90      1.61    103.42
   69.98      1.82     70.42      1.87     70.20
   95.86      1.67     97.45      1.52     96.65
   55.63      1.38     50.12      1.60     52.88
  127.32      1.66    126.17      1.45    126.75
   68.10      1.54     69.97      1.33     69.04
   99.89      1.61     99.07      1.70     99.48
   67.17      1.64     67.45      1.34     67.31
  104.41      1.36    102.39      1.50    103.40
   57.32      1.62     55.65      1.71     56.49
  125.24      1.65    119.62      1.62    122.43
   65.56      1.46     66.95      1.38     66.25
   99.91      1.62    102.30      1.54    101.11
   81.37      1.62     77.83      1.50     79.60
   89.07      1.58     88.52      1.69     88.79
   59.07      1.59     58.83      1.64     58.95
  116.70      1.54    114.01      1.52    115.36
   60.61      1.47     58.88      1.54     59.75
  102.70      1.63    101.21      1.46    101.95
   74.10      1.44     76.91      1.65     75.50
  106.82      1.80    100.36      1.73    103.59
   68.05      1.38     67.75      1.72     67.90
  102.66      1.64    101.92      1.75    102.29
   58.53      1.57     56.36      1.72     57.44
  107.52      1.63    107.67      1.68    107.60
   82.28      1.44     82.05      1.61     82.16
   99.00      1.62     95.25      1.59     97.13
   70.80      1.58     71.31      1.51     71.05
  105.36      1.52    102.19      1.55    103.78
   60.35      1.28     62.33      1.65     61.34
   95.96      1.52     94.38      1.62     95.17
   72.74      1.64     74.40      1.50     73.57
  106.07      1.73     99.35      1.57    102.71
   71.31      1.55     71.27      1.55     71.29
  109.23      1.58    109.98      1.60    109.61
   54.25      1.63     52.50      1.44     53.38
  130.21      1.62    131.22      1.43    130.72
   60.47      1.60     56.87      1.53     58.67
  104.23      1.51    105.64      1.68    104.94
   60.89      1.71     62.36      1.40     61.63
   99.64      1.63     99.02      1.65     99.33
   68.57      1.58     66.69      1.76     67.63
  115.09      1.70    110.07      1.76    112.58
   63.08      1.51     65.70      1.85     64.39
  115.68      1.59    113.42      1.63    114.55
   67.83      1.51     66.43      1.40     67.13
   95.73      1.90     93.07      1.51     94.40
   59.27      1.59     58.32      1.43     58.80
  109.86      1.58    108.45      1.64    109.16
   77.40      1.58     75.08      1.87     76.24
   97.69      1.53    101.53      1.72     99.61
   65.48      1.55     61.47      1.70     63.48
  109.80      1.78    110.59      1.51    110.20
   58.65      1.80     55.32      1.53     56.98
  103.60      1.63    102.77      1.67    103.18
   75.66      1.65     73.22      1.47     74.44
  100.58      1.93     97.36      1.64     98.97
   71.41      1.43     74.68      1.46     73.05
  107.64      1.60    103.69      1.39    105.67
   67.99      1.50     67.30      1.61     67.64
  105.33      1.54    103.65      1.56    104.49
   72.58      1.74     71.15      1.70     71.86
   90.62      1.62     93.91      1.77     92.27
   64.26      1.34     59.34      1.44     61.80
  117.73      1.73    118.05      1.60    117.89
   60.33      1.56     60.64      1.75     60.48
  116.00      1.62    111.23      1.77    113.62
   62.29      1.73     61.43      1.64     61.86
  108.60      1.60    109.22      1.61    108.91
   66.97      1.53     65.97      1.67     66.47
   95.69      1.55     94.75      1.33     95.22
   66.84      1.38     67.90      1.42     67.37
  111.61      1.61    107.80      1.55    109.70
   75.89      1.56     74.45      1.59     75.17
   93.21      1.59     92.97      1.56     93.09
   65.70      1.44     68.16      1.50     66.93
  111.53      1.71    110.65      1.51    111.09
   59.48      1.78     58.56      1.42     59.02
  113.62      1.47    114.63      1.80    114.13
   64.28      1.46     61.12      1.55     62.70
  104.32      1.53    102.04      1.41    103.18
   64.72      1.51     65.00      1.51     64.86
  106.63      1.50    104.02      1.61    105.33
   62.50      1.70     59.98      1.91     61.24
  106.25      1.62    110.26      1.66    108.25
   67.44      1.65     65.41      1.32     66.43
  102.47      1.54    100.66      1.49    101.56
   69.73      1.55     69.94      1.42     69.83
   96.10      1.53     91.95      1.82     94.03
   63.33      1.84     62.63      1.75     62.98
  111.95      1.45    112.95      1.44    112.45
   84.33      1.66     82.51      1.57     83.42
  105.52      1.91    102.66      1.81    104.09
   69.33      1.63     68.37      1.59     68.85
  101.90      1.95     99.69      1.65    100.80
   67.91      1.59     71.00      1.40     69.46
  105.43      1.55    103.89      1.67    104.66
   66.88      1.34     64.67      1.42     65.77
   99.00      1.82     98.83      1.69     98.91
   77.27      1.67     79.41      1.70     78.34
  110.42      1.77    104.73      1.57    107.58
   56.70      1.50     58.91      1.50     57.80
  101.05      1.50     95.93      1.64     98.49
   71.36      1.61     74.13      1.26     72.74
  104.56      1.58    101.49      1.55    103.03
   68.14      1.85     72.29      1.76     70.22
  102.42      1.51     99.54      1.39    100.98
   52.67      1.61     48.76      1.35     50.72
  123.92      1.64    125.74      1.67    124.83
   71.20      1.68     67.81      1.69     69.51
  102.09      1.63    104.45      1.87    103.27
   48.53      1.68     46.79      1.58     47.66
  111.79      1.62    110.39      1.70    111.09
   74.84      1.71     72.72      1.56     73.78
  100.43      1.40     98.16      1.47     99.30
   65.72      1.37     65.51      1.44     65.62
  103.78      1.64    101.14      1.64    102.46
   61.33      1.62     57.85      1.73     59.59
  122.96      1.91    125.91      1.77    124.43
   67.07      1.41     65.62      1.64     66.35
  107.53      1.67    108.13      1.84    107.83
   72.47      1.55     70.32      1.43     71.40
   84.64      1.98     83.28      1.60     83.96
   82.94      1.64     83.03      1.70     82.99
   93.25      6.51     88.58      1.43     90.92
   62.33      1.41     65.23      1.83     63.78
  117.17      1.72    117.64      1.47    117.41
   64.12      1.64     62.60      1.67     63.36
  107.72      1.62    103.85      1.46    105.79
   60.86      1.68     64.64      1.80     62.75
   98.23      1.69     96.01      1.70     97.12
   74.30      1.55     72.91      1.33     73.60
  118.41      1.58    115.70      1.61    117.06
   65.82      1.59     64.50      1.75     65.16
   98.65      1.55     97.58      1.58     98.11
   70.45      1.48     71.10      1.39     70.77
  110.51      1.70    105.41      1.56    107.96
   74.68      1.79     77.10      1.66     75.89
   94.98      1.81     94.35      1.70     94.66
   67.90      1.59     62.06      1.37     64.98
   94.45      1.73     96.69      1.62     95.57
   60.15      1.79     61.45      1.53     60.80
  128.22      1.55    128.67      1.79    128.44
   50.68      1.55     48.47      1.57     49.58
  112.33      1.60    109.97      1.50    111.15
   65.36      1.62     63.93      1.67     64.65
   99.86      1.68     99.61      1.52     99.74
   83.32      1.54     79.49      1.54     81.41
   95.71      1.49     93.65      1.51     94.68
   71.96      1.57     71.76      1.69     71.86
   95.14      1.72     99.06      1.51     97.10
   62.54      1.60     59.35      1.50     60.94
  105.05      1.87    105.04      1.69    105.05
   67.07      1.49     65.37      1.29     66.22
  108.63      1.67    106.61      1.64    107.62
   77.81      1.79     76.57      1.39     77.19
   99.67      1.60     97.41      1.92     98.54
   68.53      1.34     67.81      1.40     68.17
  102.03      1.64    103.02      1.56    102.52
   53.88      1.51     53.29      1.43     53.59
  105.91      1.71    108.00      1.52    106.96
   77.57      1.72     73.46      1.76     75.51
   95.47      1.47     95.73      1.52     95.60
   63.54      1.18     59.00      1.46     61.27
  114.59      1.56    112.88      1.58    113.73
   69.43      1.74     71.19      1.77     70.31
   99.62      1.65     99.68      1.43     99.65
   68.96      1.44     66.59      1.44     67.78
  100.27      1.65     97.62      1.37     98.95
   67.45      1.58     68.46      1.80     67.96
  109.61      1.57    107.62      1.58    108.61
   58.09      1.37     59.19      1.57     58.64
  108.49      1.77    108.08      1.46    108.28
   70.07      1.40     69.12      1.51     69.59
   97.91      1.57     97.12      1.60     97.52
   70.39      1.52     69.42      1.54     69.91
  107.48      1.74    105.18      1.49    106.33
   77.00      1.69     73.68      1.64     75.34
   87.42      1.55     85.65      1.70     86.53
   69.29      1.56     68.03      1.59     68.66
  106.74      1.64    105.57      1.91    106.15
   67.29      1.60     68.55      1.53     67.92
  103.76      1.74    105.37      1.60    104.56
   69.61      1.75     64.85      1.28     67.23
  103.73      1.58    102.83      1.66    103.28
   54.41      1.63     55.98      1.35     55.20
  118.69      1.70    113.23      1.59    115.96
   83.14      1.61     85.05      1.62     84.10
   98.64      1.65     93.27      1.66     95.96
   68.48      1.51     68.78      1.51     68.63
   95.10      1.73     92.25      1.74     93.68
   67.72      1.55     70.02      1.42     68.87
  102.12      1.63    100.40      1.83    101.26
   62.08      1.69     62.43      1.82     62.25
  113.60      1.58    110.63      1.89    112.12
   71.15      1.42     74.40      1.27     72.77
  101.80      1.75     99.62      1.56    100.71
   66.52      2.03     64.97      1.88     65.74
  116.57      1.63    116.35      1.46    116.46
   52.65      1.26     49.70      1.73     51.17
  110.30      1.73    108.22      1.38    109.26
   69.89      1.69     71.40      1.58     70.64
  105.33      1.68    104.88      1.73    105.11
   64.47      1.50     62.23      1.53     63.35
   92.63      1.50     88.13      1.38     90.38
   73.45      1.59     76.25      1.56     74.85
  119.16      1.66    114.26      1.92    116.71
   58.84      1.49     59.82      1.55     59.33
  102.12      1.68     99.63      1.59    100.88
   73.89      1.66     72.38      1.47     73.13
  105.36      1.76    104.43      1.47    104.90
   46.12      1.83     46.90      1.53     46.51
  107.34      1.39    104.09      1.74    105.72
   72.92      1.70     77.08      1.59     75.00
  104.45      1.53    101.25      1.41    102.85
   63.41      1.67     60.73      1.47     62.07
  114.78      1.65    117.26      1.70    116.02
   74.39      1.46     72.69      1.68     73.54
   91.29      1.61     88.00      1.57     89.64
   68.38      1.47     68.47      1.33     68.43
  106.24      1.53    103.89      1.78    105.07
   81.85      1.58     77.66      1.76     79.75
  106.38      1.74    105.78      1.82    106.08
   54.29      1.50     57.00      1.49     55.64
  100.29      1.68     98.51      1.52     99.40
   73.88      1.67     71.68      1.54     72.78
   97.37      1.76     96.67      1.52     97.02
   56.59      1.57     57.80      1.74     57.19
  111.09      1.48    107.73      1.82    109.41
   64.09      1.65     63.95      1.83     64.02
  107.76      1.51    105.29      1.70    106.52
   67.42      1.31     67.00      1.68     67.21
   97.91      1.64    100.15      1.71     99.03
   80.11      1.50     73.08      1.40     76.60
  104.07      1.54    107.55      1.57    105.81
   64.77      1.22     62.13      1.63     63.45
  102.13      1.61    103.85      1.51    102.99
   60.81      1.63     59.68      1.81     60.24
  110.88      1.81    110.02      1.36    110.45
   65.26      1.51     65.45      1.63     65.36
  102.68      1.55    101.67      1.85    102.18
   72.35      1.47     70.91      1.50     71.63
   99.75      1.76     97.47      1.54     98.61
   74.18      1.82     75.89      1.33     75.03
  102.44      1.80    101.11      1.55    101.78
   65.88      1.50     66.70      1.53     66.29
   98.83      1.49     94.41      1.40     96.62
   68.59      1.54     69.45      1.58     69.02
   93.95      1.76     94.44      1.47     94.19
   73.70      1.37     70.94      1.61     72.32
  115.96      1.78    115.76      1.45    115.86
   58.96      1.73     58.43      1.50     58.70
  115.49      1.67    111.23      1.69    113.36
  106.10      1.64    106.11      1.89    106.10
   70.28      1.63     69.08      1.69     69.68
   68.49      1.35     64.15      1.32     66.32
  112.77      1.51    111.08      1.60    111.93
   72.87      1.65     76.73      1.55     74.80
  104.17      1.61    101.95      1.39    103.06
   69.45      1.65     70.15      1.76     69.80
  126.58      1.83    122.94      1.85    124.76
   67.53      1.74     67.26      1.59     67.39
  137.43      1.82    132.61      1.75    135.02
   19.25      1.20     17.71      1.36     18.48
  118.39      2.05    117.47      1.80    117.93
   78.95      1.64     80.89      1.51     79.92
  109.67      1.80    104.52      1.60    107.10
   39.80      1.60     38.12      1.39     38.96
   95.37      1.56    102.64      1.66     99.00
   57.15      1.47     52.51      1.46     54.83
  106.06      1.58    104.01      1.61    105.04
   66.52      1.68     65.32      1.69     65.92
  108.79      1.50    105.53      1.63    107.16
   73.96      1.37     77.52      1.50     75.74
  118.67      1.86    118.25      1.81    118.46
   49.11      1.85     46.81      1.97     47.96
   78.52      1.50     78.59      1.55     78.56
   48.29      1.42     46.88      1.28     47.59
  139.83      1.71    137.22      1.55    138.53
   40.93      1.70     43.00      1.44     41.97
  131.42      1.51    124.51      1.68    127.96
   49.38      1.11     52.14      1.52     50.76
  103.41      1.83    101.44      1.57    102.43
   68.95      1.84     66.07      1.75     67.51
  120.13      1.59    118.48      1.42    119.31
   52.02      1.67     53.25      1.50     52.64
  119.21      1.63    118.10      1.41    118.66
   52.29      2.10     54.96      1.91     53.62
  118.81      1.74    112.56      1.96    115.68
   51.65      1.51     49.34      1.22     50.49
  111.97      1.55    112.62      1.64    112.30
   59.28      1.50     60.58      1.62     59.93
  136.18      1.82    134.10      1.71    135.14
   51.41      1.57     47.78      1.58     49.59
  102.20      1.47    100.66      1.76    101.43
   61.70      1.20     61.22      1.68     61.46
  114.43      1.73    115.28      1.43    114.85
   46.17      1.44     43.55      1.95     44.86
  118.08      1.55    120.38      1.62    119.23
   65.39      1.59     63.68      1.47     64.54
  110.70      1.58    108.33      1.57    109.52
   50.96      1.43     51.46      1.65     51.21
  115.37      1.64    112.34      1.76    113.85
   51.03      1.36     48.84      1.43     49.94
  112.81      1.72    113.47      1.56    113.14
   63.41      1.63     59.48      1.39     61.44
  112.78      1.75    111.35      1.62    112.06
   57.30      1.80     60.22      1.74     58.76
  112.56      1.61    113.05      1.58    112.81
   43.49      1.70     43.47      1.28     43.48
  133.74      1.58    132.06      1.77    132.90
   60.50      1.81     55.62      1.64     58.06
  109.76      1.62    111.75      1.52    110.76
   46.53      1.48     42.78      1.21     44.66
  124.34      1.51    125.14      1.55    124.74
   60.20      1.70     61.62      1.55     60.91
  103.19      1.73    104.11      1.72    103.65
   50.12      1.60     47.38      1.81     48.75
  123.87      2.20    123.13      2.07    123.50
   61.84      1.60     59.27      1.72     60.55
  114.05      1.58    111.92      1.53    112.98
   53.41      1.25     53.27      1.57     53.34
  119.74      1.42    119.98      1.49    119.86
   58.32      1.50     57.52      1.47     57.92
  116.38      1.67    117.90      1.73    117.14
   49.62      1.32     45.10      1.35     47.36
  118.37      1.74    120.06      1.74    119.21
   57.85      2.01     57.39      1.80     57.62
  128.45      1.63    125.27      1.49    126.86
   49.65      1.59     49.19      1.63     49.42
   98.06      1.78     96.84      1.45     97.45
   74.83      1.63     74.01      1.66     74.42
  101.32      1.56    101.31      1.54    101.32
   51.77      1.61     47.90      1.64     49.84
  112.64      1.53    114.03      1.58    113.33
   59.04      1.74     57.07      1.41     58.05
  114.19      1.71    113.40      1.60    113.79
   54.48      1.37     52.32      1.51     53.40
  113.21      1.43    107.43      1.49    110.32
   70.54      1.45     71.46      1.69     71.00
  118.52      1.74    117.72      1.60    118.12
   50.23      1.55     49.98      1.48     50.10
  105.56      1.51    106.96      1.74    106.26
   56.12      1.45     52.05      1.74     54.09
  125.14      1.68    124.18      1.57    124.66
   44.32      1.54     41.52      1.35     42.92
   97.57      1.61     99.08      1.53     98.33
   67.19      1.54     68.90      1.51     68.04
  125.86      1.55    121.35      1.46    123.61
   39.55      1.44     37.06      1.67     38.30
  119.58      1.65    121.11      1.61    120.35
   54.89      1.58     53.07      1.56     53.98
  126.80      1.76    124.38      1.59    125.59
   44.41      1.50     42.79      1.36     43.60
  112.34      1.76    110.01      1.52    111.17
   79.16      1.58     80.85      1.46     80.01
  119.04      1.60    115.61      1.72    117.32
   45.35      1.68     46.27      1.50     45.81
  104.26      1.57    105.04      1.66    104.65
   66.56      1.48     62.08      1.44     64.32
  112.54      1.57    112.49      1.68    112.51
   56.96      1.61     54.85      1.70     55.91
  111.05      1.69    109.67      1.69    110.36
   64.29      1.41     65.41      1.51     64.85
  111.09      1.46    108.12      1.45    109.60
   51.09      1.77     46.90      1.61     48.99
  115.94      1.51    119.80      1.57    117.87
   58.13      1.51     56.13      1.36     57.13
  118.03      1.64    117.95      1.49    117.99
   43.04      1.45     41.35      1.27     42.19
  134.18      1.59    132.12      1.58    133.15
   65.60      1.74     63.82      1.44     64.71
  109.48      1.61    111.27      1.62    110.38
   49.12      1.41     44.06      1.35     46.59
  111.55      1.73    113.47      1.63    112.51
   53.07      1.57     52.14      1.67     52.61
  116.08      1.50    114.10      1.54    115.09
   65.83      1.56     62.37      1.51     64.10
  101.75      1.68    106.05      1.57    103.90
   67.74      1.52     64.44      1.37     66.09
  114.81      1.78    114.81      1.63    114.81
   48.49      1.47     45.71      1.33     47.10
  113.71      1.47    112.07      1.31    112.89
   62.22      1.79     64.41      1.87     63.32
  123.12      1.68    119.53      1.46    121.33
   43.12      1.60     43.30      1.61     43.21
  109.46      1.72    111.58      1.58    110.52
   53.98      1.60     49.88      1.30     51.93
  118.59      1.70    119.02      1.63    118.80
   57.86      1.55     59.17      1.43     58.52
  112.19      1.63    105.41      1.65    108.80
   71.16      1.44     74.03      1.51     72.60
  108.57      1.59    107.25      1.44    107.91
   50.30      1.40     49.50      1.54     49.90
  111.38      1.60    109.04      1.69    110.21
   59.67      1.67     59.20      1.22     59.43
  124.77      1.73    124.02      1.60    124.39
   49.36      1.62     46.47      1.54     47.91
  111.61      1.66    110.84      1.48    111.22
   59.50      1.41     56.00      1.45     57.75
  120.38      1.72    118.69      1.53    119.53
   46.62      1.96     50.35      1.48     48.48
  109.89      1.52    108.63      1.49    109.26
   62.09      1.73     58.36      1.62     60.23
  113.49      1.69    114.82      1.39    114.15
   54.92      1.56     50.84      1.45     52.88
  115.88      1.56    113.80      1.47    114.84
   62.65      1.40     63.31      1.33     62.98
  115.51      1.50    114.96      1.34    115.24
   41.50      1.32     38.81      1.48     40.16
  128.51      1.66    128.60      1.71    128.56
   62.59      1.63     59.64      1.39     61.12
  121.26      1.72    120.93      1.53    121.10
   41.76      1.63     42.68      1.91     42.22
  106.90      1.83    104.24      1.58    105.57
   64.11      1.77     64.64      1.63     64.38
  124.37      1.54    124.94      1.57    124.65
   51.64      1.49     47.95      1.70     49.80
  108.07      1.72    106.43      1.73    107.25
   69.95      1.56     70.61      1.21     70.28
  112.55      1.53    109.25      1.55    110.90
   42.58      1.35     41.41      1.44     42.00
  126.06      1.52    125.07      1.58    125.56
   60.79      1.58     58.32      1.62     59.56
  106.07      1.81    103.02      1.74    104.54
   50.87      1.57     52.81      1.57     51.84
  120.46      1.49    119.73      1.48    120.10
   58.42      1.52     57.54      1.58     57.98
  129.74      1.80    130.14      1.79    129.94
   40.59      1.51     37.86      1.51     39.22
  113.46      2.10    114.41      7.48    113.93
   60.13      1.43     51.05      1.52     55.59
  120.25      1.94    120.46      1.88    120.36
   49.00      1.54     47.38      1.60     48.19
  110.04      2.29    116.98      2.22    113.51
   67.19      3.06     54.92      2.37     61.06
  116.33      1.89    118.74      1.60    117.54
   42.80      1.54     41.10      1.65     41.95
  133.23      1.62    130.95      1.41    132.09
   42.53      1.48     43.90      1.46     43.22
  108.92      1.61    103.94      1.66    106.43
   70.00      1.46     69.88      1.30     69.94
  120.55      1.55    121.40      1.72    120.97
   62.78      1.73     62.12      1.61     62.45
  107.34      1.58    107.40      1.43    107.37
   46.70      1.22     41.50      1.66     44.10
  115.46      1.59    118.48      1.52    116.97
   58.08      1.66     59.94      1.58     59.01
  114.53      1.56    109.64      1.63    112.08
   69.34      1.45     72.02      1.62     70.68
  111.22      1.67    107.42      1.62    109.32
   57.54      1.47     56.64      1.87     57.09
  127.70      1.77    125.11      1.75    126.41
   39.08      1.52     42.05      1.70     40.56
  112.37      1.47    108.78      1.54    110.57
   71.53      1.89     68.67      1.37     70.10
  110.77      1.54    110.63      1.45    110.70
   46.53      1.25     44.43      1.63     45.48
  122.56      1.41    121.88      1.46    122.22
   61.40      1.56     59.29      1.62     60.34
  118.87      1.48    116.08      1.51    117.47
   39.31      1.73     38.55      1.80     38.93
  112.56      1.88    112.53      1.84    112.55
   51.98      1.84     54.35      1.92     53.16
  126.21      1.68    123.04      1.83    124.63
   42.58      1.61     43.24      1.46     42.91
  107.75      1.68    103.05      1.54    105.40
   71.54      1.86     71.67      2.00     71.60
  109.95      1.66    108.56      1.60    109.25
   66.20      1.56     65.30      1.76     65.75
  114.59      1.47    115.87      1.70    115.23
   54.36      1.57     51.78      1.96     53.07
  104.48      1.74    102.82      1.71    103.65
   60.00      1.68     59.70      1.57     59.85
  103.38      1.85    102.96      1.80    103.17
   69.46      1.75     64.24      1.50     66.85
  126.66      1.73    130.62      1.58    128.64
   39.30      1.38     35.84      1.27     37.57
  129.84      1.64    129.71      1.75    129.77
   55.63      1.41     59.37      1.79     57.50
  109.71      1.73    105.48      1.73    107.60
   53.27      1.55     51.33      1.51     52.30
  123.02      1.55    121.26      1.69    122.14
   56.95      1.27     57.24      1.70     57.10
  127.37      1.62    124.14      1.56    125.75
   35.11      1.82     37.00      1.49     36.06
  112.41      1.55    110.05      1.75    111.23
   68.47      1.39     69.28      1.42     68.88
  107.34      1.61    106.36      1.75    106.85
   55.89      1.47     52.05      1.61     53.97
  121.58      1.74    122.06      1.63    121.82
   60.15      1.65     56.42      1.67     58.29
  115.20      1.66    114.23      1.65    114.72
   48.70      1.50     49.15      1.44     48.92
  114.30      1.65    112.16      1.69    113.23
   60.46      1.47     61.28      1.52     60.87
  110.68      1.55    106.88      1.65    108.78
   43.16      1.42     42.13      1.62     42.65
  124.53      1.73    120.90      1.54    122.72
   67.06      1.63     66.67      1.60     66.87
  114.32      1.59    113.25      1.53    113.78
   58.86      1.64     60.33      1.43     59.60
  108.54      1.59    106.90      1.63    107.72
   62.26      1.53     62.26      1.64     62.26
  105.64      1.79    106.94      1.54    106.29
   57.34      1.39     57.05      1.38     57.19
  119.71      1.67    117.87      1.68    118.79
   60.97      1.72     55.44      1.61     58.20
  111.65      1.64    115.29      1.78    113.47
   48.41      1.22     44.17      1.59     46.29
  119.20      1.71    119.48      1.50    119.34
   58.74      1.80     58.43      1.37     58.59
  132.38      1.71    129.49      1.78    130.93
   47.34      1.65     48.16      1.45     47.75
  113.95      1.66    107.39      1.59    110.67
   57.75      1.52     58.00      1.41     57.88
  121.29      1.52    125.63      1.70    123.46
   56.41      1.25     51.86      1.51     54.13
  106.45      1.62    107.78      1.63    107.11
   64.76      1.78     60.49      1.51     62.62
  110.54      1.79    111.44      1.60    110.99
   61.32      1.71     57.58      1.91     59.45
  111.04      1.58    108.81      1.76    109.93
   57.68      1.68     63.11      1.47     60.39
  119.19      1.68    114.40      1.64    116.80
   44.80      1.47     42.37      1.15     43.59
  103.71      1.70    101.93      1.47    102.82
   67.59      1.49     67.17      1.72     67.38
  123.13      1.55    122.90      1.58    123.01
   36.75      1.56     35.18      1.64     35.96
  125.68      1.74    124.35      1.73    125.02
   60.77      2.13     61.07      1.50     60.92
  103.92      1.61    106.84      1.43    105.38
   53.09      1.33     51.46      1.60     52.28
  104.45      1.73    103.02      1.48    103.74
   68.77      1.50     64.73      1.82     66.75
  117.49      1.55    116.05      1.54    116.77
   56.68      1.58     55.39      1.73     56.04
   99.16      1.76    100.51      1.48     99.84
   72.35      1.36     66.38      1.26     69.37
  119.62      1.59    120.15      1.77    119.89
   51.04      1.51     49.20      1.61     50.12
  116.68      1.49    116.96      1.69    116.82
   58.96      1.76     56.22      1.50     57.59
  113.60      1.82    116.26      1.91    114.93
   57.55      1.55     49.20      1.54     53.37
  117.27      1.64    119.75      1.61    118.51
   59.62      1.41     54.75      1.48     57.19
  111.19      1.74    114.20      1.54    112.70
   46.27      1.76     42.51      1.31     44.39
  115.82      1.57    112.78      1.55    114.30
   68.22      1.72     71.60      1.70     69.91
  108.41      1.45    109.94      1.58    109.17
   61.43      1.52     53.21      1.37     57.32
  108.95      1.50    109.44      1.54    109.19
   61.16      1.48     58.54      1.50     59.85
  123.33      1.67    124.37      1.78    123.85
   44.64      1.77     42.73      1.45     43.68
  109.18      1.85    108.26      2.03    108.72
   61.15      1.50     61.94      1.55     61.55
  120.39      1.73    116.69      1.51    118.54
   48.12      1.59     47.68      1.65     47.90
  114.04      1.48    113.07      1.59    113.55
   57.65      1.56     56.20      1.44     56.93
  109.50      1.68    114.12      1.61    111.81
   61.00      1.38     54.10      1.79     57.55
  125.14      1.64    124.69      1.61    124.91
   56.02      1.59     54.68      1.71     55.35
  114.74      1.66    112.74      1.69    113.74
   38.46      1.77     42.80      1.81     40.63
  117.31      1.62    113.43      1.74    115.37
   55.61      1.72     52.88      1.64     54.24
  114.25      1.81    113.47      1.78    113.86
   61.67      1.53     60.69      1.39     61.18
  120.11      1.73    119.09      1.52    119.60
   60.78      1.52     60.83      1.74     60.80
  100.59      1.52     98.65      1.65     99.62
   67.15      1.58     66.66      1.35     66.90
  106.37      1.57    105.10      1.63    105.74
   67.03      1.60     68.74      1.53     67.88
  108.80      1.72    105.04      1.66    106.92
   65.27      1.42     63.61      1.63     64.44
   97.60      1.65     98.91      1.67     98.26
   71.89      1.72     67.63      1.62     69.76
  108.26      1.26    107.04      1.52    107.65
   53.12      1.34     52.47      1.54     52.79
  112.16      1.58    113.08      1.70    112.62
   55.19      1.24     52.15      1.26     53.67
  114.11      1.58    116.85      1.59    115.48
   41.80      1.19     39.61      1.14     40.71
  120.38      1.62    121.35      1.53    120.86
   56.10      1.40     52.30      1.64     54.20
  109.88      1.76    109.09      1.43    109.48
   59.73      1.54     58.51      1.43     59.12
  110.24      1.75    112.26      1.31    111.25
   60.85      1.71     58.06      1.54     59.46
  125.63      1.54    124.09      1.64    124.86
   48.22      1.39     47.97      1.28     48.10
  105.26      1.78    106.24      1.41    105.75
   70.56      1.28     67.83      1.76     69.20
  108.06     14.56    106.04     21.82    107.05
   70.31      1.51     68.90      1.75     69.61
  109.91     22.87    104.61     16.15    107.26
   65.81      1.36     62.96      1.67     64.39
  120.00      1.94    121.34      1.58    120.67
   56.09      1.80     58.29      1.67     57.19
   91.76      1.83     90.23      1.69     90.99
   69.67      1.43     66.41      1.69     68.04
  106.91      2.05    107.30      1.67    107.11
   61.65      1.62     57.47      1.58     59.56
  111.19      1.42    109.31      1.47    110.25
   47.06      1.12     50.68      1.36     48.87
  135.50      1.78    133.87      1.56    134.68
   49.45      1.41     44.93      1.53     47.19
  116.91      1.64    115.59      1.70    116.25
   57.79      1.79     60.85      1.49     59.32
  114.12      1.66    113.43      1.38    113.77
   55.98      1.59     57.87      1.30     56.93
  124.55      1.37    120.98      1.63    122.76
   66.82      1.69     63.05      1.58     64.94
   96.83      1.52     96.37      1.51     96.60
   61.00      1.47     61.67      1.41     61.33
   97.44      1.47     92.73      1.35     95.09
   75.82      1.82     76.47      1.70     76.15
  106.57      1.63    105.99      1.56    106.28
   54.29      1.50     51.93      1.32     53.11
  110.00      1.71    107.20      1.53    108.60
   68.62      1.74     68.79      1.39     68.71
  112.76      1.85    113.17      1.60    112.97
   38.48      1.43     39.58      1.54     39.03
  113.50      1.46    113.91      1.60    113.71
   70.46      1.47     66.91      1.77     68.69
  109.80      1.77    109.04      1.61    109.42
   52.79      1.28     48.70      1.49     50.74
  117.52      1.56    116.91      1.51    117.22
   68.16      1.67     68.73      1.61     68.45
  117.67      1.68    117.66      1.64    117.67
   48.26      1.52     44.03      1.28     46.14
  112.84      1.76    111.51      1.51    112.18
   53.19      1.54     51.15      1.20     52.17
  107.48      1.56    108.14      1.66    107.81
   59.87      1.64     57.86      1.22     58.87
  107.13      1.51    107.44      1.63    107.29
   69.27      1.48     68.44      1.45     68.85
  130.04      1.55    127.88      1.66    128.96
   42.47      1.71     37.32      1.17     39.89
  122.09      1.61    123.77      1.64    122.93
   63.36      1.58     61.50      1.53     62.43
  110.06      1.59    107.28      1.58    108.67
   44.24      1.34     46.44      1.57     45.34
  114.23      1.54    108.11      1.47    111.17
   60.89      1.65     64.89      1.49     62.89
  122.32      1.76    119.26      1.61    120.79
   47.60      1.38     45.92      1.75     46.76
  112.23      1.61    109.94      1.47    111.09
   57.52      1.28     58.91      1.55     58.21
  121.83      1.62    120.15      1.71    120.99
   31.56      1.20     29.96      1.40     30.76
  122.10      1.84    123.26      1.61    122.68
   70.68      1.43     70.14      1.41     70.41
  115.46      1.65    113.62      1.47    114.54
   41.59      1.45     41.19      1.36     41.39
  113.57      1.70    114.81      1.56    114.19
   68.33      1.51     65.50      1.74     66.92
  104.47      1.72    102.36      1.49    103.42
   59.89      1.48     60.48      1.73     60.19
  107.24      1.61    108.06      1.66    107.65
   61.56      1.75     59.70      1.52     60.63
  130.77      1.66    124.63      1.67    127.70
   42.23      1.68     42.91      1.23     42.57
  112.98      1.52    112.78      1.65    112.88
   63.23      1.49     57.20      1.76     60.21
  112.91      1.73    116.07      1.61    114.49
   45.60      1.54     42.09      1.71     43.84
  111.58      1.63    112.02      1.69    111.80
   70.17      1.71     69.03      1.54     69.60
  117.97      1.73    116.81      1.71    117.39
   42.36      1.46     43.27      1.48     42.82
  127.31      1.44    125.46      1.60    126.39
   64.59      1.61     65.00      1.63     64.80
  115.67      1.64    113.75      1.77    114.71
   37.36      1.32     36.06      1.50     36.71
  113.76      1.62    112.71      1.48    113.23
   60.38      1.48     63.31      1.50     61.84
  116.22      1.51    113.79      1.54    115.00
   42.00      1.28     41.44      1.62     41.72
  121.05      1.45    117.42      1.69    119.23
   69.97      1.66     70.09      1.61     70.03
  113.67      1.81    109.88      1.39    111.78
   51.30      1.75     52.16      1.75     51.73
  104.79      1.55    104.68      1.54    104.74
   60.41      1.85     60.51      1.60     60.46
  116.87      1.73    117.29      1.74    117.08
   51.67      1.63     50.33      1.58     51.00
  106.40      1.43    104.45      1.64    105.43
   63.03      1.82     64.28      1.81     63.65
  124.15      1.56    121.74      1.51    122.94
   43.90      1.41     41.95      1.40     42.93
  111.62      1.77    111.90      1.58    111.76
   54.61      1.52     52.77      1.49     53.69
  132.59      1.64    133.38      1.50    132.99
   37.92      1.62     36.86      1.38     37.39
  121.92      1.69    121.12      1.47    121.52
   68.11      1.68     65.86      1.44     66.99
  103.77      1.69    101.88      1.59    102.82
   54.23      1.49     55.76      1.77     54.99
  113.69      1.61    113.13      1.85    113.41
   61.21      1.69     58.62      1.54     59.92
  106.75      1.74    105.70      1.46    106.22
   67.24      1.48     63.39      1.68     65.31
  112.33      1.39    114.98      1.60    113.66
   54.23      1.62     54.35      1.48     54.29
  124.23      1.75    119.83      1.71    122.03
   42.47      1.77     41.91      1.68     42.19
  118.82      1.55    116.95      1.49    117.88
   64.08      1.52     64.97      1.41     64.52
  111.62      1.75    112.18      1.73    111.90
   60.13      1.65     56.75      1.38     58.44
  111.72      1.63    112.29      1.61    112.01
   56.56      1.43     54.96      1.34     55.76
  116.50      1.61    112.51      1.96    114.51
   35.00      1.69     38.79      1.42     36.90
  128.63      1.67    123.43      1.50    126.03
   53.26      1.48     52.35      1.30     52.81
  132.32      1.54    131.81      1.55    132.07
   43.77      1.48     44.81      1.30     44.29
  105.89      1.43     99.68      1.45    102.79
   76.34      1.74     78.13      1.39     77.24
  112.77      1.49    109.37      1.50    111.07
   45.21      1.56     46.06      1.37     45.63
  108.41      1.40    104.50      1.41    106.46
   71.46      1.72     70.94      1.43     71.20
  117.74      1.62    120.70      1.64    119.22
   37.38      1.38     33.77      1.31     35.58
  126.25      1.85    126.50      1.53    126.37
   49.82      1.64     44.56      1.43     47.19
  123.37      1.75    123.67      1.60    123.52
   44.55      1.47     42.90      1.26     43.72
  121.55      1.61    119.17      1.42    120.36
   64.27      1.48     64.64      1.43     64.45
  108.42      1.79    107.80      1.54    108.11
   58.12      1.39     58.96      1.62     58.54
  111.95      1.67    110.11      1.69    111.03
   59.43      1.51     57.37      1.38     58.40
  117.08      1.58    118.88      1.38    117.98
   41.88      1.69     40.68      1.22     41.28
  124.45      1.65    122.75      1.43    123.60
   55.95      1.60     56.48      1.73     56.21
  116.37      1.56    115.92      1.69    116.14
   42.88      1.50     41.36      1.27     42.12
  119.68      1.71    117.48      1.61    118.58
   67.82      1.59     68.71      1.67     68.27
  118.05      1.62    113.62      1.51    115.83
   56.04      1.55     57.68      1.58     56.86
   93.68      1.54     88.94      1.38     91.31
   68.42      1.84     68.61      1.56     68.51
  116.55      1.76    114.53      1.49    115.54
   57.45      1.41     55.85      1.60     56.65
  127.83      1.64    129.80      1.73    128.81
   60.57      1.64     57.04      1.65     58.80
  104.86      1.42    102.89      1.61    103.88
   65.03      1.51     64.08      1.50     64.56
   95.72      1.57     94.88      1.72     95.30
   64.06      1.76     60.62      1.42     62.34
  130.29      1.50    129.94      1.48    130.12
   71.03      1.33     70.05      1.73     70.54
   86.10      1.53     84.83      1.50     85.46
   72.86      1.61     72.72      1.60     72.79
  113.11      1.56    110.36      1.58    111.74
   91.76      2.74     92.48      2.66     92.12
   74.14      2.20     75.22      2.51     74.68
   68.75      1.55     66.42      1.69     67.59
  131.82      1.82    130.63      1.70    131.23
   52.62      1.86     50.04      1.78     51.33
  117.85      1.73    117.61      1.98    117.73
   40.78      1.91     36.37      2.00     38.57
  101.44      1.78    103.33      1.89    102.38
   97.93      2.19     92.98      1.75     95.45
  108.00      1.95    110.32      1.67    109.16
   34.48      1.35     32.23      1.67     33.35
  100.58      1.63     99.72      1.53    100.15
   84.30      1.37     81.87      1.74     83.09
  130.97      1.96    133.12      1.59    132.05
   31.71      1.53     29.62      1.55     30.66
  102.17      1.87    102.00      1.52    102.09
   76.76      1.46     75.35      1.36     76.06
  101.10      1.66    101.99      1.29    101.54
   59.08      1.87     54.79      1.26     56.94
   95.43      1.64     95.83      1.57     95.63
