 2093.35  2143.27  2162.36  2161.49  2142.73  2141.32  2081.60  2120.42  2320.77 
 1975.86  2085.92  2057.29  2113.18  2043.90  2026.18  2080.28  2052.49  2280.82 
 2063.32  2094.07  2153.76  2137.05  2159.80  2130.77  2095.36  2130.20  2321.20 
 2017.28  2054.01  2061.59  2101.39  2090.11  2059.01  2047.37  2056.23  2258.20 
 2068.13  2091.66  2138.98  2155.75  2149.59  2124.59  2098.88  2133.64  2312.74 
 2004.86  2065.35  2137.29  2083.74  2052.24  2061.61  2052.35  2052.97  2256.87 
 2060.00  2138.18  2118.59  2170.47  2134.87  2081.86  2137.33  2099.82  2288.78 
 2004.41  2058.77  2060.73  2079.27  2091.87  2059.77  2042.05  2102.85  2242.42 
 2046.24  2121.55  2101.39  2151.25  2143.34  2123.23  2075.88  2128.00  2313.58 
 2022.21  2083.38  2075.93  2092.27  2066.34  2070.27  2044.03  2066.70  2301.01 
 2013.56  2131.75  2117.45  2136.20  2151.29  2115.39  2143.13  2133.46  2302.53 
 1986.41  2056.05  2109.11  2107.97  2073.30  2048.14  2021.85  2067.35  2259.83 
 2069.25  2131.49  2083.88  2164.94  2126.90  2085.95  2089.01  2099.26  2283.14 
 2001.55  2010.12  2126.70  2114.34  2092.38  2085.94  2095.61  2056.57  2271.07 
 2014.01  2094.03  2130.77  2121.26  2167.11  2133.91  2109.17  2130.99  2313.13 
 2060.62  2069.78  2079.03  2085.79  2080.71  2077.44  2055.18  2079.59  2227.54 
 2054.28  2135.91  2127.81  2133.13  2096.34  2149.48  2100.09  2105.54  2290.78 
 2006.99  2070.94  2090.50  2059.49  2082.48  2078.16  2065.58  2050.52  2277.82 
 2022.50  2122.81  2131.08  2144.35  2170.16  2163.53  2076.24  2126.55  2279.77 
 2059.29  2084.48  2084.29  2093.39  2100.05  2062.55  2027.43  2080.25  2233.74 
 2010.72  2078.67  2139.77  2175.25  2126.88  2139.00  2082.29  2114.74  2344.27 
 2027.65  2086.48  2095.17  2102.84  2050.55  2092.46  2028.12  2083.62  2240.20 
 2046.74  2104.16  2157.31  2164.57  2160.09  2102.89  2087.48  2147.80  2281.97 
 2009.30  2065.47  2082.16  2140.54  2099.10  2040.42  2104.94  2072.08  2263.66 
 2071.21  2140.08  2124.93  2090.26  2169.87  2138.63  2089.74  2100.26  2290.96 
 2007.23  2060.81  2068.47  2095.42  2086.84  2033.43  2040.65  2099.33  2235.93 
 2081.05  2140.06  2171.65  2143.19  2137.34  2098.25  2087.61  2109.33  2293.91 
 1979.39  2082.41  2124.03  2096.62  2060.22  2075.58  2068.46  2068.18  2268.18 
 2069.91  2107.11  2153.27  2134.47  2094.16  2148.82  2132.18  2112.70  2304.33 
 2016.61  2077.83  2121.90  2106.64  2117.40  2051.18  2029.47  2074.64  2238.82 
 2052.87  2124.95  2143.51  2149.44  2114.72  2135.19  2101.45  2114.72  2304.09 
 1984.78  2035.15  2094.14  2083.83  2099.52  2048.17  2053.20  2058.17  2290.88 
 2034.93  2114.13  2112.50  2133.66  2137.70  2127.43  2109.94  2132.49  2335.42 
 1999.76  2076.39  2080.23  2102.49  2131.01  2063.73  2077.15  2019.13  2262.07 
 2086.08  2125.63  2155.56  2143.98  2135.86  2148.62  2141.84  2105.39  2283.33 
 1976.92  2049.23  2063.13  2082.85  2048.14  2085.45  2040.82  2074.85  2245.81 
 2063.96  2123.13  2124.45  2142.36  2156.48  2115.44  2128.88  2107.77  2308.17 
 2015.31  2090.23  2109.33  2081.24  2056.82  2030.43  2044.56  2076.21  2293.91 
 2004.32  2138.93  2118.02  2132.07  2112.65  2074.44  2079.76  2116.74  2310.68 
 1989.75  2070.73  2100.33  2104.26  2102.40  2051.70  2041.10  2083.99  2265.89 
 2047.05  2103.23  2137.84  2169.95  2180.51  2131.95  2102.78  2121.37  2309.11 
 2009.31  2090.21  2083.20  2118.91  2099.48  2063.57  2096.47  2082.10  2296.95 
 2052.33  2104.43  2163.26  2175.37  2132.76  2125.22  2090.65  2151.67  2325.41 
 1973.81  2097.17  2095.43  2064.69  2110.38  2058.70  2084.15  2056.83  2260.59 
 2096.07  2127.28  2125.26  2157.59  2143.22  2122.62  2140.73  2130.98  2316.29 
 2017.53  2070.55  2075.62  2096.52  2102.41  2038.05  2061.38  2119.75  2228.77 
 2051.93  2148.32  2151.46  2174.97  2166.18  2107.11  2112.51  2135.28  2310.83 
 1969.53  2047.92  2102.59  2100.78  2087.74  2054.28  2073.69  2073.33  2278.11 
 2063.76  2113.30  2104.52  2138.71  2133.22  2154.17  2080.84  2126.12  2297.96 
 2024.93  2037.53  2095.82  2090.20  2078.92  2088.59  2083.09  2072.77  2285.46 
 2067.94  2112.72  2141.10  2164.86  2187.11  2137.53  2177.15  2143.85  2270.57 
 2039.07  2076.66  2126.65  2103.14  2042.62  2073.16  2043.69  2064.49  2287.72 
 2091.03  2104.02  2137.93  2136.81  2153.14  2142.39  2093.98  2111.03  2298.26 
 2004.13  2052.73  2081.48  2092.17  2085.26  2116.33  2062.26  2071.54  2266.89 
 2018.00  2108.18  2145.81  2122.76  2152.87  2095.45  2117.89  2135.43  2311.49 
 1997.46  2066.09  2108.02  2078.86  2095.24  2081.21  1990.31  2109.23  2275.28 
 2043.75  2046.89  2139.51  2117.02  2124.74  2128.03  2110.21  2111.64  2336.92 
 2027.66  2068.39  2070.13  2118.73  2096.73  2066.91  2066.35  2090.00  2256.74 
 2056.47  2102.59  2152.41  2123.32  2140.40  2128.22  2095.58  2127.93  2335.88 
 1993.05  2052.53  2069.01  2078.53  2090.62  2043.76  2078.88  2085.99  2257.56 
 2069.31  2110.70  2136.21  2169.26  2109.34  2103.78  2109.58  2099.53  2282.39 
 1984.98  2080.46  2074.76  2092.92  2097.10  2097.60  2067.48  2046.65  2239.50 
 2039.84  2113.09  2175.01  2125.43  2107.18  2134.44  2100.45  2147.17  2289.30 
 1976.38  2071.27  2056.76  2100.49  2062.60  2040.81  1988.35  2064.47  2263.70 
 2047.81  2117.31  2147.67  2127.20  2120.32  2124.58  2087.13  2151.78  2298.56 
 1972.00  2085.07  2091.60  2080.89  2114.12  2086.91  2066.27  1993.31  2261.24 
 2055.59  2121.94  2100.84  2135.33  2129.16  2149.43  2079.45  2101.88  2302.60 
 2003.54  2034.15  2098.14  2066.76  2072.47  2058.40  2047.53  2083.12  2247.16 
 2058.10  2132.87  2149.62  2109.39  2135.06  2103.20  2092.05  2098.14  2300.83 
 1993.06  2078.56  2096.84  2131.76  2064.53  2073.67  2016.88  2051.01  2280.92 
 2008.90  2101.08  2098.42  2156.31  2146.36  2121.44  2113.98  2136.89  2305.30 
 1957.43  2030.59  2074.53  2122.22  2077.74  2039.41  2107.47  2041.50  2282.26 
 2055.04  2098.18  2132.53  2144.68  2142.61  2120.20  2132.45  2134.13  2292.70 
 2015.22  2085.38  2101.16  2098.62  2087.85  2063.52  2029.79  2083.98  2240.99 
 2025.99  2102.23  2157.19  2109.81  2144.78  2150.31  2086.84  2097.43  2324.88 
 1983.59  2067.44  2054.74  2093.44  2077.05  2098.84  2096.35  2097.77  2257.44 
 2060.85  2122.33  2096.99  2176.21  2152.15  2129.50  2139.25  2144.08  2290.04 
 1987.07  2075.03  2075.83  2084.97  2076.14  2062.76  2070.38  2086.31  2255.28 
 2042.69  2114.77  2157.48  2144.29  2139.81  2131.73  2129.28  2154.54  2281.17 
 2003.97  2023.73  2085.47  2098.60  2054.51  2097.81  2066.44  2072.26  2282.59 
 2056.41  2087.50  2137.37  2150.82  2150.22  2091.70  2119.55  2140.16  2324.91 
 1957.46  2057.91  2107.96  2112.99  2105.05  2073.55  2032.31  2090.93  2292.12 
 2071.12  2091.44  2172.79  2188.69  2123.99  2114.72  2073.33  2096.05  2266.74 
 1993.94  2103.45  2086.08  2073.69  2059.88  2053.62  2066.15  2080.98  2227.96 
 2039.09  2104.36  2124.55  2144.92  2139.49  2140.83  2082.14  2099.47  2310.93 
 2003.47  2074.97  2102.70  2113.03  2100.45  2066.99  2056.87  2034.34  2254.25 
 2076.33  2104.31  2165.37  2130.29  2143.76  2118.14  2103.39  2115.96  2394.02 
 2048.47  2109.38  2084.48  2091.21  2078.66  2092.98  2042.46  2073.85  2302.11 
 2050.03  2098.76  2113.16  2116.98  2125.41  2076.94  2097.50  2128.57  2302.59 
 2048.36  2094.63  2124.64  2086.92  2133.85  2077.45  2062.23  2097.63  2266.33 
 2079.95  2112.30  2151.80  2147.57  2131.18  2139.68  2109.49  2116.70  2306.35 
 1958.02  2050.12  2103.82  2117.32  2102.78  2054.75  2062.49  2080.83  2215.83 
 2036.84  2097.13  2110.57  2138.68  2136.42  2081.19  2102.43  2125.62  2293.91 
 2011.60  2058.73  2098.31  2095.75  2082.49  2067.51  2004.88  2073.04  2251.28 
 2062.70  2118.47  2153.61  2161.12  2132.59  2138.75  2124.64  2120.99  2312.46 
 2029.96  2044.77  2083.77  2057.95  2096.09  2077.10  2066.42  2031.64  2253.69 
 2031.23  2126.06  2137.62  2106.81  2124.83  2142.57  2115.63  2105.69  2282.95 
 1984.17  2093.04  2092.72  2087.05  2116.57  2061.02  2016.63  2068.09  2224.56 
 2049.52  2106.48  2139.04  2177.16  2141.30  2157.40  2082.01  2148.10  2318.80 
 1978.53  2046.73  2052.50  2052.34  2063.52  2100.43  2041.04  2056.99  2301.02 
 2011.52  2105.18  2145.62  2171.84  2142.53  2110.77  2112.54  2097.97  2309.01 
 1982.12  2094.82  2108.60  2079.04  2100.01  2036.11  2049.24  2084.95  2291.26 
 2029.97  2181.17  2148.53  2151.94  2161.54  2101.91  2107.60  2156.46  2318.81 
 2033.18  2038.35  2089.90  2082.73  2051.65  2036.48  2033.29  2056.02  2235.20 
 2080.98  2120.07  2127.02  2116.55  2145.49  2122.80  2096.71  2114.16  2316.70 
 1991.11  2063.43  2103.65  2050.60  2134.84  2052.68  2056.57  2068.44  2233.51 
 2073.39  2127.48  2177.01  2159.02  2174.85  2105.61  2131.48  2126.60  2302.84 
 2021.25  2063.68  2081.70  2098.69  2090.06  2086.23  2034.06  2086.16  2261.87 
 2039.89  2127.39  2116.45  2134.12  2129.21  2132.63  2116.26  2118.80  2305.97 
 2016.37  2070.07  2076.16  2099.77  2065.63  2098.98  2043.73  2080.59  2277.05 
 2069.95  2122.74  2139.77  2124.23  2140.47  2125.30  2103.45  2132.96  2338.53 
 1987.11  2086.98  2090.73  2070.62  2052.94  2089.30  2087.53  2045.87  2255.31 
 2044.36  2098.23  2148.01  2113.80  2124.87  2128.65  2092.74  2113.11  2318.26 
 2014.43  2085.27  2076.20  2093.79  2071.18  2063.07  2074.83  2072.64  2291.88 
 2043.98  2123.58  2158.95  2155.72  2147.53  2149.56  2089.28  2130.69  2306.82 
 1996.30  2097.82  2074.16  2102.74  2105.10  2071.81  2076.46  2058.64  2247.92 
 2033.11  2097.89  2123.48  2163.40  2128.59  2068.59  2129.45  2134.07  2311.51 
 1986.21  2088.17  2102.51  2092.48  2066.32  2066.50  2079.84  2053.85  2255.37 
 2034.31  2120.10  2165.91  2156.85  2124.20  2105.00  2079.22  2128.93  2328.53 
 2022.55  2073.11  2065.73  2094.63  2061.20  2057.95  2061.15  2079.44  2229.97 
 2012.23  2112.60  2116.95  2101.88  2129.29  2130.79  2137.19  2123.35  2274.16 
 1988.70  2083.49  2072.25  2052.83  2093.57  2064.14  2052.68  2038.32  2249.18 
 2079.26  2107.77  2115.10  2153.29  2133.05  2136.82  2165.24  2113.13  2272.08 
 2012.40  2072.17  2100.59  2087.52  2098.89  2044.34  2023.40  2055.11  2249.42 
 2100.74  2145.56  2133.72  2126.48  2155.79  2115.82  2062.35  2125.32  2293.68 
 2013.77  2066.97  2037.02  2077.77  2076.40  2083.63  2051.70  2072.86  2226.83 
 2083.88  2116.66  2157.60  2164.40  2183.48  2151.57  2133.41  2109.66  2299.20 
 2029.23  2059.61  2091.56  2091.39  2053.14  2046.60  2076.55  2040.79  2235.72 
 2087.88  2087.34  2137.18  2177.73  2172.22  2141.14  2132.72  2107.95  2254.50 
 1992.68  2076.17  2092.03  2107.57  2073.50  2038.69  2078.80  2074.89  2287.51 
 2047.89  2117.65  2148.64  2145.09  2168.65  2143.91  2101.36  2126.86  2320.21 
 2013.98  2068.55  2108.20  2069.04  2098.65  2116.27  2086.49  2081.88  2255.72 
 2016.63  2143.04  2126.10  2120.08  2125.50  2119.06  2132.23  2115.73  2258.73 
 1997.12  2078.67  2077.64  2087.49  2087.99  2075.29  2114.23  2059.89  2263.78 
 2063.88  2127.64  2152.09  2169.44  2125.58  2149.89  2108.71  2189.06  2349.11 
 1979.14  2067.33  2069.59  2087.85  2088.87  2108.23  2071.78  2105.07  2272.11 
 2027.36  2110.37  2157.42  2109.40  2101.07  2105.81  2090.78  2089.66  2296.67 
 2009.01  2062.96  2069.20  2073.53  2076.60  2056.65  2064.84  2082.39  2290.54 
 2030.81  2130.76  2138.93  2195.34  2083.94  2138.22  2113.62  2151.67  2260.72 
 2025.26  2057.35  2096.84  2082.75  2082.81  2058.05  2061.47  2023.05  2253.41 
 2084.91  2123.23  2154.29  2099.39  2146.90  2120.38  2099.55  2117.30  2286.32 
 2007.16  2106.11  2097.53  2110.58  2109.62  2076.60  2051.96  2025.65  2248.43 
 2079.05  2130.27  2161.67  2172.54  2127.05  2120.43  2095.64  2128.24  2317.27 
 2010.73  2083.58  2090.44  2085.16  2075.58  2093.79  2031.05  2074.47  2246.92 
 2069.82  2121.51  2134.41  2130.36  2167.70  2137.16  2122.90  2129.98  2327.79 
 2008.16  2030.39  2083.51  2083.51  2074.60  2088.47  2057.88  2036.79  2236.32 
 2051.70  2131.64  2161.58  2165.11  2172.24  2151.23  2116.78  2134.37  2299.45 
 2006.05  2058.25  2107.52  2092.71  2082.98  2079.39  2037.42  2042.81  2281.56 
 2080.73  2126.76  2097.11  2185.37  2122.16  2119.46  2157.93  2085.76  2326.82 
 2031.63  2053.19  2136.30  2056.69  2073.48  2143.86  2042.23  2113.74  2277.87 
 2047.12  2111.15  2152.45  2154.23  2131.75  2131.93  2135.87  2140.27  2281.84 
 2015.75  2079.61  2090.57  2116.44  2059.19  2045.39  2068.59  2058.00  2298.20 
 2043.90  2085.02  2136.07  2111.86  2153.86  2164.87  2101.74  2115.04  2295.48 
 2013.33  2044.10  2111.66  2048.80  2075.30  2030.53  2078.52  2096.96  2304.08 
 2044.16  2137.36  2119.18  2136.14  2123.13  2157.33  2125.07  2113.90  2333.50 
 2010.04  2066.30  2091.25  2074.07  2084.39  2062.08  2055.02  2067.14  2250.76 
 2059.65  2111.70  2150.79  2114.08  2118.38  2097.71  2103.09  2092.20  2285.76 
 2006.35  2103.65  2052.32  2091.79  2097.92  2093.31  2060.31  2035.19  2329.80 
 2054.83  2111.97  2115.47  2132.77  2107.65  2125.56  2110.06  2086.63  2295.70 
 1993.33  2093.45  2088.95  2091.57  2114.40  2060.80  2073.17  2040.37  2288.30 
 1997.20  2089.27  2155.72  2182.74  2085.04  2104.56  2119.29  2105.99  2335.05 
 1983.49  2063.34  2106.03  2077.62  2045.73  2067.16  2077.73  2076.35  2259.03 
 2077.81  2092.44  2153.63  2174.46  2132.90  2094.16  2095.33  2117.33  2301.82 
 1994.29  2117.70  2079.39  2111.35  2091.71  2024.96  2059.97  2082.32  2232.03 
 2020.84  2109.04  2127.42  2138.55  2163.63  2141.50  2087.59  2130.48  2337.53 
 1994.52  2098.75  2103.61  2092.51  2148.39  2062.68  2058.88  2051.71  2244.78 
 2030.42  2106.52  2124.03  2107.99  2166.50  2133.22  2125.83  2115.18  2299.08 
 2012.61  2057.05  2075.03  2070.48  2104.54  2094.12  2043.15  2075.01  2273.74 
 2042.96  2111.89  2174.65  2150.71  2163.53  2107.02  2127.04  2136.46  2308.43 
 2003.89  2080.35  2119.69  2103.91  2098.41  2099.20  2037.78  2053.22  2281.79 
 2066.61  2113.24  2102.28  2139.92  2156.99  2115.63  2099.61  2129.85  2329.50 
 1991.90  2040.11  2123.26  2052.73  2081.79  2076.02  2042.58  2064.26  2293.23 
 2034.79  2154.15  2179.64  2168.44  2094.91  2108.83  2123.74  2107.08  2299.15 
 2002.15  2037.16  2104.45  2086.27  2046.77  2066.90  2058.67  2045.12  2278.39 
 2058.09  2103.12  2129.64  2129.70  2126.83  2139.31  2131.46  2117.14  2333.61 
 1983.53  2056.57  2127.19  2060.69  2094.71  2103.30  2046.16  2063.08  2260.40 
 2074.00  2120.68  2123.34  2117.00  2102.98  2129.60  2134.39  2138.37  2288.41 
 2000.89  2087.78  2102.25  2106.80  2086.87  2089.50  2096.76  2072.78  2287.57 
 2067.36  2130.59  2138.80  2157.86  2180.26  2131.72  2110.88  2144.23  2317.86 
 2018.22  2090.34  2091.78  2069.51  2096.16  2080.55  2091.05  2065.28  2293.93 
 2057.57  2136.63  2148.50  2172.76  2129.78  2118.27  2099.11  2086.71  2326.22 
 2006.96  2117.78  2081.68  2120.72  2121.27  2083.07  2055.63  2095.80  2282.39 
 2050.73  2146.72  2133.31  2137.90  2141.03  2116.68  2118.32  2131.64  2318.37 
 2008.21  2044.38  2109.92  2116.55  2054.59  2093.43  2055.32  2075.59  2253.07 
 2062.46  2114.47  2112.55  2147.64  2129.53  2111.51  2118.91  2126.15  2304.00 
 2007.89  2037.36  2106.61  2107.30  2075.27  2032.69  2100.14  2074.14  2255.39 
 2099.26  2161.39  2130.32  2137.17  2171.03  2108.40  2126.21  2104.32  2293.97 
 2052.15  2072.77  2073.05  2073.91  2070.58  2081.67  2069.06  2037.47  2234.82 
 2091.40  2083.67  2126.35  2166.08  2147.63  2134.37  2129.10  2107.60  2282.99 
 2032.05  2081.00  2093.25  2102.36  2087.66  2075.57  2105.29  2063.20  2261.01 
 2055.16  2155.96  2114.27  2130.89  2140.92  2158.94  2070.88  2103.77  2281.20 
 2033.84  2077.99  2095.14  2064.23  2085.20  2042.82  2067.44  2060.13  2256.80 
 2036.17  2114.60  2144.42  2137.64  2192.27  2139.19  2106.20  2130.57  2318.10 
 2003.22  2076.64  2072.11  2100.30  2114.82  2070.68  2047.43  2060.09  2234.91 
 2044.34  2107.56  2185.94  2139.31  2106.21  2127.82  2090.44  2147.66  2313.68 
 1993.30  2055.59  2099.60  2077.01  2065.34  2049.95  2073.51  2073.56  2348.75 
 2050.17  2139.11  2136.21  2139.99  2087.62  2168.77  2090.81  2121.40  2318.27 
 1998.32  2024.17  2076.35  2072.05  2063.42  2083.85  2028.82  2086.02  2290.95 
 2036.91  2121.90  2119.09  2138.53  2126.32  2111.65  2062.99  2087.47  2305.75 
 1956.71  2053.78  2097.09  2051.13  2059.15  2075.75  2067.82  2069.38  2289.58 
 2077.30  2129.86  2142.63  2160.57  2108.22  2151.11  2096.58  2151.84  2322.62 
 2019.39  2069.26  2083.72  2033.50  2115.52  2075.67  2026.64  2087.16  2285.11 
 2057.10  2137.53  2126.86  2134.05  2164.48  2149.58  2109.43  2142.70  2318.47 
 2010.49  2049.75  2131.80  2049.17  2065.93  2052.24  2043.99  2053.65  2263.86 
 2082.26  2117.45  2151.55  2160.59  2145.08  2111.32  2081.46  2139.06  2309.55 
 1981.88  2061.67  2043.17  2067.91  2069.86  2052.91  2057.63  2054.16  2285.48 
 2056.85  2121.18  2166.40  2140.76  2160.51  2148.20  2091.23  2104.45  2312.33 
 1991.75  2041.55  2114.42  2121.41  2100.59  2070.98  2065.75  2063.88  2233.30 
 2048.85  2113.38  2101.85  2120.18  2146.46  2119.49  2092.30  2083.22  2305.11 
 2012.09  2080.98  2078.14  2059.97  2054.15  2075.42  2046.28  2045.15  2272.14 
 2037.94  2119.26  2199.88  2144.42  2132.51  2115.22  2079.02  2123.53  2321.68 
 1998.13  2057.28  2081.69  2068.56  2052.00  2038.70  2093.46  2068.26  2271.00 
 2089.12  2095.08  2154.96  2128.14  2185.96  2120.32  2107.09  2120.88  2306.41 
 2022.85  2101.05  2037.13  2076.29  2132.07  2081.91  2091.49  2085.23  2276.16 
 2069.11  2156.41  2141.56  2182.11  2172.91  2119.32  2107.19  2128.16  2336.26 
 2031.26  2089.56  2052.04  2111.39  2056.88  2088.69  2065.04  2052.63  2282.09 
 2035.68  2134.56  2172.46  2144.28  2142.84  2118.08  2122.00  2141.70  2282.11 
 2032.62  2075.88  2121.74  2092.25  2074.47  2062.24  2040.81  2106.15  2308.18 
 2045.14  2137.55  2136.15  2167.33  2175.29  2124.22  2125.76  2109.33  2334.84 
 2031.32  2045.93  2059.52  2075.61  2078.82  2035.30  2064.57  2072.87  2280.28 
 2074.64  2148.86  2104.78  2143.80  2129.84  2129.12  2082.68  2141.75  2308.73 
 1986.90  2076.90  2107.39  2087.25  2056.39  2076.16  2050.42  2097.56  2292.10 
 2047.56  2087.58  2123.98  2140.01  2139.48  2123.90  2125.19  2126.24  2287.06 
 2004.26  2087.98  2067.16  2087.17  2073.31  2072.71  2052.49  2069.14  2231.20 
 2025.05  2114.54  2181.91  2140.60  2158.55  2096.37  2125.43  2124.50  2280.68 
 2039.21  2068.23  2087.89  2089.79  2085.38  2066.38  2058.32  2084.51  2293.45 
 2070.36  2120.62  2123.66  2148.94  2150.09  2155.20  2084.54  2162.64  2280.94 
 2022.70  2095.58  2073.53  2078.94  2093.59  2078.83  2072.25  2065.37  2258.19 
 2045.53  2085.33  2126.82  2131.85  2150.80  2084.91  2171.07  2137.95  2307.17 
 2034.60  2058.99  2110.01  2117.08  2029.04  2073.83  2043.79  2094.11  2275.76 
 2028.08  2126.44  2122.33  2168.64  2138.55  2056.37  2097.76  2127.53  2304.15 
 2011.19  2086.37  2101.66  2126.47  2077.26  2030.87  1994.61  2078.64  2294.90 
 2104.74  2119.53  2124.66  2138.27  2127.12  2077.47  2097.42  2146.95  2287.60 
 1997.71  2035.08  2129.45  2100.06  2086.70  2096.89  2083.61  2069.13  2268.16 
 2075.27  2126.54  2155.97  2162.75  2147.86  2115.30  2085.81  2162.01  2316.52 
 2023.77  2060.82  2116.27  2102.19  2097.45  2062.56  2044.20  2082.64  2261.43 
 2050.76  2099.37  2120.65  2166.55  2095.81  2100.82  2102.23  2120.78  2320.77 
 1998.89  2064.10  2115.08  2094.97  2082.59  2082.89  2090.29  2095.28  2264.54 
 2098.07  2149.10  2157.29  2150.46  2157.29  2141.88  2112.81  2137.89  2313.05 
 2035.29  2048.42  2075.63  2102.14  2076.84  2041.53  2051.90  2087.55  2270.02 
 2053.48  2098.60  2116.70  2153.58  2136.95  2110.05  2107.53  2105.57  2320.08 
 2013.04  2055.65  2088.51  2117.70  2087.91  2069.41  2046.90  2066.40  2271.08 
 2077.34  2128.05  2185.40  2213.83  2176.30  2120.08  2122.74  2137.91  2288.79 
 1959.33  2094.97  2047.19  2123.74  2054.15  2089.61  2066.82  2055.34  2266.69 
 2031.53  2110.75  2162.46  2135.59  2125.32  2124.86  2123.56  2138.53  2337.56 
 2011.90  2055.21  2097.38  2100.18  2072.40  2050.94  2072.15  2067.97  2266.20 
 2042.63  2136.90  2155.64  2169.14  2145.30  2135.25  2115.95  2131.70  2366.36 
 2038.32  2085.44  2090.21  2041.45  2115.27  2087.95  2016.96  2047.20  2260.21 
 2043.71  2111.50  2161.93  2167.71  2171.03  2137.33  2141.19  2116.96  2329.64 
 2041.42  2021.39  2112.82  2053.75  2110.35  2050.51  2066.86  2065.84  2233.26 
 2038.76  2118.01  2166.38  2185.55  2163.51  2112.23  2094.70  2112.35  2303.76 
 2013.49  2076.88  2103.55  2098.94  2083.73  2067.73  2035.23  2035.80  2285.88 
 2065.94  2123.12  2160.96  2138.24  2187.81  2112.05  2095.55  2113.37  2308.82 
 2041.68  2032.16  2131.44  2103.56  2090.54  2086.46  2087.59  2039.00  2265.67 
 2034.05  2109.78  2115.19  2133.28  2176.01  2103.37  2076.42  2134.08  2282.04 
 2013.51  2117.48  2083.66  2077.91  2056.54  2027.58  2056.62  2060.29  2263.50 
 2056.95  2111.43  2140.45  2131.81  2127.38  2124.80  2081.35  2151.29  2316.75 
 2000.67  2037.04  2084.33  2078.04  2033.34  2121.25  2059.09  2095.34  2277.45 
 2015.82  2126.65  2133.75  2151.95  2109.92  2128.85  2080.70  2136.03  2298.36 
 2005.56  2040.70  2101.65  2059.12  2064.25  2098.36  2077.21  2077.99  2263.37 
 2081.04  2140.23  2117.38  2113.61  2125.67  2125.07  2108.78  2137.19  2310.77 
 1984.65  2044.62  2119.48  2028.40  2047.67  2067.62  2064.68  2098.80  2235.83 
 2079.24  2147.07  2120.05  2146.83  2121.59  2156.53  2080.65  2089.89  2285.85 
 1987.73  2106.67  2064.70  2105.62  2087.66  2078.72  2066.49  2062.83  2265.60 
 2064.50  2149.72  2133.81  2146.90  2159.93  2125.49  2106.98  2167.09  2278.85 
 2001.60  2104.77  2135.01  2063.97  2092.80  2081.90  2072.62  2077.51  2281.43 
 2078.56  2131.18  2158.59  2122.23  2156.06  2125.90  2131.34  2185.25  2325.43 
 2036.68  2066.16  2086.93  2079.71  2091.10  2086.11  2050.11  2068.06  2254.95 
 2058.74  2103.66  2195.61  2157.99  2167.81  2132.17  2086.05  2174.74  2318.31 
 2026.63  2075.20  2104.79  2055.77  2093.62  2078.68  2088.86  2064.55  2255.32 
 2066.52  2137.16  2137.82  2146.70  2145.28  2122.87  2134.69  2141.84  2330.26 
 2001.85  2063.93  2130.56  2107.72  2115.40  2072.79  2063.94  2060.81  2243.76 
 2059.72  2110.92  2149.62  2143.97  2105.73  2158.84  2128.52  2178.82  2342.52 
 2054.25  2043.20  2067.95  2095.05  2095.06  2084.49  2069.87  2046.11  2237.34 
 2052.05  2144.75  2121.95  2145.77  2132.17  2130.64  2103.48  2138.89  2330.41 
 1998.18  2058.42  2087.74  2097.25  2087.97  2042.40  2069.79  2042.89  2264.52 
 2024.35  2156.72  2134.39  2152.31  2164.26  2140.32  2107.63  2120.06  2285.65 
 1981.68  2106.24  2097.60  2064.06  2112.08  2081.42  2083.72  2099.08  2291.76 
 2098.35  2093.21  2144.06  2154.66  2130.63  2092.55  2123.92  2097.15  2313.61 
 2005.35  2100.46  2094.72  2075.07  2110.54  2095.46  2059.94  2080.01  2249.38 
 2061.60  2129.82  2161.44  2113.82  2110.74  2109.75  2112.22  2113.68  2321.14 
 2015.24  2090.14  2091.13  2111.97  2073.83  2114.68  2036.98  2076.04  2272.96 
 2052.77  2106.76  2111.76  2136.88  2140.84  2104.49  2142.79  2114.04  2298.82 
 1942.47  2083.44  2122.53  2114.43  2058.52  2069.36  2081.87  2034.73  2261.49 
 2083.51  2130.88  2143.30  2123.18  2143.91  2129.12  2127.77  2093.93  2343.00 
 2021.99  2121.30  2085.24  2094.07  2113.23  2087.07  2059.76  2073.81  2262.45 
 2045.27  2131.23  2157.54  2104.10  2145.04  2115.32  2113.36  2177.99  2328.94 
 2019.56  2030.23  2123.21  2101.30  2083.42  2028.17  2034.46  2106.63  2269.36 
 2046.77  2107.62  2159.08  2126.52  2097.13  2153.05  2138.20  2109.24  2338.01 
 1994.04  2051.10  2112.15  2087.28  2080.80  2045.16  2069.42  2074.40  2248.10 
 2068.73  2127.83  2137.70  2141.88  2136.56  2133.17  2096.75  2085.15  2293.58 
 2018.05  2078.46  2102.70  2089.08  2117.05  2059.71  2068.47  2078.23  2263.75 
 2034.12  2137.52  2120.35  2198.06  2096.56  2135.84  2122.57  2089.84  2301.66 
 1997.72  2102.08  2106.82  2085.60  2083.34  2056.07  2076.65  2049.44  2246.71 
 2047.88  2140.72  2149.26  2198.52  2147.68  2099.07  2129.03  2100.62  2333.27 
 1988.65  2057.20  2079.63  2070.94  2102.63  2039.25  2081.36  2094.17  2298.36 
 2076.33  2132.55  2127.55  2157.68  2120.66  2142.23  2081.60  2143.59  2317.68 
 2029.78  2105.07  2075.96  2089.09  2104.62  2050.31  2104.01  2094.71  2275.25 
 2038.06  2107.25  2155.00  2153.30  2126.07  2128.62  2099.51  2138.66  2340.96 
 2017.95  2057.85  2116.01  2098.86  2097.19  2094.11  2064.55  2081.18  2288.99 
 2047.25  2138.95  2144.73  2128.20  2112.80  2128.22  2121.73  2130.24  2275.93 
 2039.47  2065.72  2120.54  2083.30  2073.46  2058.06  2032.22  2084.18  2258.47 
 2089.15  2141.53  2170.69  2133.39  2102.12  2155.36  2067.18  2131.89  2315.10 
 1995.53  2044.53  2080.96  2086.87  2077.07  2040.38  2041.39  2065.46  2271.90 
 2067.69  2146.78  2185.06  2148.30  2158.20  2134.25  2102.08  2116.02  2327.66 
 2041.33  2072.08  2110.56  2090.92  2044.14  2097.77  2049.49  2079.88  2243.78 
 2006.62  2111.03  2124.73  2145.81  2155.47  2132.11  2096.57  2113.74  2310.92 
 2001.07  2072.09  2091.05  2090.22  2091.11  2093.05  2065.99  2048.30  2282.11 
 2045.97  2097.26  2178.03  2131.99  2171.01  2093.41  2107.45  2145.96  2305.06 
 2016.46  2080.98  2097.39  2121.91  2102.47  2119.10  2036.30  2094.32  2239.10 
 2066.05  2148.11  2147.72  2150.58  2146.55  2116.61  2133.76  2136.16  2325.26 
 2014.87  2094.61  2078.90  2098.76  2125.34  2067.57  2027.56  2120.73  2279.37 
 2044.31  2135.23  2159.02  2118.49  2139.21  2144.76  2082.58  2140.16  2334.67 
 2001.78  2070.06  2075.60  2085.29  2097.48  2096.77  2041.70  2119.91  2250.17 
 2038.41  2122.79  2149.13  2165.16  2124.71  2092.18  2102.41  2125.30  2320.20 
 1994.28  2076.73  2082.58  2068.90  2087.47  2069.66  2086.66  2064.84  2255.22 
 2053.98  2085.44  2107.30  2113.56  2176.14  2121.49  2094.44  2099.85  2302.29 
 2011.42  2074.33  2081.36  2102.14  2111.77  2062.41  2028.11  2060.73  2265.03 
 2065.81  2118.05  2138.70  2171.80  2132.49  2123.27  2136.56  2087.40  2307.87 
 2008.67  2068.91  2089.18  2091.44  2082.39  2072.65  2081.52  2059.96  2238.02 
 2016.60  2077.77  2157.36  2146.84  2134.47  2130.30  2103.28  2150.85  2299.05 
 2058.10  2077.25  2081.99  2113.01  2069.40  2063.97  2067.21  2068.09  2259.18 
 2045.51  2127.29  2140.38  2171.42  2166.09  2121.14  2127.07  2134.73  2264.35 
 2037.22  2044.24  2114.49  2101.59  2081.19  2071.39  2047.85  2056.90  2271.09 
 2079.17  2128.76  2128.24  2139.78  2154.75  2152.37  2126.51  2127.55  2352.94 
 2015.56  2043.68  2107.87  2063.42  2086.79  2032.58  2048.42  2077.42  2231.01 
 2069.86  2092.70  2158.66  2160.43  2156.20  2078.05  2128.23  2109.27  2278.64 
 1988.41  2083.07  2053.48  2109.11  2079.10  2074.52  2080.64  2079.55  2265.89 
 2054.50  2085.82  2149.83  2115.67  2140.39  2080.77  2114.26  2124.08  2298.56 
 2023.54  2021.61  2089.37  2060.74  2074.06  2117.93  2050.82  2072.50  2257.09 
 2053.87  2095.47  2138.76  2149.28  2142.82  2128.99  2130.89  2134.41  2312.85 
 1970.84  2039.13  2082.30  2123.12  2067.19  2086.51  2085.51  2094.70  2280.28 
 2031.37  2112.36  2166.46  2135.74  2129.07  2116.72  2116.63  2165.58  2340.60 
 1975.17  2076.53  2116.37  2123.83  2076.58  2048.43  2050.80  2080.51  2291.88 
 2092.47  2112.02  2106.47  2152.99  2128.97  2141.28  2105.30  2152.61  2338.84 
 1955.48  2105.11  2059.37  2086.87  2083.41  2052.82  2042.56  2094.93  2277.22 
 1995.40  2080.62  2144.90  2138.01  2132.78  2107.93  2127.07  2118.20  2284.12 
 2019.57  2080.01  2070.61  2096.67  2119.93  2030.92  2017.31  2054.74  2293.86 
 2062.78  2087.39  2138.57  2159.40  2168.11  2130.34  2112.93  2097.38  2289.53 
 2010.42  2065.14  2087.53  2087.02  2102.45  2072.56  2018.48  2089.62  2275.65 
 2033.98  2107.41  2130.22  2166.74  2138.69  2108.80  2077.01  2128.46  2298.52 
 2007.92  2105.32  2106.56  2113.18  2091.52  2072.19  2083.74  2088.02  2275.16 
 2078.92  2137.08  2151.33  2137.29  2173.95  2129.82  2079.24  2151.39  2305.99 
 1993.89  2056.17  2107.23  2082.70  2076.50  2065.63  2065.22  2092.67  2239.78 
 2054.01  2126.42  2154.05  2117.61  2168.95  2120.56  2142.28  2104.11  2295.41 
 2017.45  2030.57  2077.62  2100.19  2091.71  2069.48  2073.99  2075.52  2298.92 
 2068.27  2114.27  2161.11  2159.95  2177.69  2120.59  2069.21  2148.63  2288.17 
 1962.01  2121.93  2097.74  2090.71  2111.64  2084.06  2078.18  2050.10  2275.75 
 2036.06  2105.61  2093.97  2142.20  2122.59  2083.25  2106.96  2153.78  2327.33 
 2016.15  2077.95  2073.54  2101.22  2094.57  2068.92  2050.01  2118.51  2237.73 
 2057.61  2099.70  2163.80  2154.81  2114.32  2160.71  2118.70  2072.30  2288.01 
 2007.40  2108.87  2114.11  2091.53  2079.84  2052.32  2063.57  2058.10  2275.98 
 2046.47  2124.70  2123.75  2153.82  2170.56  2131.48  2108.88  2119.56  2324.96 
 2044.99  2126.47  2102.68  2088.97  2093.18  2077.66  2028.16  2118.21  2283.30 
 2061.27  2125.44  2146.22  2159.15  2150.82  2122.39  2123.12  2116.14  2306.49 
 2002.90  2083.12  2064.71  2091.94  2078.54  2071.20  2040.80  2076.33  2233.90 
 2061.36  2129.42  2158.77  2152.04  2111.98  2109.61  2141.55  2153.71  2303.73 
 2001.51  2094.68  2094.84  2095.62  2074.72  2080.95  2047.23  2083.93  2261.87 
 2026.97  2108.12  2138.53  2149.68  2126.66  2157.90  2073.36  2119.55  2288.75 
 2008.15  2073.79  2082.44  2117.91  2060.97  2075.26  2078.66  2061.83  2261.79 
 1997.99  2114.75  2135.37  2122.88  2145.04  2108.02  2158.80  2095.97  2317.03 
 1981.62  2096.66  2081.26  2048.77  2076.11  2063.41  2050.07  2077.25  2253.93 
 2022.13  2128.79  2146.01  2127.99  2136.06  2088.34  2147.75  2148.31  2290.76 
 2020.04  2031.28  2058.28  2100.99  2108.41  2062.58  2058.78  2075.55  2268.52 
 2053.43  2141.34  2150.56  2152.41  2156.55  2135.14  2091.85  2138.27  2318.48 
 2025.68  2073.63  2070.61  2096.67  2134.51  2084.22  2069.45  2087.15  2262.46 
 2109.56  2107.20  2145.33  2143.17  2163.27  2151.41  2100.62  2149.78  2314.41 
 2005.97  2042.41  2094.57  2117.86  2098.25  2045.52  2069.17  2093.80  2243.44 
 2032.53  2122.96  2162.28  2132.48  2137.68  2079.04  2124.97  2139.52  2277.97 
 2005.48  2104.62  2057.81  2114.18  2108.96  2076.20  2042.03  2102.79  2246.67 
 2068.09  2116.75  2176.36  2147.88  2143.55  2130.73  2123.80  2104.83  2289.58 
 1982.63  2081.10  2076.97  2115.84  2116.43  2080.19  2071.16  2116.70  2260.99 
 2032.62  2132.51  2159.13  2182.35  2162.61  2108.31  2105.44  2138.91  2308.71 
 2009.92  2067.38  2125.82  2062.25  2107.18  2106.36  2110.59  2079.78  2288.26 
 2085.70  2108.80  2181.17  2156.14  2120.94  2108.64  2078.99  2105.79  2272.12 
 1986.05  2072.57  2117.76  2098.50  2105.98  2074.96  2025.71  2058.47  2275.09 
 2043.75  2124.51  2173.44  2158.53  2142.69  2138.46  2131.68  2116.87  2308.42 
 2047.16  2079.41  2122.77  2044.79  2087.80  2093.10  2071.95  2064.37  2287.71 
 2041.36  2108.85  2182.28  2130.56  2148.34  2117.95  2066.40  2120.04  2307.95 
 1987.40  2087.65  2089.64  2114.03  2119.05  2089.91  2042.02  2035.88  2248.31 
 2050.57  2135.04  2146.44  2143.67  2145.00  2141.48  2137.43  2112.12  2324.31 
 2017.71  2103.83  2078.39  2096.27  2107.44  2058.30  2044.44  2087.18  2276.91 
 2089.46  2106.79  2177.64  2137.17  2120.28  2136.38  2103.97  2110.76  2285.52 
 2025.54  2085.38  2103.98  2089.44  2067.38  2070.64  2077.11  2041.96  2254.82 
 2033.05  2166.34  2127.97  2190.97  2147.13  2136.28  2091.41  2096.86  2326.40 
 2025.89  2035.41  2117.33  2111.44  2077.48  2045.51  2036.48  2047.30  2301.38 
 2048.45  2108.98  2160.78  2117.41  2145.09  2140.47  2106.87  2155.22  2346.18 
 1991.32  2093.70  2047.38  2118.43  2073.49  2009.57  2056.50  2104.32  2298.69 
 2058.85  2125.29  2103.18  2150.98  2144.57  2101.37  2119.99  2124.17  2317.67 
 2015.88  2067.71  2118.63  2090.39  2071.10  2053.56  2020.03  2091.16  2238.46 
 2060.15  2156.83  2151.38  2144.38  2172.52  2088.47  2096.43  2129.74  2320.59 
 2033.94  2088.30  2115.87  2072.34  2053.99  2085.87  2098.30  2084.97  2222.46 
 2041.77  2098.42  2156.29  2125.91  2127.33  2151.15  2103.81  2137.73  2311.94 
 2021.59  2109.84  2115.65  2069.64  2053.60  2071.22  2073.62  2090.78  2282.05 
 2056.97  2136.83  2116.02  2116.79  2165.10  2124.94  2088.15  2130.58  2291.67 
 2001.01  2033.75  2084.22  2091.64  2095.35  2056.36  2056.77  2057.11  2270.83 
 2065.90  2126.45  2139.06  2150.09  2124.93  2124.29  2132.59  2109.78  2267.16 
 1993.43  2031.03  2085.18  2065.93  2147.61  2077.60  2058.30  2077.28  2245.23 
 2038.19  2143.31  2162.66  2138.02  2145.25  2132.60  2124.79  2118.86  2339.55 
 2034.99  2063.48  2065.39  2055.39  2089.05  2052.99  2043.90  2070.44  2307.18 
 2049.61  2116.10  2133.56  2190.41  2176.91  2128.18  2125.32  2094.32  2328.76 
 2020.89  2068.85  2052.85  2099.77  2105.58  2039.45  2088.99  2090.90  2251.59 
 2051.84  2100.61  2138.32  2138.15  2143.31  2152.40  2076.57  2102.38  2331.58 
 1958.91  2061.38  2108.66  2091.21  2082.31  2034.38  2047.67  2088.50  2247.82 
 2056.23  2129.21  2155.05  2164.57  2132.32  2123.62  2074.12  2122.53  2285.28 
 2029.33  2047.54  2088.62  2091.42  2147.02  2031.11  2080.63  2050.80  2283.34 
 2064.78  2129.53  2136.56  2130.97  2142.16  2168.11  2119.15  2106.87  2311.10 
 1984.50  2033.82  2076.06  2117.60  2054.93  2078.99  2083.48  2049.65  2265.54 
 2045.06  2125.62  2124.10  2130.85  2122.31  2154.98  2088.23  2098.51  2344.19 
 2005.68  2093.58  2068.94  2104.88  2102.26  2080.43  2092.87  2100.83  2263.27 
 2078.25  2128.11  2123.54  2167.69  2123.42  2152.95  2118.73  2137.70  2282.34 
 2036.67  2109.59  2098.12  2084.11  2109.91  2068.76  2068.75  2060.70  2272.77 
 2040.02  2110.05  2141.42  2143.16  2136.91  2195.77  2093.59  2150.92  2308.05 
 2018.56  2080.18  2087.86  2113.25  2104.92  2083.53  2035.35  2084.80  2309.55 
 2051.10  2104.34  2119.67  2143.59  2132.00  2113.13  2113.56  2108.62  2347.11 
 2003.86  2041.90  2083.90  2081.67  2117.63  2088.22  2045.90  2062.22  2276.32 
 2025.44  2096.18  2145.07  2135.53  2153.30  2121.61  2091.73  2135.10  2291.18 
 2023.82  2086.83  2089.03  2059.84  2068.98  2055.03  2089.10  2088.83  2260.03 
 2033.23  2136.07  2152.61  2171.66  2100.89  2125.39  2097.43  2148.42  2286.64 
 1980.74  2089.89  2090.51  2048.62  2109.88  2108.21  1995.59  2037.33  2282.20 
 2021.61  2135.01  2139.06  2163.48  2118.83  2128.25  2129.17  2114.43  2313.39 
 1987.78  2097.51  2104.57  2077.15  2086.78  2064.87  1997.71  2047.17  2240.32 
 2051.86  2149.36  2144.45  2161.55  2122.10  2134.97  2163.34  2126.53  2335.73 
 1993.36  2083.55  2070.28  2084.43  2102.64  2044.09  2073.10  2069.40  2221.49 
 2019.86  2148.68  2130.47  2126.96  2148.97  2136.68  2153.78  2112.32  2323.60 
 2048.98  2099.50  2073.54  2077.98  2058.99  2071.39  2051.32  2083.70  2285.86 
 2083.99  2126.80  2151.45  2172.29  2133.18  2153.80  2126.80  2118.26  2337.95 
 1998.70  2054.31  2116.77  2106.35  2091.31  2052.67  2058.93  2060.36  2262.91 
 2031.05  2118.60  2127.25  2167.39  2159.51  2130.93  2117.50  2124.87  2308.79 
 2010.37  2090.04  2119.58  2085.93  2075.86  2076.45  2089.59  2051.39  2286.73 
 2041.71  2119.24  2151.62  2137.22  2182.76  2135.77  2117.05  2094.11  2255.73 
 2003.40  2090.41  2084.37  2124.94  2050.06  2066.20  2010.62  2086.03  2283.52 
 2088.88  2147.00  2150.80  2171.15  2084.56  2125.92  2126.51  2109.74  2302.20 
 2021.16  2078.59  2090.29  2078.86  2097.97  2055.57  2077.76  2065.99  2289.18 
 2050.30  2117.93  2152.09  2131.61  2126.41  2153.27  2104.61  2084.99  2308.81 
 1993.30  2067.97  2075.37  2069.34  2106.53  2070.95  2058.72  2087.77  2266.29 
 2047.68  2114.48  2169.77  2168.98  2130.30  2074.77  2084.28  2151.03  2292.94 
 2020.73  2059.37  2092.03  2082.55  2067.26  2087.43  2071.93  2066.62  2289.92 
 2065.76  2088.76  2150.67  2168.64  2193.15  2115.93  2154.72  2118.90  2346.26 
 2017.79  2076.42  2069.18  2094.36  2083.82  2059.04  2043.75  2046.30  2217.27 
 2042.61  2108.54  2155.09  2132.77  2148.16  2087.79  2089.97  2125.51  2323.19 
 1975.22  2037.86  2082.16  2103.93  2100.40  2089.24  2063.45  2039.92  2299.42 
 2059.44  2126.59  2147.96  2155.88  2129.18  2128.40  2132.87  2091.99  2313.39 
 2005.73  2090.43  2128.47  2086.07  2081.79  2113.25  2046.80  2096.05  2281.39 
 2100.05  2097.35  2150.69  2166.10  2129.62  2117.70  2105.47  2130.44  2334.15 
 1988.06  2050.42  2110.95  2094.08  2082.74  2070.95  2061.32  2084.77  2219.19 
 2051.44  2105.18  2086.26  2135.67  2142.32  2131.28  2090.91  2109.96  2329.03 
 1998.18  2023.72  2078.95  2082.18  2078.89  2091.96  2103.17  2052.26  2243.35 
 2065.78  2147.32  2127.99  2128.67  2093.19  2114.95  2103.82  2124.63  2320.55 
 2009.73  2087.20  2089.31  2066.80  2098.96  2084.99  2047.05  2034.01  2269.83 
 2007.15  2099.93  2148.22  2154.81  2162.84  2120.93  2118.95  2148.92  2289.11 
 1991.72  2076.64  2120.58  2104.38  2093.72  2054.42  2045.14  2039.87  2218.40 
 2077.39  2136.45  2148.52  2159.17  2124.50  2155.51  2090.67  2102.50  2292.15 
 2040.76  2075.52  2104.31  2077.62  2068.98  2082.80  2061.67  2100.25  2258.69 
 2058.30  2120.29  2139.05  2126.75  2152.07  2158.46  2093.57  2106.22  2300.19 
 2006.72  2093.19  2091.80  2092.71  2087.58  2093.25  2025.29  2059.54  2255.32 
 2025.25  2107.44  2174.54  2164.65  2140.90  2130.49  2105.47  2153.11  2306.66 
 2020.80  2054.64  2100.78  2096.02  2096.28  2059.19  2067.29  2101.76  2250.55 
 2062.82  2132.66  2138.08  2128.74  2132.26  2094.04  2119.36  2121.76  2286.72 
 1994.31  2052.03  2112.65  2095.85  2095.48  2061.35  2007.33  2032.11  2281.72 
 2039.46  2115.00  2152.67  2120.36  2130.39  2100.01  2105.15  2134.08  2298.71 
 2036.66  2090.20  2112.26  2136.60  2107.94  2076.31  2039.09  2064.34  2291.13 
 2062.35  2107.88  2120.57  2125.75  2187.22  2127.39  2115.18  2127.82  2289.45 
 2016.22  2104.44  2093.45  2103.76  2071.62  2087.40  2021.77  2107.90  2270.34 
 2049.81  2123.94  2118.61  2142.88  2167.05  2117.80  2094.89  2109.18  2311.10 
 2000.06  2087.47  2109.53  2096.82  2115.72  2077.53  2049.84  2051.86  2281.22 
 1992.42  2135.78  2141.93  2129.42  2147.33  2086.98  2138.82  2105.00  2288.89 
 1961.88  2085.63  2110.84  2067.74  2105.33  2092.56  2063.76  2039.27  2244.05 
 2068.34  2142.21  2122.48  2170.64  2107.25  2113.85  2132.80  2098.11  2322.83 
 1985.82  2059.41  2080.77  2065.93  2091.40  2067.29  2054.49  2076.40  2260.56 
 2086.04  2118.37  2144.33  2140.73  2151.08  2125.99  2080.07  2156.55  2298.30 
 2007.18  2084.40  2099.99  2096.52  2063.96  2054.19  2073.39  2072.48  2247.96 
 2058.90  2092.49  2168.61  2159.69  2192.41  2126.82  2101.11  2119.55  2330.52 
 2009.42  2079.36  2082.15  2104.04  2121.09  2076.08  2062.25  2076.00  2277.11 
 2030.43  2101.30  2116.41  2172.68  2140.22  2097.53  2126.69  2109.26  2331.44 
 2018.88  2074.33  2058.28  2056.72  2074.42  2105.02  2034.19  2066.39  2224.17 
 2064.09  2131.90  2099.97  2131.76  2118.35  2111.55  2126.43  2102.23  2314.06 
 2016.35  2101.37  2100.32  2120.68  2144.07  2028.61  2046.83  2072.84  2308.78 
 1999.35  2155.95  2139.05  2192.09  2141.89  2124.74  2144.43  2126.25  2288.64 
 1977.71  2058.19  2112.32  2115.10  2075.27  2055.60  2025.14  2058.57  2266.27 
 2041.24  2136.19  2113.88  2109.72  2129.09  2128.69  2101.46  2111.32  2310.22 
 2017.49  2079.31  2062.44  2113.06  2049.29  2087.09  2041.90  2059.59  2259.14 
 2033.43  2102.29  2112.48  2158.42  2159.71  2153.47  2088.56  2153.16  2325.18 
 2022.13  2062.16  2107.42  2111.29  2092.76  2074.29  2043.75  2061.70  2251.42 
 2090.44  2110.74  2135.17  2170.27  2134.59  2146.33  2099.01  2121.40  2264.83 
 1998.71  2094.32  2077.54  2113.21  2115.89  2054.54  2078.10  2107.96  2256.91 
 2056.65  2093.67  2143.96  2111.76  2139.10  2160.61  2116.93  2091.99  2313.67 
 2025.40  2083.20  2075.60  2062.02  2067.78  2056.93  2074.41  2026.15  2249.46 
 2075.81  2066.49  2170.90  2148.29  2130.62  2081.60  2123.04  2140.64  2318.58 
 1980.86  2086.98  2120.52  2090.04  2093.23  2072.73  2053.07  2081.95  2288.12 
 2078.52  2113.65  2135.22  2132.67  2165.39  2137.24  2088.00  2116.07  2344.05 
 1962.60  2064.30  2069.26  2075.61  2041.99  2070.85  2086.97  2092.45  2259.83 
 2068.19  2080.45  2161.56  2143.97  2124.30  2103.94  2132.10  2109.91  2311.49 
 2022.60  2081.53  2093.91  2105.49  2075.69  2065.28  2052.48  2060.18  2244.99 
 2036.01  2117.70  2149.16  2127.56  2157.15  2123.33  2126.14  2154.41  2355.44 
 2009.71  2112.59  2107.02  2074.39  2113.61  2093.80  2028.62  2107.09  2258.27 
 2062.90  2146.29  2120.46  2196.28  2162.84  2114.09  2162.22  2126.92  2284.96 
 2004.23  2087.81  2104.40  2116.66  2078.78  2076.66  2086.44  2090.80  2246.87 
 1989.22  2025.69  2032.11  2107.79  2102.88  2091.20  2051.09  2049.43  2235.45 
 1948.12  1979.30  2033.24  2020.15  1993.42  1968.87  1981.86  2003.71  2166.59 
 2002.30  2057.60  2069.51  2036.44  2090.58  2060.94  2027.21  2044.90  2206.77 
 1934.72  1979.16  2062.21  2033.26  2020.05  2021.48  2003.84  2010.12  2210.68 
 1991.03  2118.79  2079.40  2083.92  2060.82  2020.91  2031.90  2059.42  2254.17 
 1943.27  2030.29  2055.30  1970.73  2025.63  2016.71  2003.08  2033.65  2187.30 
 2075.69  2129.93  2137.51  2127.34  2194.02  2168.47  2141.10  2138.40  2271.47 
 1998.25  2076.39  2076.88  2087.89  2090.68  2073.17  2037.62  2064.03  2280.42 
 2096.38  2135.87  2089.65  2147.65  2148.63  2120.56  2112.98  2144.14  2273.18 
 1985.89  2080.16  2061.88  2072.48  2097.87  2039.37  2081.93  2082.52  2257.51 
 2024.55  2108.85  2141.11  2127.15  2167.47  2113.48  2090.76  2150.40  2311.15 
 1975.52  2042.84  2094.22  2068.35  2105.02  2079.71  2052.72  2055.59  2225.82 
 2036.15  2120.38  2159.05  2119.15  2113.61  2110.16  2096.82  2128.53  2297.49 
 1978.96  2080.34  2105.46  2072.72  2053.21  2043.93  2033.58  2066.59  2266.92 
 2019.77  2036.58  2097.26  2118.77  2065.10  2057.18  2030.07  2071.66  2259.46 
 1989.74  2055.07  2073.15  2103.43  2092.04  2053.28  2072.77  2079.02  2231.95 
 1964.14  2068.16  2037.32  2109.81  2107.22  2063.82  2025.65  2072.33  2220.50 
 1982.62  2069.55  2101.34  2081.60  2084.63  2047.30  2005.72  2077.96  2276.22 
 2034.55  2071.81  2095.71  2103.89  2091.33  2072.02  2067.15  2045.38  2271.47 
 1943.33  2053.55  2072.24  2100.80  2061.34  2093.58  2063.31  2033.59  2250.64 
 1984.95  2083.63  2053.21  2061.52  2096.71  2042.00  2046.39  2063.72  2239.98 
 2025.50  2071.68  2037.32  2101.54  2074.22  2056.64  2030.99  2062.21  2237.41 
 1950.49  2047.11  2065.14  2065.36  2101.25  2047.83  2018.29  2068.43  2241.11 
 1989.37  2085.78  2119.53  2071.84  2048.11  2065.75  2014.38  2073.25  2252.98 
 2006.12  2012.53  2068.72  2105.41  2080.21  1997.70  2068.21  2097.23  2255.71 
 2015.13  2047.83  2086.37  2024.30  2119.94  2091.34  2034.37  2085.95  2240.44 
 1970.04  2048.56  2088.72  2056.12  2108.77  2068.99  2028.80  2035.49  2237.77 
 1984.46  2055.46  2055.14  2092.43  2029.80  2048.60  2063.16  2040.36  2189.03 
 2012.23  2085.78  2062.33  2102.15  2093.26  2091.49  2017.33  2078.49  2201.72 
 1994.55  2030.26  2054.97  2067.24  2069.89  2063.48  2068.95  2064.98  2289.42 
 1986.58  2079.43  2063.98  2096.22  2080.33  2086.01  2071.31  2060.21  2217.55 
 1992.08  2034.76  2047.28  2102.17  2037.27  2057.27  2020.54  2053.66  2254.21 
 2000.30  2020.11  2040.60  2058.26  2068.21  2032.15  2081.47  2061.61  2238.01 
 1978.97  2034.14  2078.83  2092.70  2106.38  2080.25  2047.32  2073.25  2223.79 
 2009.90  2043.35  2070.23  2086.53  2041.43  2067.91  2040.11  2074.37  2228.22 
 1989.42  2044.18  2069.22  2093.77  2101.44  2056.69  2073.05  2049.42  2233.99 
 1985.86  2082.60  2094.27  2072.67  2087.57  2050.45  2035.74  2057.82  2242.82 
 1973.80  2096.52  2066.48  2095.93  2070.73  2062.46  2041.47  2075.79  2244.98 
 1967.80  2053.98  2107.14  2124.08  2069.65  2023.26  2037.04  2084.67  2228.07 
 2009.17  2101.42  2118.33  2088.99  2075.49  2044.32  2059.63  2074.34  2244.96 
 2000.94  2075.05  2062.06  2074.46  2063.76  2058.58  2058.96  2048.44  2271.87 
 1998.91  2104.44  2068.41  2067.99  2058.22  2079.32  2036.94  2039.14  2235.74 
 1987.85  2032.19  2053.79  2094.96  2130.53  2098.55  2057.87  2089.43  2276.31 
 2009.45  2068.88  2072.99  2077.61  2082.93  2075.36  2055.22  2071.09  2222.11 
 2021.79  2081.13  2088.51  2099.68  2036.92  2052.47  2057.36  2079.09  2257.52 
 1990.93  2088.38  2089.85  2106.82  2044.18  2078.58  2009.75  2045.67  2253.38 
 1990.78  2056.31  2077.93  2089.72  2059.41  2093.34  2035.58  2073.48  2249.30 
 1979.45  2033.48  2128.47  2096.57  2106.61  2054.45  2033.44  2041.72  2206.93 
 2012.29  2055.78  2083.87  2104.14  2058.61  2072.73  2010.11  2053.83  2210.75 
 2001.34  2084.87  2057.98  2090.93  2112.05  2084.45  2060.62  2045.94  2279.07 
 2017.39  2074.84  2106.29  2060.88  2058.97  2083.17  2046.91  2046.29  2242.64 
 2011.81  2049.88  2105.00  2067.52  2081.92  2068.30  2063.10  2080.53  2266.48 
 1976.90  2063.44  2095.27  2054.45  2087.30  2116.08  2045.78  2063.23  2254.16 
 1959.65  2055.96  2062.59  2069.14  2065.51  2076.59  2033.98  2052.97  2270.22 
 1991.72  2061.14  2090.61  2084.45  2114.25  2075.32  2059.72  2091.78  2238.32 
 2022.34  2060.78  2063.91  2058.81  2106.82  2065.41  2057.44  2065.38  2247.14 
 2005.54  2063.91  2045.26  2075.70  2077.41  2060.13  2084.54  2066.53  2217.25 
 1998.19  2076.46  2080.12  2071.81  2106.50  2068.05  2034.93  2045.48  2258.79 
 1992.34  2065.49  2079.91  2067.63  2055.43  2033.85  2031.92  2086.67  2256.40 
 1994.57  2056.29  2089.19  2071.64  2098.17  2017.91  2088.75  2068.80  2235.71 
 1985.13  2050.10  2097.53  2077.89  2086.24  2051.10  2039.56  2063.45  2237.05 
 2000.39  2055.63  2083.11  2089.75  2099.80  2070.73  2037.39  2042.30  2263.02 
 2028.07  2074.38  2072.19  2068.05  2047.37  2041.97  2040.53  2069.75  2294.19 
 2011.23  2028.80  2084.13  2101.82  2079.33  2070.76  2035.13  2087.44  2243.03 
 2015.89  2041.39  2092.88  2110.12  2067.37  2055.40  2027.99  2068.25  2251.92 
 1998.32  2037.85  2083.26  2114.28  2077.11  2069.75  2031.19  2077.00  2232.60 
 1977.18  2059.33  2098.59  2083.37  2108.16  2070.70  2074.95  2051.18  2252.05 
 2044.84  2071.58  2101.64  2104.68  2059.45  2040.87  2046.61  2047.32  2245.99 
 1996.20  2002.18  2102.39  2061.87  2093.38  2071.23  2020.54  2073.46  2249.11 
 1975.96  2045.80  2080.18  2099.49  2016.81  2071.25  2039.95  2045.38  2262.95 
 1997.84  2051.39  2104.71  2068.68  2091.45  2064.70  2029.41  2053.42  2269.99 
 1981.64  2071.38  2096.57  2097.14  2100.50  2046.52  2053.27  2077.70  2266.49 
 2034.08  2062.13  2072.10  2051.89  2075.03  2052.60  2073.23  2051.50  2253.21 
 2022.06  2057.09  2113.07  2082.47  2115.33  2061.51  2047.92  2079.77  2274.73 
 1980.13  2083.69  2074.19  2092.93  2068.49  2077.47  2081.70  2049.51  2225.65 
 1985.26  2056.14  2069.73  2034.15  2041.23  2037.37  2049.47  2044.26  2252.45 
 2018.13  2073.91  2077.17  2027.62  2073.70  2097.18  2041.78  2054.76  2197.90 
 2009.05  2074.76  2047.06  2086.07  2055.49  2088.57  2060.45  2065.15  2266.72 
 1978.37  2032.89  2085.27  2074.90  2072.48  2058.23  2080.34  2046.32  2274.93 
 2016.40  2071.64  2066.84  2075.16  2088.32  2083.19  2038.61  2057.45  2235.26 
 2005.80  2025.56  2068.30  2073.58  2073.08  2029.66  2053.34  2076.90  2243.31 
 2021.51  2033.85  2069.24  2095.17  2051.96  2032.03  2049.03  2087.48  2240.45 
 1990.34  2036.47  2076.53  2071.10  2088.38  2053.67  2044.16  2075.18  2248.11 
 1950.95  2071.31  2102.80  2084.08  2090.17  2050.16  2028.66  2057.64  2228.45 
 1979.62  2035.39  2091.56  2094.51  2113.65  2056.42  2051.46  2071.75  2237.41 
 1971.72  2045.48  2084.38  2094.25  2070.40  2041.86  2037.53  2071.19  2294.03 
 1967.17  2060.64  2086.31  2060.47  2074.15  2052.94  2075.06  2078.60  2212.38 
 2004.14  2045.34  2071.84  2063.05  2051.97  2029.91  2049.53  2047.80  2233.93 
 2001.02  2061.80  2038.19  2144.80  2085.83  2048.58  2081.41  2052.11  2253.71 
 2003.17  2036.77  2071.73  2096.51  2057.63  2034.47  2078.84  2063.73  2291.28 
 1996.03  2089.99  2067.40  2082.28  2049.79  2048.64  2075.99  2065.69  2227.86 
 1948.34  2044.16  2078.58  2080.50  2083.26  2034.88  2057.67  2030.96  2273.74 
 2007.67  2079.28  2037.87  2113.51  2061.00  2110.19  2039.24  2071.70  2254.34 
 1973.97  2086.71  2071.07  2083.72  2072.38  2018.73  2044.54  2012.41  2264.92 
 1984.02  2081.52  2092.50  2069.39  2093.10  2101.45  2028.90  2071.83  2241.85 
 1988.63  2045.95  2124.62  2081.35  2062.27  2032.41  2028.97  2034.10  2283.09 
 1976.93  2066.39  2065.32  2049.08  2064.26  2055.05  2051.99  2073.01  2226.54 
 1955.93  2033.99  2098.21  2120.94  2072.41  2071.68  2021.64  2023.11  2230.37 
 1975.10  2031.31  2061.54  2092.54  2043.12  2090.75  2065.51  2060.07  2235.04 
 1965.18  2042.98  2077.85  2058.35  2116.36  2066.51  2074.35  2049.89  2239.99 
 1979.65  2082.49  2074.21  2088.40  2033.16  2038.76  2029.79  2080.39  2197.97 
 2021.43  2108.72  2085.92  2104.65  2091.32  2071.74  2054.12  2046.14  2259.59 
 2002.17  2042.93  2097.63  2103.06  2094.01  2090.78  1990.17  2074.03  2276.74 
 1993.73  2031.61  2046.65  2080.68  2098.60  2083.17  2064.86  2070.70  2283.16 
 2036.67  2079.00  2057.36  2075.55  2096.27  2053.68  2066.60  2079.62  2227.92 
 2024.93  2065.41  2082.35  2093.29  2085.66  2054.55  2042.19  2073.58  2255.37 
 2034.89  2056.68  2062.20  2099.43  2047.77  2063.12  2055.89  2076.84  2235.31 
 1976.71  2059.41  2107.40  2036.21  2106.37  2059.89  2041.22  2070.74  2265.48 
 1962.74  2076.85  2053.78  2071.93  2074.16  2099.53  2015.76  2070.24  2281.55 
 1974.17  2059.41  2046.57  2099.33  2072.25  2070.17  2066.61  2074.71  2272.88 
 2024.88  2064.48  2079.22  2092.49  2076.16  2057.01  2023.13  2057.70  2200.04 
 1999.97  2069.04  2086.36  2111.97  2067.66  2062.68  1998.14  2062.50  2255.80 
 1934.79  2072.01  2087.67  2091.88  2071.06  2037.55  2031.21  2076.67  2256.50 
 1999.31  2061.92  2081.11  2102.26  2105.97  2027.88  2069.92  2032.32  2233.71 
 1974.45  2043.60  2094.02  2097.85  2092.23  2053.15  2054.65  2066.39  2227.61 
 1989.85  2122.90  2073.96  2092.66  2094.64  2034.28  2018.14  2077.78  2276.59 
 1996.49  2041.56  2107.60  2077.49  2044.11  2081.55  2046.26  2058.39  2243.75 
 2018.88  2020.71  2064.37  2076.29  2030.81  2096.62  2079.95  2096.70  2268.29 
 1942.87  2055.32  2086.97  2077.55  2079.70  2057.83  2024.65  2104.04  2258.75 
 2009.89  2037.23  2050.06  2070.45  2104.23  2076.04  2056.79  2117.84  2219.25 
 1999.98  2059.15  2092.45  2091.83  2056.72  2093.45  2038.66  2048.22  2248.23 
 1979.17  2039.98  2073.30  2061.59  2072.20  2088.33  2033.97  2089.68  2220.44 
 1991.41  2066.59  2077.57  2095.85  2075.60  2053.13  2092.88  2071.04  2250.03 
 1955.73  2030.74  2103.88  2072.14  2047.93  2070.81  2076.12  2090.41  2243.23 
 1996.43  2053.28  2100.60  2064.43  2063.16  2067.49  2086.03  2067.11  2261.93 
 2019.81  2067.09  2068.46  2090.96  2073.48  2029.78  2077.32  2072.82  2271.35 
 2006.68  2048.81  2093.00  2060.66  2095.33  2052.17  2062.01  2076.18  2235.10 
 2032.35  2034.53  2097.53  2062.99  2103.28  2057.03  2064.27  2030.42  2222.03 
 1968.61  2083.40  2102.93  2052.17  2097.35  2038.66  2068.32  2079.55  2261.50 
 2017.40  2066.39  2061.48  2072.95  2059.64  2083.44  2048.33  2070.30  2287.76 
 2006.84  2065.14  2057.66  2104.67  2089.83  2107.84  2031.89  2025.62  2246.25 
 1999.39  2038.34  2093.86  2038.34  2070.73  2050.38  2043.53  2071.62  2238.61 
 1978.36  2083.22  2115.66  2099.33  2100.47  2067.89  2045.63  2074.20  2265.36 
 1994.15  2076.01  2144.95  2085.61  2125.92  2067.08  2065.19  2078.43  2291.09 
 1979.06  2092.49  2081.50  2067.33  2076.30  2082.44  2038.42  2071.00  2215.65 
 1974.65  2039.36  2028.98  2078.24  2116.12  2060.58  2085.40  2064.83  2240.16 
 1999.78  2070.47  2079.70  2094.16  2066.89  2065.97  2049.59  2028.09  2230.34 
 2010.06  2078.13  2078.69  2081.21  2067.07  2072.16  2037.34  2056.79  2254.77 
 1991.92  2065.70  2107.84  2060.81  2087.67  2090.08  2020.17  2055.09  2280.06 
 1968.00  2096.20  2089.84  2080.53  2074.23  2014.39  2018.69  2079.95  2269.36 
 1968.80  2033.23  2075.88  2077.24  2077.60  2024.51  2034.76  2044.75  2257.39 
 1946.12  2051.88  2093.04  2102.83  2084.95  2075.31  2023.27  2037.07  2276.85 
 2020.37  2075.45  2057.45  2057.72  2070.57  2078.03  2061.16  2041.10  2279.69 
 2018.93  2061.09  2089.73  2051.30  2084.30  2036.14  2031.67  2018.59  2255.74 
 2012.02  2027.78  2064.67  2094.47  2051.95  2044.99  2063.96  2071.31  2280.15 
 2005.17  2045.38  2073.24  2107.68  2086.65  2086.45  2055.49  2032.67  2233.87 
 1975.91  2056.83  2091.67  2079.46  2080.04  2058.37  2025.84  2067.72  2282.05 
 1964.85  2080.61  2101.38  2046.29  2108.56  2027.76  2009.97  2064.48  2234.58 
 2024.78  2027.98  2075.20  2092.16  2067.86  2046.59  2054.32  2095.08  2241.96 
 1978.39  2035.59  2040.88  2081.55  2079.46  2038.59  2072.02  2070.60  2213.00 
 1977.67  2046.22  2112.56  2048.82  2052.19  2069.22  2066.82  2074.45  2264.73 
 1973.72  2065.85  2060.99  2079.46  2083.69  2085.21  2042.24  2013.73  2211.48 
 1993.27  2039.77  2081.53  2093.63  2086.04  2082.31  2029.70  2029.06  2277.53 
 1983.76  2049.54  2094.27  2052.34  2081.42  2045.37  2040.74  2060.09  2280.42 
 1983.97  2061.61  2113.01  2081.10  2071.69  2045.80  2064.00  2041.95  2274.76 
 1975.32  2066.04  2102.04  2028.79  2099.66  2064.14  2065.27  2079.61  2276.33 
 1971.36  2055.00  2096.23  2113.19  2096.84  2044.90  2061.04  2065.33  2246.09 
 1953.06  2071.30  2101.80  2104.68  2057.59  2040.09  2077.09  2054.72  2294.04 
 1954.10  2084.38  2075.79  2057.43  2051.79  2057.74  2034.93  2015.56  2308.52 
 1982.28  2053.81  2067.80  2084.54  2073.32  2035.87  2051.30  2039.93  2236.95 
 1992.34  2063.79  2050.03  2119.01  2048.06  2063.86  2046.89  2085.07  2277.72 
 2011.39  2039.82  2098.68  2078.31  2122.04  2062.28  2094.41  2081.53  2265.92 
 2006.05  2097.94  2126.14  2047.60  2033.81  2097.26  2058.08  2070.41  2292.24 
 2020.96  2058.70  2086.53  2102.54  2079.72  2069.09  2085.93  2061.69  2244.86 
 2008.42  2052.01  2064.20  2052.94  2051.84  2072.12  2062.50  2065.50  2262.15 
 2022.45  2037.34  2052.28  2120.51  2070.22  2073.01  2073.00  2041.27  2247.97 
 1966.87  2078.23  2099.99  2061.92  2117.50  2055.40  2018.19  2079.82  2249.32 
 1984.71  2107.02  2099.86  2064.56  2051.72  2073.51  2035.11  2069.38  2277.17 
 1988.72  2072.32  2096.27  2064.51  2089.59  2046.84  2072.51  2105.38  2204.04 
 1992.10  2067.81  2086.32  2086.37  2067.47  2057.99  2009.17  2051.22  2218.45 
 2011.95  2042.19  2062.03  2081.77  2108.64  2076.08  2099.55  2076.71  2266.33 
 2019.24  2052.30  2117.25  2057.25  2054.03  2079.99  2073.14  2066.61  2230.26 
 2012.80  2060.45  2131.32  2108.49  2079.18  2031.46  2043.66  2077.79  2246.07 
 2015.37  2073.07  2086.74  2135.60  2094.75  2089.92  2054.44  2056.86  2270.90 
 1958.13  2041.04  2087.60  2065.15  2072.60  2090.83  2054.06  2086.80  2261.49 
 1970.21  2070.61  2054.14  2119.05  2072.79  2042.57  2069.82  2075.33  2261.61 
 1949.54  2061.47  2083.62  2035.91  2053.18  2041.43  2068.99  2037.64  2238.95 
 1973.45  2064.96  2078.38  2100.95  2083.71  2043.60  2044.63  2092.65  2249.11 
 1971.23  2057.72  2070.89  2072.34  2107.41  2082.87  2056.61  2047.87  2281.37 
 1966.76  2047.87  2100.93  2115.53  2049.57  2076.87  2031.04  2031.46  2275.88 
 2022.89  2034.89  2084.11  2073.06  2064.61  2077.63  2033.41  2021.16  2260.02 
 1995.82  2045.30  2089.90  2106.80  2122.70  2041.71  2049.28  2088.82  2244.47 
 1964.13  2068.13  2071.64  2069.89  2080.38  2052.78  2045.61  2039.17  2265.61 
 2037.05  2052.73  2074.75  2088.38  2056.40  2072.46  2010.58  2047.11  2194.61 
 2007.53  2036.67  2094.93  2055.95  2070.38  2039.74  2041.68  2077.25  2231.42 
 1994.35  2024.14  2074.08  2110.56  2094.26  2038.97  2065.53  2104.58  2228.01 
 2020.90  2064.66  2049.52  2083.69  2080.43  2041.04  2048.45  2080.51  2240.01 
 2020.40  2027.49  2050.10  2112.80  2111.47  2036.34  2071.11  2080.47  2247.52 
 1977.53  2076.99  2077.04  2111.57  2089.39  2066.16  2032.29  2092.58  2250.94 
 1976.89  2085.17  2080.78  2114.65  2071.31  2038.40  2063.84  2074.04  2279.95 
 1977.37  2129.30  2098.62  2104.91  2086.29  2088.24  2090.31  2065.51  2230.91 
 2035.88  2055.29  2055.12  2045.27  2069.80  2065.64  2034.04  2090.98  2246.96 
 2019.90  2091.68  2067.37  2064.18  2104.77  2062.83  2071.98  2042.68  2210.37 
 1974.32  2067.82  2049.92  2139.16  2060.88  2043.47  2022.53  2066.12  2246.88 
 1995.90  2064.28  2069.29  2083.40  2071.89  2066.40  2048.00  2081.40  2237.12 
 1959.29  2053.05  2117.18  2083.90  2083.36  2013.41  2021.64  2078.66  2279.38 
 1918.37  2037.37  2058.38  2085.22  2107.46  2073.75  2033.21  2059.13  2229.75 
 1940.88  2069.68  2125.34  2074.64  2061.32  2025.31  2083.16  2047.56  2244.85 
 1986.53  2023.39  2080.76  2090.20  2051.05  2030.75  2098.26  2066.87  2254.11 
 1970.18  2033.35  2080.42  2087.60  2092.26  2051.18  2035.42  2070.03  2225.06 
 1975.09  2033.30  2029.20  2059.05  2040.65  2059.75  2050.24  2077.61  2247.14 
 1964.22  2083.39  2055.36  2104.74  2069.10  2124.62  2001.02  2091.54  2275.33 
 1978.15  2053.77  2106.46  2107.02  2064.35  2107.55  2040.32  2115.98  2222.23 
 1995.68  2037.71  2055.84  2079.79  2061.30  2072.41  2057.11  2074.55  2246.80 
 1996.43  2079.03  2082.23  2097.16  2110.11  2109.68  2053.65  2084.64  2249.75 
 1990.03  2066.18  2079.04  2081.02  2098.72  2048.88  2027.42  2067.06  2215.44 
 1925.83  2060.21  2071.41  2087.44  2121.82  2037.07  2079.32  2069.11  2225.72 
 1970.30  2036.74  2067.43  2090.50  2056.28  2086.88  2069.99  2038.69  2256.20 
 1972.07  2055.91  2055.70  2044.87  2101.72  2091.90  2028.77  2020.59  2213.20 
 1994.58  2043.14  2053.43  2083.62  2075.55  2078.40  2073.91  2062.51  2262.09 
 1969.51  2074.56  2087.14  2058.82  2054.66  2022.95  2081.14  2044.90  2259.72 
 1963.30  2053.33  2041.57  2076.63  2058.54  2039.74  2071.24  2080.78  2254.31 
 1991.07  2059.53  2037.86  2086.53  2074.66  2035.30  2025.11  2066.70  2247.81 
 1963.51  2060.93  2082.59  2067.47  2079.80  2054.89  2036.11  2097.18  2271.07 
 1967.11  2087.74  2088.73  2089.71  2067.68  2067.41  2026.38  2089.02  2237.20 
 2023.10  2021.40  2074.84  2083.13  2068.75  2042.40  2035.58  2083.87  2258.50 
 1949.70  2025.47  2080.76  2028.05  2050.91  2071.49  2061.73  2089.45  2250.02 
 1955.57  2097.03  2088.44  2075.41  2074.09  2070.43  2037.24  2094.80  2228.79 
 2036.29  2070.24  2063.53  2066.59  2096.16  2060.42  2026.12  2090.87  2222.73 
 1978.66  2034.87  2050.93  2062.84  2098.42  2029.83  2066.89  2062.28  2244.07 
 2007.14  2016.30  2082.05  2047.03  2068.43  2032.26  2054.35  2030.37  2248.40 
 1979.02  2074.71  2090.57  2088.30  2090.34  2098.22  2011.76  2074.89  2258.53 
 2024.51  2075.72  2096.36  2110.55  2088.80  2060.53  2059.37  2062.89  2212.34 
 1986.31  2050.56  2045.91  2043.97  2049.59  2067.31  2029.14  2089.49  2245.83 
 2007.94  2045.69  2081.06  2124.97  2048.02  2043.44  2008.39  2070.25  2251.79 
 1986.80  2095.26  2135.06  2059.14  2066.60  2037.58  2055.24  2077.72  2280.30 
 2011.89  2060.27  2089.04  2031.63  2112.73  2075.06  2054.63  2111.28  2306.06 
 2021.77  2072.14  2047.28  2087.66  2048.17  2071.84  2050.40  2061.49  2276.40 
 1986.01  2032.88  2050.91  2097.18  2059.12  2062.09  2070.43  2077.07  2226.04 
 2008.47  2079.54  2114.35  2029.81  2071.58  2110.56  2028.93  2058.80  2248.10 
 2000.62  2095.08  2078.61  2076.41  2069.02  2050.75  2042.47  2059.08  2257.16 
 1972.72  2059.80  2067.74  2103.45  2056.52  2055.51  2034.91  2043.03  2255.22 
 1998.21  2079.76  2115.18  2059.66  2104.35  2077.55  2057.72  2056.81  2262.50 
 2012.94  2068.82  2061.62  2099.23  2092.36  2054.91  2009.36  2079.69  2278.48 
 1992.85  2026.58  2109.64  2094.33  2056.37  2065.56  2054.78  2042.31  2226.48 
 1971.19  2077.27  2048.05  2099.79  2051.92  2067.95  2069.17  2049.49  2250.99 
 2021.60  2059.40  2085.58  2096.21  2067.09  2039.56  2038.48  2049.21  2233.93 
 1986.23  2075.82  2067.89  2047.13  2086.69  2110.07  2011.82  2060.01  2244.79 
 1958.21  2033.10  2049.51  2043.34  2054.58  2050.66  2071.85  2069.40  2227.08 
 1983.56  2052.00  2033.00  2109.72  2078.09  2058.18  2035.41  2084.90  2250.03 
 1997.10  2043.89  2066.15  2066.72  2086.80  2067.69  2033.56  2088.84  2231.70 
 2016.02  2042.88  2099.91  2108.01  2091.81  2092.84  2067.34  2055.10  2230.78 
 2042.17  2098.07  2061.32  2105.31  2048.42  2066.35  2070.35  2071.32  2268.22 
 2018.08  2065.70  2061.34  2079.53  2077.80  2018.18  2074.60  2040.14  2228.21 
 1970.38  2064.08  2125.35  2105.03  2079.90  2078.85  2033.17  2046.24  2280.33 
 2021.46  2043.50  2093.00  2066.59  2084.73  2024.46  2066.87  2077.00  2284.09 
 1969.48  1987.79  2050.16  2096.65  2080.03  2072.51  2043.86  2077.57  2229.41 
 2022.44  2052.43  2076.35  2084.18  2066.47  2110.03  2062.67  2045.01  2218.72 
 1998.79  2053.21  2094.07  2077.35  2088.44  2079.28  2050.39  2068.87  2228.84 
 2012.22  2072.01  2100.09  2073.36  2113.18  2072.05  2044.53  2073.75  2251.57 
 1986.35  2021.31  2059.34  2089.91  2063.24  2118.41  2093.87  2061.09  2249.18 
 1968.84  2049.37  2080.73  2116.23  2116.19  2065.87  2027.07  2042.58  2237.04 
 1953.24  2097.71  2064.71  2086.40  2083.66  2062.80  2024.62  2033.92  2278.14 
 2013.00  2046.50  2109.84  2090.07  2110.14  2013.82  2097.32  2026.38  2269.80 
 2014.84  2073.09  2048.80  2066.57  2075.73  2071.10  2060.35  2066.56  2282.22 
 2001.25  2080.69  2084.28  2087.86  2095.72  2090.95  2020.31  2078.41  2257.70 
 1954.58  2035.06  2052.72  2067.91  2042.30  2043.64  2049.87  2101.07  2272.58 
 1991.67  2040.44  2094.30  2087.32  2072.53  2052.33  2056.30  2062.70  2292.53 
 1987.97  2070.64  2112.45  2067.83  2106.24  2064.08  2059.04  2070.12  2279.61 
 1964.18  2008.64  2064.06  2077.27  2083.74  2050.31  2042.38  2097.15  2279.36 
 2025.98  2027.34  2070.88  2091.41  2083.88  2077.97  2056.18  2093.38  2236.62 
 2001.32  2099.72  2078.12  2077.34  2102.48  2040.43  2018.93  2041.60  2269.36 
 1986.63  2075.49  2048.17  2094.24  2091.15  2067.68  2009.25  2013.57  2258.17 
 1994.16  2037.09  2077.63  2095.18  2091.74  2066.84  2024.93  2043.70  2259.07 
 1972.20  2094.54  2089.54  2067.23  2120.52  2084.07  2065.17  2058.28  2235.77 
 1969.33  2036.87  2063.63  2059.02  2073.81  2090.26  2066.35  2049.95  2212.66 
 1959.84  2066.26  2066.50  2070.31  2093.70  2016.09  2080.60  2066.11  2226.99 
 2006.96  2060.01  2060.74  2101.57  2049.85  2054.89  2069.35  2040.13  2267.48 
 1994.55  2086.90  2040.09  2053.46  2111.31  2067.26  2074.23  2060.87  2268.43 
 2000.32  2023.85  2062.49  2097.84  2070.86  2035.73  2041.97  2085.73  2244.60 
 1988.13  2046.78  2086.08  2088.90  2093.01  2035.26  2039.82  2072.38  2270.45 
 2009.34  2044.28  2064.42  2097.53  2080.84  2007.18  2063.97  2091.41  2257.53 
 2005.09  2066.42  2069.29  2042.20  2110.25  2089.17  2040.30  2058.43  2246.47 
 2041.42  2023.05  2131.97  2113.18  2084.92  2055.83  2012.62  2074.99  2246.55 
 1947.34  2083.14  2042.02  2096.34  2088.32  2069.89  2042.67  2079.29  2229.52 
 1968.27  2054.70  2052.97  2091.20  2027.11  1998.77  2030.31  2077.31  2260.48 
 2033.75  2038.23  2053.38  2049.82  2059.53  2093.19  2035.05  2019.41  2224.65 
 2052.15  2041.73  2111.66  2049.72  2045.92  2062.43  2056.58  2075.83  2235.22 
 2001.62  2045.97  2072.60  2093.95  2095.87  2103.66  2063.45  2061.59  2247.38 
 1965.18  2034.00  2075.54  2064.85  2085.26  2055.91  2046.97  2083.27  2270.12 
 2007.11  2102.80  2067.30  2048.66  2109.41  2046.42  2073.53  2076.18  2253.89 
 1977.80  2068.69  2083.45  2077.32  2075.07  2072.77  2031.35  2074.01  2272.44 
 1971.45  2046.52  2080.76  2068.51  2073.00  2111.92  2082.78  2076.03  2253.39 
 2012.59  2092.68  2080.64  2081.27  2058.00  2053.33  2062.43  2087.55  2199.65 
 1953.41  2060.74  2113.79  2063.00  2089.37  2035.32  2031.60  2075.33  2259.85 
 2013.02  2046.58  2062.12  2117.49  2132.38  2028.02  2018.47  2020.56  2245.74 
 1993.61  2064.97  2112.31  2086.98  2087.18  2061.65  2085.03  2061.47  2208.49 
 1987.65  2040.27  2071.82  2056.01  2087.98  2039.60  2030.65  2036.57  2268.90 
 1989.30  2063.35  2077.63  2084.69  2132.27  2065.57  2072.91  2071.53  2249.12 
 1989.40  2024.67  2086.88  2060.67  2070.88  2061.27  2030.37  2047.52  2302.46 
 1933.30  2037.80  2077.56  2045.17  2108.45  2077.51  2053.87  2056.26  2243.30 
 1988.80  2044.89  2087.77  2074.66  2064.94  2054.36  2046.51  2072.25  2227.41 
 1987.58  2062.65  2102.26  2075.11  2108.15  2072.82  2012.12  2055.45  2239.04 
 1992.64  2039.47  2096.34  2074.20  2075.63  2074.45  2083.43  2066.95  2235.51 
 2000.32  2073.55  2083.69  2066.00  2079.82  2083.55  2052.27  2075.76  2256.09 
 2009.21  2100.42  2094.41  2119.20  2074.62  2102.46  2028.57  2042.22  2231.17 
 1948.55  2061.87  2059.59  2087.06  2108.20  2080.17  2052.31  2087.28  2237.75 
 2008.52  2070.05  2058.08  2081.61  2070.83  2081.23  2059.34  2058.90  2250.55 
 1959.51  2062.59  2052.54  2134.98  2098.10  2080.68  2044.15  2092.85  2250.33 
 2021.76  2085.86  2085.40  2082.32  2078.34  2066.31  2088.66  2038.40  2249.82 
 2015.84  2048.02  2049.14  2090.90  2117.14  2023.12  2066.51  2060.07  2280.24 
 1976.78  2088.10  2061.20  2070.12  2104.32  2079.00  2047.26  2066.95  2230.78 
 2005.40  2058.38  2045.45  2064.72  2095.33  2063.52  2069.87  2069.84  2278.96 
 1973.68  2066.71  2079.04  2088.15  2127.82  2011.23  2086.33  2041.11  2225.64 
 1995.17  2053.77  2070.68  2103.96  2112.08  2052.57  2019.80  2099.41  2255.04 
 2005.43  2081.87  2084.81  2084.93  2114.41  2078.85  2072.03  2097.30  2236.39 
 2013.24  2034.32  2083.95  2096.01  2105.69  2061.90  2011.92  2063.30  2233.31 
 2028.08  2063.03  2065.38  2071.30  2092.02  2048.65  2039.41  2063.53  2246.19 
 2002.24  2072.97  2044.11  2087.55  2092.20  2101.24  2089.36  2036.69  2222.77 
 1987.01  2101.17  2116.12  2108.71  2059.93  2092.29  2035.62  2085.17  2280.59 
 1993.94  2031.66  2061.11  2113.58  2053.88  2083.19  2042.23  2091.03  2247.56 
 2023.87  2062.45  2102.30  2029.42  2035.85  2052.34  2074.17  2077.01  2200.41 
 2012.94  2041.52  2108.71  2079.65  2085.40  2093.45  2033.96  2045.17  2251.30 
 2002.02  2085.37  2077.86  2100.86  2073.09  2076.90  2065.89  2069.79  2262.83 
 2044.41  2050.46  2080.68  2096.68  2064.49  2057.96  2082.87  2086.43  2272.24 
 1985.39  2031.10  2077.56  2102.22  2073.34  2060.76  2060.54  2067.11  2265.58 
 2058.96  2051.83  2058.32  2063.91  2069.57  2077.10  2066.92  2080.57  2252.49 
 2013.63  2077.23  2041.58  2089.05  2073.10  2085.52  2054.03  2063.66  2232.92 
 2005.48  2051.11  2077.34  2061.24  2121.23  2092.58  2039.82  2065.58  2285.69 
 1966.47  2054.26  2074.53  2098.26  2083.49  2071.86  2020.71  2073.35  2257.24 
 2003.49  2087.75  2077.01  2080.30  2059.71  2065.75  2090.23  2058.14  2238.98 
 2004.39  2045.98  2095.24  2099.24  2045.27  2064.01  2040.22  2045.90  2245.44 
 2000.24  2084.69  2107.07  2071.21  2072.29  2079.49  2088.27  2050.04  2259.82 
 1995.60  2047.51  2070.45  2068.53  2069.42  2093.34  2014.36  2071.54  2257.50 
 1978.26  2071.15  2078.21  2081.29  2068.76  2061.31  2049.05  2077.74  2228.02 
 1954.38  2045.74  2028.98  2053.67  2104.33  2070.48  2040.79  2043.93  2266.56 
 2005.76  2017.46  2126.95  2095.08  2058.34  2071.66  2070.06  2107.78  2244.91 
 1980.94  2074.98  2023.81  2084.22  2044.42  2048.40  2054.06  2071.65  2281.68 
 2038.55  2060.37  2036.90  2088.28  2070.07  2046.26  2073.30  2089.39  2228.09 
 2010.88  2045.55  2104.39  2115.72  2062.27  2062.43  2044.99  2064.51  2265.40 
 1993.89  2092.15  2080.12  2070.78  2103.43  2060.46  2059.74  2063.03  2272.88 
 1969.23  2001.14  2127.08  2112.00  2100.37  2061.08  2045.69  2069.78  2246.91 
 2013.11  2016.43  2076.80  2087.71  2092.23  2056.44  2040.15  2058.40  2219.94 
 2012.27  2047.59  2087.11  2061.39  2097.60  2076.32  2026.89  2046.19  2245.99 
 2012.42  2083.58  2061.19  2078.36  2072.38  2032.53  2049.84  2048.65  2278.30 
 1958.27  2024.59  2078.75  2109.33  2124.47  2076.57  2041.67  2046.53  2229.25 
 1992.77  2069.58  2046.26  2096.11  2067.42  2064.22  2045.08  2075.11  2223.00 
 2003.84  2064.35  2066.99  2106.87  2057.24  2023.05  2061.09  2056.67  2237.76 
 2016.52  2067.84  2071.07  2130.43  2059.67  2065.12  2094.32  2052.32  2250.08 
 1996.07  2051.23  2084.43  2081.95  2102.73  2051.96  2023.28  2067.85  2239.61 
 2004.15  2106.99  2078.88  2085.31  2077.09  2034.90  2055.78  2076.39  2232.89 
 1984.77  2056.33  2146.35  2104.73  2115.68  2033.35  2029.49  2043.63  2242.21 
 1967.76  2074.31  2103.21  2095.83  2077.29  2067.57  2088.17  2030.30  2250.25 
 1959.39  2069.98  2071.72  2090.07  2076.36  2031.51  2071.31  2065.47  2223.68 
 1978.28  2071.48  2102.19  2068.12  2117.18  2051.36  2057.07  2077.78  2234.16 
 1975.11  2044.96  2071.62  2079.91  2102.30  2048.56  2058.52  2089.77  2270.84 
 2014.44  2034.94  2100.76  2056.46  2086.98  2069.57  2006.01  2062.59  2280.01 
 1983.36  2035.77  2098.85  2076.62  2104.92  2108.48  2027.08  2088.27  2246.29 
 1990.27  2037.34  2056.09  2111.90  2046.13  2086.73  2045.02  2045.73  2268.63 
 2021.66  2076.13  2075.39  2061.30  2089.41  2121.13  2033.77  2046.62  2308.87 
 1990.79  2035.93  2085.94  2081.79  2058.68  2034.74  2042.48  2102.73  2272.67 
 1979.30  2052.62  2100.64  2112.26  2070.35  2040.60  2074.29  2057.30  2232.65 
 1980.58  2082.34  2088.55  2059.77  2068.72  2063.41  2067.29  2037.43  2252.41 
 1994.29  2068.16  2091.76  2052.41  2106.02  2075.45  2051.88  2062.35  2265.28 
 2033.34  2031.47  2109.76  2101.44  2076.39  2054.32  2062.32  2067.24  2259.89 
 2026.12  2056.08  2062.92  2083.50  2085.99  2053.73  2048.56  2061.73  2222.86 
 1943.28  2049.37  2072.13  2097.66  2073.94  2051.16  2055.81  2082.85  2229.46 
 1979.96  2062.58  2063.50  2130.59  2066.65  2059.69  2052.99  2051.10  2258.95 
 2018.47  2066.47  2062.18  2085.27  2090.25  2078.40  2035.88  2062.29  2223.66 
 1986.82  2064.74  2081.63  2069.99  2077.82  2049.37  2028.77  2066.14  2266.34 
 1999.92  2049.66  2084.20  2093.78  2079.97  2035.12  2080.27  2059.02  2274.69 
 1982.88  2069.29  2091.77  2077.95  2059.52  2064.51  2068.92  2069.91  2257.13 
 2011.16  2082.34  2109.02  2115.40  2104.45  2079.43  2056.35  2060.32  2256.09 
 1986.44  2065.78  2087.09  2052.15  2115.39  2076.55  2048.95  2038.78  2245.20 
 2028.72  2031.45  2091.71  2073.10  2087.50  2038.28  2062.20  2100.49  2220.42 
 2029.09  2080.12  2094.43  2055.34  2078.27  2033.68  2052.99  2088.39  2299.17 
 1996.12  2056.74  2101.14  2067.41  2106.41  2075.82  2035.80  2028.76  2233.74 
 2002.37  2046.48  2078.09  2096.99  2078.42  2074.07  2041.79  2052.85  2276.82 
 1948.19  2047.75  2093.53  2085.40  2052.43  2038.46  2039.97  2047.90  2233.46 
 2021.51  2068.24  2100.45  2094.49  2100.15  2059.07  2050.16  2067.58  2238.96 
 1999.37  2037.62  2074.36  2070.63  2109.65  2051.16  2035.44  2079.00  2250.95 
 2010.47  2068.38  2078.12  2055.39  2051.94  2079.02  2057.71  2055.16  2236.31 
 2006.47  2056.43  2076.91  2069.27  2067.62  2043.70  2061.34  2015.05  2251.25 
 2020.62  2071.60  2065.13  2094.01  2075.27  2063.27  2042.44  2064.72  2251.33 
 1990.37  2101.04  2081.81  2064.90  2065.67  2053.52  2067.52  2086.68  2248.43 
 2021.59  2048.62  2081.20  2079.38  2082.61  2038.90  2043.48  2034.51  2246.90 
 1987.15  2054.39  2105.00  2080.14  2101.90  2057.78  2048.85  2044.39  2260.84 
 1981.92  2062.60  2065.45  2045.87  2059.31  2065.45  2046.57  2057.19  2225.23 
 1958.59  2104.91  2103.31  2115.37  2067.68  2081.72  2017.32  2054.20  2281.67 
 2029.05  2056.36  2106.17  2093.25  2059.38  2074.66  2042.54  2079.13  2247.58 
 1987.94  2066.18  2094.90  2054.90  2051.18  2016.53  2049.33  2068.58  2247.42 
 1977.30  2043.88  2085.07  2068.39  2075.79  2071.01  2052.85  2052.23  2245.72 
 2020.45  2056.71  2049.25  2115.63  2070.51  2040.66  2052.74  2033.60  2288.95 
 1963.51  2100.21  2108.32  2106.45  2064.82  2078.58  2047.30  2049.77  2217.05 
 2001.84  2087.19  2089.35  2072.92  2068.44  2082.18  2081.90  2036.86  2203.48 
 1955.58  2092.09  2063.81  2072.71  2064.49  2048.58  2029.88  2023.71  2282.87 
 1983.67  2065.80  2036.51  2067.74  2097.53  2036.15  2081.04  2112.99  2279.81 
 1991.30  2056.57  2056.56  2068.53  2095.62  2036.63  2083.51  2075.95  2286.09 
 1969.34  2073.93  2079.14  2070.95  2069.89  2076.91  2053.81  2065.33  2240.58 
 2018.38  2061.32  2083.16  2077.70  2099.27  2102.67  2053.31  2032.46  2224.52 
 2028.97  2059.01  2049.87  2098.63  2079.12  2088.34  2066.20  2057.05  2206.36 
 1996.93  2029.54  2110.77  2108.60  2086.96  2033.34  2035.62  2045.71  2234.54 
 1988.96  2053.78  2069.49  2031.23  2069.82  2053.38  2043.65  2102.83  2265.18 
 1987.02  2048.02  2099.19  2043.44  2085.91  2031.86  2008.29  2079.46  2252.24 
 2007.28  2043.84  2102.93  2054.69  2069.66  2041.22  2033.67  2069.22  2291.13 
 1977.58  2070.72  2057.11  2067.55  2069.10  2052.34  2044.58  2069.21  2278.67 
 1976.04  2086.12  2094.12  2085.51  2090.97  2063.12  2056.02  2057.77  2246.81 
 2034.78  2043.44  2045.14  2090.62  2103.52  2081.11  2007.03  2062.51  2252.84 
 1988.63  2042.13  2074.03  2091.58  2099.23  2055.99  2047.27  2110.80  2269.17 
 2001.99  2055.38  2038.74  2059.13  2075.82  2059.56  2038.88  2056.55  2237.90 
 1963.31  2092.58  2078.10  2082.99  2046.32  2039.49  2013.80  2080.38  2221.74 
 2031.63  2035.79  2078.89  2098.90  2090.38  2036.90  2048.93  2078.14  2230.82 
 1967.48  2068.44  2070.74  2076.31  2033.29  2071.22  2046.32  2073.74  2268.30 
 1958.81  2063.59  2084.30  2090.47  2084.67  2044.07  2065.61  2102.57  2254.87 
 2004.72  1996.86  2068.89  2084.65  2135.82  2057.65  2042.27  2067.74  2253.27 
 2000.35  2045.25  2103.37  2089.87  2062.80  2072.33  2068.00  2084.38  2260.24 
 2005.48  2042.76  2081.23  2070.96  2084.33  2116.51  2060.36  2058.82  2257.39 
 2007.00  2080.75  2113.05  2095.10  2050.50  2080.33  2011.09  2051.49  2245.07 
 2004.51  2052.06  2043.19  2061.62  2041.90  2070.85  2065.83  2045.86  2276.63 
 2011.78  2063.87  2094.51  2074.49  2064.73  2103.63  2054.47  2100.24  2248.57 
 1983.99  2078.07  2121.72  2089.49  2063.85  2058.49  2040.60  2065.06  2250.05 
 1997.20  2023.28  2082.93  2094.56  2068.61  2079.94  2067.66  2040.26  2275.32 
 2004.41  2022.63  2073.83  2107.07  2049.97  2049.56  2041.63  2054.84  2202.87 
 1996.12  2095.92  2094.59  2088.16  2079.77  2066.55  2030.36  2077.91  2251.12 
 2001.27  2072.56  2079.39  2074.08  2096.84  2071.76  2086.85  2081.54  2266.78 
 1985.38  2064.06  2100.08  2076.82  2067.90  2064.45  2041.99  2067.46  2256.90 
 1973.06  2021.48  2036.04  2063.43  2102.16  2096.83  2053.79  2092.67  2231.02 
 2006.08  2065.21  2081.87  2082.14  2087.78  2069.46  2052.15  2068.79  2273.87 
 1989.63  2069.13  2054.12  2098.88  2080.97  2026.61  2032.07  2083.97  2276.39 
 2006.05  2009.87  2100.48  2088.93  2123.19  2077.34  2066.76  2040.40  2248.15 
 1979.13  2046.13  2088.44  2094.40  2092.11  2082.84  2065.42  2031.39  2299.89 
 2021.31  2071.57  2088.22  2123.64  2090.30  2109.62  2017.82  2063.81  2274.53 
 2004.24  2041.13  2083.48  2117.69  2085.05  2077.04  2050.90  2057.80  2286.31 
 1978.68  2068.73  2097.20  2058.81  2076.10  2064.14  2053.80  2059.47  2266.86 
 1995.68  2057.91  2062.26  2092.76  2074.94  2074.46  2053.83  2068.41  2250.26 
 2000.39  2118.85  2071.20  2086.71  2080.02  2080.98  2032.03  2037.14  2256.05 
 1991.37  2066.95  2081.07  2075.88  2104.60  2054.50  2077.17  2063.36  2244.61 
 1950.96  2034.45  2106.85  2097.97  2069.59  2032.33  2061.14  2049.64  2243.31 
 1988.25  2056.55  2071.72  2069.16  2087.63  2064.55  2047.40  2045.42  2217.04 
 1991.91  2050.66  2091.19  2097.24  2046.96  2098.81  2032.26  2072.15  2240.68 
 1969.13  2057.83  2113.64  2043.37  2088.71  2059.69  2084.18  2067.53  2216.49 
 2010.08  2052.01  2056.27  2064.47  2080.13  2084.10  2049.56  2023.43  2311.33 
 1977.99  2048.23  2100.28  2091.69  2084.75  2089.12  2053.35  2081.38  2242.86 
 1991.00  2027.61  2102.32  2100.00  2121.51  2063.31  2071.66  2050.98  2264.66 
 1982.58  2054.87  2064.43  2116.70  2061.37  2061.25  2047.50  2078.72  2255.72 
 1976.78  2034.30  2079.20  2054.70  2067.46  2068.90  2061.23  2025.33  2228.40 
 1968.38  2070.93  2095.33  2114.51  2083.35  2070.51  2057.13  2022.98  2244.05 
 1983.95  2039.97  2105.98  2082.66  2055.16  2050.16  2089.73  2078.78  2271.74 
 2011.88  2061.94  2043.79  2053.36  2076.60  2080.18  2051.80  2096.05  2231.99 
 2004.37  2048.38  2084.07  2105.35  2072.47  2043.46  2058.11  2054.41  2238.79 
 1972.53  2075.45  2082.79  2086.64  2083.64  2047.70  2058.93  2045.13  2259.29 
 1980.99  2063.52  2083.47  2059.60  2037.22  2067.70  2065.70  2060.36  2261.14 
 1995.79  2024.08  2119.51  2075.16  2112.13  2100.42  2051.43  2078.99  2274.22 
 1990.07  2087.54  2082.67  2060.41  2068.82  2063.05  2044.73  2081.96  2231.20 
 1976.73  2069.09  2110.15  2156.00  2053.53  2069.58  2030.89  2099.20  2242.10 
 2008.82  2081.12  2111.30  2098.13  2067.70  2052.19  2060.50  2055.92  2247.84 
 2024.68  2085.41  2078.16  2070.40  2081.11  2061.33  2053.36  2060.79  2279.65 
 1985.31  2104.22  2110.92  2069.30  2052.44  2065.72  2003.37  2040.75  2239.61 
 1979.29  2044.08  2067.44  2097.36  2039.16  2037.78  2034.99  2052.21  2232.60 
 2015.90  2062.40  2084.63  2100.09  2088.03  2067.29  2071.50  2079.99  2252.44 
 2014.78  2018.26  2115.44  2084.17  2115.22  2054.91  2057.80  2066.11  2220.63 
 2031.86  2064.46  2055.56  2082.85  2083.24  2052.99  2055.24  2079.86  2283.80 
 2009.97  2062.04  2100.21  2100.34  2064.69  2053.08  2026.70  2064.97  2238.53 
 1969.30  2041.33  2086.09  2089.15  2106.78  2048.09  1999.80  2094.33  2257.21 
 1967.54  2037.93  2094.90  2103.67  2100.01  2084.18  2084.54  2053.44  2274.79 
 1961.20  2057.64  2069.93  2074.20  2048.98  2048.53  2051.26  2063.87  2254.09 
 1990.93  2016.55  2085.28  2078.80  2080.66  2084.30  2058.26  2081.99  2206.47 
 2008.19  2037.92  2073.57  2061.51  2071.63  2084.91  2096.94  2057.65  2238.06 
 1991.16  2053.29  2083.98  2082.49  2082.67  2072.43  2051.66  2075.88  2229.29 
 2020.62  2033.41  2049.91  2052.02  2063.78  2056.10  2022.94  2045.07  2229.44 
 1983.62  2023.72  2083.29  2077.98  2046.70  2051.47  2025.26  2042.72  2220.46 
 2006.05  2047.91  2065.01  2061.98  2075.95  2049.28  2061.93  2059.37  2249.35 
 1972.93  2030.98  2070.54  2114.23  2050.51  2078.96  2050.78  2060.39  2231.55 
 1943.34  2069.24  2043.82  2055.78  2057.74  2012.77  2028.55  2073.96  2279.59 
 1998.24  2041.63  2107.60  2009.73  2086.68  2047.94  2065.61  2027.03  2244.35 
 1980.25  2045.81  2068.36  2081.82  2069.53  2052.24  2021.57  2072.12  2227.01 
 1999.26  2060.57  2073.84  2049.16  2068.29  2075.29  2073.86  2082.59  2233.97 
 2022.03  2071.23  2114.63  2065.02  2111.29  2044.70  2037.10  2027.09  2258.47 
 1985.65  2087.80  2079.20  2077.15  2038.04  2067.28  2086.56  2076.93  2234.22 
 1974.34  2070.10  2111.00  2074.31  2071.20  2035.86  2022.30  2077.80  2240.20 
 1997.49  2058.54  2096.54  2113.45  2088.91  2065.21  2063.32  2091.77  2230.01 
 1974.13  2071.57  2101.59  2075.39  2059.90  2040.30  2035.84  2044.84  2219.33 
 1991.06  2021.04  2094.59  2122.62  2070.72  2079.91  2015.82  2060.29  2244.99 
 2008.08  2039.74  2076.58  2136.00  2087.34  2042.03  2045.67  2088.87  2248.26 
 1946.82  2053.81  2087.14  2098.80  2045.54  2090.71  2024.93  2064.99  2271.84 
 2027.20  2051.07  2100.43  2078.17  2089.37  2089.54  2074.89  2074.89  2247.21 
 1975.59  2030.07  2038.68  2114.30  2074.10  2050.08  2019.58  2074.58  2233.55 
 1978.53  2078.09  2103.96  2101.72  2079.21  2066.61  2067.20  2060.26  2318.49 
 1987.64  2092.28  2054.99  2097.43  2061.68  2057.12  2078.37  2046.77  2237.91 
 1984.30  2024.76  2070.87  2060.97  2104.72  2065.77  2046.43  2027.49  2246.69 
 1995.24  2034.76  2071.31  2039.46  2047.11  2075.99  2072.52  2063.97  2262.64 
 2018.67  2038.59  2094.79  2106.29  2104.93  2039.60  2066.72  2033.86  2241.81 
 2040.33  2085.92  2085.54  2093.78  2100.77  2022.88  2034.03  2012.50  2244.73 
 1972.77  2043.56  2064.63  2070.61  2092.18  2063.74  2050.67  2101.32  2251.72 
 2016.51  2066.10  2080.84  2050.00  2081.95  2083.21  1989.77  2062.57  2220.81 
 1988.05  2072.98  2075.37  2094.19  2093.80  2072.43  2036.28  2062.97  2255.72 
 1965.93  2041.17  2090.26  2093.27  2101.89  2033.52  2049.33  2051.45  2274.68 
 1990.09  2065.94  2102.69  2060.05  2076.36  2055.60  2019.24  2068.70  2233.21 
 1991.89  2052.19  2047.31  2054.16  2063.48  2016.87  2044.77  2080.15  2212.95 
 2006.07  2041.80  2058.02  2067.06  2086.13  2028.27  2033.76  2042.59  2253.43 
 1993.50  2066.80  2036.51  2094.21  2074.17  2092.86  2060.86  2083.73  2250.02 
 2005.28  2032.51  2060.42  2062.04  2083.98  2053.95  2040.66  2076.37  2255.21 
 1976.93  2070.04  2067.90  2076.99  2097.03  2050.89  2018.20  2038.65  2250.00 
 1970.19  2065.20  2080.83  2067.75  2107.01  2027.31  2041.79  2079.28  2260.23 
 1968.56  2064.39  2065.89  2072.39  2101.27  2050.98  2049.72  2084.62  2283.35 
 2007.40  2030.81  2092.45  2071.89  2067.49  2052.40  2068.85  2083.21  2248.68 
 1975.17  2007.79  2044.77  2070.63  2096.43  2049.96  2058.64  2048.28  2296.34 
 1986.26  2068.37  2111.17  2076.33  2052.88  2081.13  2029.31  2061.64  2230.41 
 2024.96  2068.97  2071.79  2072.06  2111.80  2082.14  2051.46  2088.92  2246.26 
 1959.61  2036.99  2074.79  2064.95  2097.88  2059.95  2036.38  2040.47  2251.07 
 1981.47  2032.07  2033.96  2064.17  2112.50  2045.54  2041.73  2075.05  2264.29 
 1986.29  2022.70  2094.98  2077.72  2129.47  2019.78  2048.79  2051.45  2239.98 
 1979.29  2042.25  2046.65  2120.97  2103.01  2065.73  2024.97  2037.55  2233.92 
 2017.45  2055.69  2085.39  2073.72  2043.86  2044.06  2040.03  2063.74  2248.96 
 2027.34  2079.93  2071.21  2101.41  2077.69  2060.77  2082.61  2037.25  2237.35 
 1990.09  2080.43  2085.10  2086.01  2080.08  2061.39  2062.16  2066.94  2251.61 
 2016.39  2055.60  2086.10  2053.45  2103.20  2035.45  2020.63  2078.46  2249.69 
 1993.26  2076.41  2123.97  2060.99  2107.52  2050.62  2072.53  2039.34  2221.50 
 2009.28  2009.85  2083.38  2077.92  2095.28  2081.17  2022.50  2071.39  2234.69 
 2007.85  2065.19  2093.24  2067.20  2043.24  2084.53  2039.53  2077.57  2216.72 
 1988.74  2045.47  2076.34  2088.27  2095.41  2092.90  2064.87  2074.94  2268.58 
 1970.71  2055.38  2052.98  2098.58  2092.97  2048.89  2044.42  2054.68  2229.64 
 1969.38  2007.22  2087.48  2128.50  2054.21  2080.12  2037.51  2054.77  2237.07 
 1993.47  2065.73  2095.01  2067.30  2054.31  2052.25  2055.82  2074.68  2254.34 
 1998.79  2081.20  2049.84  2089.84  2080.07  2066.05  2011.65  2054.55  2249.72 
 2007.56  2062.62  2110.07  2085.82  2042.78  2028.03  1984.05  2040.70  2236.40 
 2032.94  2070.73  2079.52  2084.33  2064.35  2062.37  2036.56  2038.50  2173.34 
 1984.46  2066.59  2049.94  2093.12  2070.58  2058.09  2069.97  2047.51  2218.56 
 2026.58  2063.23  2058.53  2064.70  2081.39  2110.35  2039.16  2104.21  2298.72 
 2039.47  2032.11  2089.59  2065.61  2043.74  2050.78  2035.17  2047.17  2231.11 
 1959.63  2021.73  2054.50  2046.42  2072.57  2076.76  2043.47  2065.55  2225.46 
 1977.68  2028.11  2057.50  2084.17  2079.83  2069.16  2069.03  2063.28  2214.69 
 1996.13  2054.47  2051.61  2075.53  2054.06  2061.55  2027.10  2043.90  2253.09 
 2002.92  2039.95  2116.04  2043.33  2048.90  2045.93  2030.14  2048.34  2255.98 
 1979.62  2046.36  2053.68  2058.24  2048.50  2080.48  1995.82  2069.25  2224.68 
 1998.72  2041.89  2063.97  2058.01  2066.07  2029.88  2079.94  2084.37  2251.98 
